%YAML:1.0
---
infos:
   -
      angle: 0.
      scale: 6.0000002384185791e-01
   -
      angle: 78.
      scale: 6.0000002384185791e-01
   -
      angle: 174.
      scale: 6.0000002384185791e-01
   -
      angle: 254.
      scale: 6.0000002384185791e-01
   -
      angle: 360.
      scale: 6.0000002384185791e-01
   -
      angle: 0.
      scale: 7.0000004768371582e-01
   -
      angle: 2.
      scale: 7.0000004768371582e-01
   -
      angle: 4.
      scale: 7.0000004768371582e-01
   -
      angle: 6.
      scale: 7.0000004768371582e-01
   -
      angle: 8.
      scale: 7.0000004768371582e-01
   -
      angle: 10.
      scale: 7.0000004768371582e-01
   -
      angle: 12.
      scale: 7.0000004768371582e-01
   -
      angle: 14.
      scale: 7.0000004768371582e-01
   -
      angle: 16.
      scale: 7.0000004768371582e-01
   -
      angle: 18.
      scale: 7.0000004768371582e-01
   -
      angle: 20.
      scale: 7.0000004768371582e-01
   -
      angle: 22.
      scale: 7.0000004768371582e-01
   -
      angle: 26.
      scale: 7.0000004768371582e-01
   -
      angle: 28.
      scale: 7.0000004768371582e-01
   -
      angle: 30.
      scale: 7.0000004768371582e-01
   -
      angle: 34.
      scale: 7.0000004768371582e-01
   -
      angle: 36.
      scale: 7.0000004768371582e-01
   -
      angle: 42.
      scale: 7.0000004768371582e-01
   -
      angle: 44.
      scale: 7.0000004768371582e-01
   -
      angle: 48.
      scale: 7.0000004768371582e-01
   -
      angle: 50.
      scale: 7.0000004768371582e-01
   -
      angle: 54.
      scale: 7.0000004768371582e-01
   -
      angle: 56.
      scale: 7.0000004768371582e-01
   -
      angle: 60.
      scale: 7.0000004768371582e-01
   -
      angle: 62.
      scale: 7.0000004768371582e-01
   -
      angle: 66.
      scale: 7.0000004768371582e-01
   -
      angle: 70.
      scale: 7.0000004768371582e-01
   -
      angle: 72.
      scale: 7.0000004768371582e-01
   -
      angle: 74.
      scale: 7.0000004768371582e-01
   -
      angle: 76.
      scale: 7.0000004768371582e-01
   -
      angle: 78.
      scale: 7.0000004768371582e-01
   -
      angle: 80.
      scale: 7.0000004768371582e-01
   -
      angle: 82.
      scale: 7.0000004768371582e-01
   -
      angle: 84.
      scale: 7.0000004768371582e-01
   -
      angle: 86.
      scale: 7.0000004768371582e-01
   -
      angle: 88.
      scale: 7.0000004768371582e-01
   -
      angle: 90.
      scale: 7.0000004768371582e-01
   -
      angle: 92.
      scale: 7.0000004768371582e-01
   -
      angle: 94.
      scale: 7.0000004768371582e-01
   -
      angle: 96.
      scale: 7.0000004768371582e-01
   -
      angle: 98.
      scale: 7.0000004768371582e-01
   -
      angle: 100.
      scale: 7.0000004768371582e-01
   -
      angle: 102.
      scale: 7.0000004768371582e-01
   -
      angle: 104.
      scale: 7.0000004768371582e-01
   -
      angle: 106.
      scale: 7.0000004768371582e-01
   -
      angle: 112.
      scale: 7.0000004768371582e-01
   -
      angle: 114.
      scale: 7.0000004768371582e-01
   -
      angle: 116.
      scale: 7.0000004768371582e-01
   -
      angle: 118.
      scale: 7.0000004768371582e-01
   -
      angle: 120.
      scale: 7.0000004768371582e-01
   -
      angle: 122.
      scale: 7.0000004768371582e-01
   -
      angle: 126.
      scale: 7.0000004768371582e-01
   -
      angle: 130.
      scale: 7.0000004768371582e-01
   -
      angle: 132.
      scale: 7.0000004768371582e-01
   -
      angle: 134.
      scale: 7.0000004768371582e-01
   -
      angle: 140.
      scale: 7.0000004768371582e-01
   -
      angle: 142.
      scale: 7.0000004768371582e-01
   -
      angle: 148.
      scale: 7.0000004768371582e-01
   -
      angle: 150.
      scale: 7.0000004768371582e-01
   -
      angle: 154.
      scale: 7.0000004768371582e-01
   -
      angle: 158.
      scale: 7.0000004768371582e-01
   -
      angle: 160.
      scale: 7.0000004768371582e-01
   -
      angle: 164.
      scale: 7.0000004768371582e-01
   -
      angle: 166.
      scale: 7.0000004768371582e-01
   -
      angle: 168.
      scale: 7.0000004768371582e-01
   -
      angle: 170.
      scale: 7.0000004768371582e-01
   -
      angle: 172.
      scale: 7.0000004768371582e-01
   -
      angle: 174.
      scale: 7.0000004768371582e-01
   -
      angle: 176.
      scale: 7.0000004768371582e-01
   -
      angle: 178.
      scale: 7.0000004768371582e-01
   -
      angle: 180.
      scale: 7.0000004768371582e-01
   -
      angle: 182.
      scale: 7.0000004768371582e-01
   -
      angle: 184.
      scale: 7.0000004768371582e-01
   -
      angle: 186.
      scale: 7.0000004768371582e-01
   -
      angle: 188.
      scale: 7.0000004768371582e-01
   -
      angle: 190.
      scale: 7.0000004768371582e-01
   -
      angle: 192.
      scale: 7.0000004768371582e-01
   -
      angle: 196.
      scale: 7.0000004768371582e-01
   -
      angle: 198.
      scale: 7.0000004768371582e-01
   -
      angle: 200.
      scale: 7.0000004768371582e-01
   -
      angle: 202.
      scale: 7.0000004768371582e-01
   -
      angle: 204.
      scale: 7.0000004768371582e-01
   -
      angle: 206.
      scale: 7.0000004768371582e-01
   -
      angle: 208.
      scale: 7.0000004768371582e-01
   -
      angle: 212.
      scale: 7.0000004768371582e-01
   -
      angle: 214.
      scale: 7.0000004768371582e-01
   -
      angle: 224.
      scale: 7.0000004768371582e-01
   -
      angle: 228.
      scale: 7.0000004768371582e-01
   -
      angle: 230.
      scale: 7.0000004768371582e-01
   -
      angle: 242.
      scale: 7.0000004768371582e-01
   -
      angle: 244.
      scale: 7.0000004768371582e-01
   -
      angle: 246.
      scale: 7.0000004768371582e-01
   -
      angle: 248.
      scale: 7.0000004768371582e-01
   -
      angle: 250.
      scale: 7.0000004768371582e-01
   -
      angle: 252.
      scale: 7.0000004768371582e-01
   -
      angle: 254.
      scale: 7.0000004768371582e-01
   -
      angle: 256.
      scale: 7.0000004768371582e-01
   -
      angle: 258.
      scale: 7.0000004768371582e-01
   -
      angle: 260.
      scale: 7.0000004768371582e-01
   -
      angle: 262.
      scale: 7.0000004768371582e-01
   -
      angle: 264.
      scale: 7.0000004768371582e-01
   -
      angle: 266.
      scale: 7.0000004768371582e-01
   -
      angle: 268.
      scale: 7.0000004768371582e-01
   -
      angle: 270.
      scale: 7.0000004768371582e-01
   -
      angle: 272.
      scale: 7.0000004768371582e-01
   -
      angle: 274.
      scale: 7.0000004768371582e-01
   -
      angle: 276.
      scale: 7.0000004768371582e-01
   -
      angle: 278.
      scale: 7.0000004768371582e-01
   -
      angle: 280.
      scale: 7.0000004768371582e-01
   -
      angle: 282.
      scale: 7.0000004768371582e-01
   -
      angle: 284.
      scale: 7.0000004768371582e-01
   -
      angle: 286.
      scale: 7.0000004768371582e-01
   -
      angle: 288.
      scale: 7.0000004768371582e-01
   -
      angle: 290.
      scale: 7.0000004768371582e-01
   -
      angle: 292.
      scale: 7.0000004768371582e-01
   -
      angle: 294.
      scale: 7.0000004768371582e-01
   -
      angle: 296.
      scale: 7.0000004768371582e-01
   -
      angle: 300.
      scale: 7.0000004768371582e-01
   -
      angle: 302.
      scale: 7.0000004768371582e-01
   -
      angle: 306.
      scale: 7.0000004768371582e-01
   -
      angle: 308.
      scale: 7.0000004768371582e-01
   -
      angle: 312.
      scale: 7.0000004768371582e-01
   -
      angle: 314.
      scale: 7.0000004768371582e-01
   -
      angle: 316.
      scale: 7.0000004768371582e-01
   -
      angle: 318.
      scale: 7.0000004768371582e-01
   -
      angle: 320.
      scale: 7.0000004768371582e-01
   -
      angle: 322.
      scale: 7.0000004768371582e-01
   -
      angle: 324.
      scale: 7.0000004768371582e-01
   -
      angle: 332.
      scale: 7.0000004768371582e-01
   -
      angle: 334.
      scale: 7.0000004768371582e-01
   -
      angle: 338.
      scale: 7.0000004768371582e-01
