%YAML:1.0
---
class_id: "back0warp99.png"
pyramid_levels: 2
template_pyramids:
   -
      template_id: 0
      templates:
         -
            width: 97
            height: 155
            tl_x: 100
            tl_y: 106
            pyramid_level: 0
            features:
               - [ 12, 35, 3 ]
               - [ 50, 17, 3 ]
               - [ 28, 155, 4 ]
               - [ 64, 150, 4 ]
               - [ 84, 1, 3 ]
               - [ 5, 143, 0 ]
               - [ 1, 70, 0 ]
               - [ 94, 72, 0 ]
               - [ 92, 101, 0 ]
               - [ 90, 129, 0 ]
               - [ 3, 97, 0 ]
               - [ 97, 23, 0 ]
               - [ 44, 52, 1 ]
               - [ 77, 53, 5 ]
               - [ 71, 89, 0 ]
         -
            width: 48
            height: 77
            tl_x: 50
            tl_y: 53
            pyramid_level: 1
            features:
               - [ 24, 76, 4 ]
               - [ 26, 8, 3 ]
               - [ 48, 19, 0 ]
               - [ 46, 50, 0 ]
               - [ 1, 40, 0 ]
               - [ 2, 67, 0 ]
               - [ 7, 17, 3 ]
   -
      template_id: 1
      templates:
         -
            width: 97
            height: 162
            tl_x: 98
            tl_y: 102
            pyramid_level: 0
            features:
               - [ 6, 102, 0 ]
               - [ 14, 159, 0 ]
               - [ 66, 154, 3 ]
               - [ 1, 63, 0 ]
               - [ 83, 0, 3 ]
               - [ 49, 20, 3 ]
               - [ 97, 140, 0 ]
               - [ 96, 108, 0 ]
               - [ 94, 29, 0 ]
               - [ 95, 59, 0 ]
               - [ 63, 56, 3 ]
               - [ 16, 129, 7 ]
               - [ 29, 72, 3 ]
               - [ 25, 34, 3 ]
               - [ 74, 91, 0 ]
         -
            width: 48
            height: 81
            tl_x: 49
            tl_y: 51
            pyramid_level: 1
            features:
               - [ 15, 81, 3 ]
               - [ 2, 43, 0 ]
               - [ 47, 12, 0 ]
               - [ 48, 52, 0 ]
               - [ 41, 75, 3 ]
               - [ 9, 19, 3 ]
               - [ 29, 24, 1 ]
   -
      template_id: 2
      templates:
         -
            width: 98
            height: 157
            tl_x: 102
            tl_y: 106
            pyramid_level: 0
            features:
               - [ 17, 157, 0 ]
               - [ 0, 83, 0 ]
               - [ 9, 123, 0 ]
               - [ 98, 132, 0 ]
               - [ 89, 52, 0 ]
               - [ 57, 152, 3 ]
               - [ 5, 41, 2 ]
               - [ 93, 86, 0 ]
               - [ 36, 19, 2 ]
               - [ 63, 0, 2 ]
               - [ 85, 17, 0 ]
               - [ 57, 51, 3 ]
               - [ 71, 74, 0 ]
               - [ 30, 68, 3 ]
               - [ 85, 111, 1 ]
         -
            width: 49
            height: 78
            tl_x: 51
            tl_y: 53
            pyramid_level: 1
            features:
               - [ 0, 42, 7 ]
               - [ 44, 71, 3 ]
               - [ 8, 76, 7 ]
               - [ 43, 13, 0 ]
               - [ 46, 39, 0 ]
               - [ 20, 8, 2 ]
               - [ 2, 21, 2 ]
   -
      template_id: 3
      templates:
         -
            width: 103
            height: 172
            tl_x: 102
            tl_y: 96
            pyramid_level: 0
            features:
               - [ 1, 98, 7 ]
               - [ 25, 172, 7 ]
               - [ 13, 135, 7 ]
               - [ 93, 90, 7 ]
               - [ 103, 139, 7 ]
               - [ 87, 59, 7 ]
               - [ 63, 161, 3 ]
               - [ 80, 26, 7 ]
               - [ 15, 44, 2 ]
               - [ 36, 26, 2 ]
               - [ 67, 0, 2 ]
               - [ 49, 50, 0 ]
               - [ 88, 116, 0 ]
               - [ 31, 79, 3 ]
               - [ 71, 79, 0 ]
         -
            width: 51
            height: 86
            tl_x: 51
            tl_y: 48
            pyramid_level: 1
            features:
               - [ 51, 67, 0 ]
               - [ 42, 22, 0 ]
               - [ 0, 47, 7 ]
               - [ 10, 78, 7 ]
               - [ 17, 14, 2 ]
               - [ 36, 47, 7 ]
               - [ 33, 80, 3 ]
   -
      template_id: 4
      templates:
         -
            width: 113
            height: 162
            tl_x: 96
            tl_y: 106
            pyramid_level: 0
            features:
               - [ 38, 162, 7 ]
               - [ 15, 108, 7 ]
               - [ 1, 75, 7 ]
               - [ 99, 75, 7 ]
               - [ 113, 123, 7 ]
               - [ 69, 153, 3 ]
               - [ 86, 31, 7 ]
               - [ 77, 0, 7 ]
               - [ 44, 10, 2 ]
               - [ 22, 32, 2 ]
               - [ 40, 56, 0 ]
               - [ 33, 134, 6 ]
               - [ 89, 133, 2 ]
               - [ 78, 56, 1 ]
               - [ 106, 99, 7 ]
         -
            width: 56
            height: 81
            tl_x: 48
            tl_y: 53
            pyramid_level: 1
            features:
               - [ 16, 74, 7 ]
               - [ 54, 53, 7 ]
               - [ 47, 29, 7 ]
               - [ 22, 5, 2 ]
               - [ 41, 73, 3 ]
               - [ 2, 25, 2 ]
               - [ 10, 46, 0 ]
   -
      template_id: 5
      templates:
         -
            width: 115
            height: 176
            tl_x: 92
            tl_y: 90
            pyramid_level: 0
            features:
               - [ 14, 112, 7 ]
               - [ 41, 163, 7 ]
               - [ 115, 118, 7 ]
               - [ 103, 88, 7 ]
               - [ 80, 29, 7 ]
               - [ 80, 167, 3 ]
               - [ 111, 147, 3 ]
               - [ 91, 57, 7 ]
               - [ 20, 54, 2 ]
               - [ 45, 24, 2 ]
               - [ 1, 77, 2 ]
               - [ 64, 1, 2 ]
               - [ 42, 71, 0 ]
               - [ 29, 130, 7 ]
               - [ 51, 47, 7 ]
               - [ 80, 85, 0 ]
         -
            width: 57
            height: 88
            tl_x: 46
            tl_y: 45
            pyramid_level: 1
            features:
               - [ 10, 27, 2 ]
               - [ 43, 22, 7 ]
               - [ 57, 58, 7 ]
               - [ 24, 88, 7 ]
               - [ 47, 79, 3 ]
               - [ 13, 53, 0 ]
               - [ 25, 9, 2 ]
   -
      template_id: 6
      templates:
         -
            width: 115
            height: 169
            tl_x: 98
            tl_y: 100
            pyramid_level: 0
            features:
               - [ 51, 169, 7 ]
               - [ 10, 106, 7 ]
               - [ 111, 103, 7 ]
               - [ 75, 159, 2 ]
               - [ 30, 137, 7 ]
               - [ 82, 45, 7 ]
               - [ 97, 75, 7 ]
               - [ 115, 128, 2 ]
               - [ 68, 17, 7 ]
               - [ 0, 63, 2 ]
               - [ 25, 27, 2 ]
               - [ 43, 1, 2 ]
               - [ 35, 65, 7 ]
               - [ 88, 137, 3 ]
               - [ 73, 73, 7 ]
               - [ 58, 50, 3 ]
         -
            width: 57
            height: 84
            tl_x: 49
            tl_y: 50
            pyramid_level: 1
            features:
               - [ 3, 27, 2 ]
               - [ 55, 66, 2 ]
               - [ 24, 82, 7 ]
               - [ 22, 0, 2 ]
               - [ 41, 22, 7 ]
               - [ 11, 53, 0 ]
               - [ 52, 44, 7 ]
   -
      template_id: 7
      templates:
         -
            width: 124
            height: 166
            tl_x: 94
            tl_y: 102
            pyramid_level: 0
            features:
               - [ 4, 92, 6 ]
               - [ 62, 166, 6 ]
               - [ 26, 120, 6 ]
               - [ 124, 108, 7 ]
               - [ 91, 54, 7 ]
               - [ 108, 82, 7 ]
               - [ 58, 0, 7 ]
               - [ 96, 145, 2 ]
               - [ 74, 26, 7 ]
               - [ 42, 141, 6 ]
               - [ 4, 63, 1 ]
               - [ 21, 33, 1 ]
               - [ 38, 66, 7 ]
               - [ 81, 79, 6 ]
               - [ 60, 47, 3 ]
