%YAML:1.0
---
class_id: "back0warp81.png"
pyramid_levels: 2
template_pyramids:
   -
      template_id: 0
      templates:
         -
            width: 90
            height: 113
            tl_x: 100
            tl_y: 104
            pyramid_level: 0
            features:
               - [ 72, 4, 1 ]
               - [ 52, 12, 1 ]
               - [ 85, 102, 1 ]
               - [ 33, 20, 5 ]
               - [ 85, 45, 1 ]
               - [ 84, 71, 7 ]
               - [ 47, 111, 3 ]
               - [ 18, 105, 6 ]
               - [ 63, 112, 5 ]
               - [ 65, 17, 2 ]
               - [ 77, 23, 5 ]
               - [ 90, 32, 6 ]
               - [ 1, 70, 0 ]
               - [ 1, 48, 0 ]
               - [ 47, 24, 5 ]
               - [ 9, 93, 7 ]
               - [ 19, 21, 3 ]
               - [ 59, 1, 2 ]
               - [ 8, 30, 2 ]
               - [ 75, 113, 3 ]
               - [ 4, 82, 7 ]
         -
            width: 45
            height: 56
            tl_x: 50
            tl_y: 52
            pyramid_level: 1
            features:
               - [ 26, 6, 1 ]
               - [ 45, 46, 1 ]
               - [ 43, 22, 1 ]
               - [ 5, 47, 7 ]
               - [ 32, 56, 5 ]
               - [ 2, 19, 1 ]
               - [ 37, 11, 4 ]
               - [ 22, 56, 3 ]
               - [ 41, 32, 0 ]
               - [ 9, 11, 3 ]
   -
      template_id: 1
      templates:
         -
            width: 93
            height: 111
            tl_x: 100
            tl_y: 106
            pyramid_level: 0
            features:
               - [ 93, 87, 1 ]
               - [ 84, 40, 1 ]
               - [ 48, 11, 1 ]
               - [ 70, 18, 4 ]
               - [ 67, 2, 0 ]
               - [ 29, 111, 6 ]
               - [ 85, 65, 7 ]
               - [ 34, 20, 4 ]
               - [ 18, 101, 6 ]
               - [ 51, 109, 3 ]
               - [ 83, 106, 2 ]
               - [ 1, 45, 0 ]
               - [ 67, 108, 4 ]
               - [ 4, 78, 7 ]
               - [ 10, 90, 7 ]
               - [ 14, 23, 2 ]
               - [ 88, 26, 6 ]
               - [ 53, 23, 3 ]
               - [ 53, 0, 2 ]
               - [ 5, 33, 1 ]
         -
            width: 46
            height: 55
            tl_x: 50
            tl_y: 53
            pyramid_level: 1
            features:
               - [ 14, 55, 6 ]
               - [ 44, 49, 1 ]
               - [ 42, 20, 1 ]
               - [ 17, 10, 4 ]
               - [ 32, 54, 4 ]
               - [ 5, 45, 7 ]
               - [ 33, 3, 1 ]
               - [ 42, 31, 7 ]
               - [ 1, 21, 1 ]
               - [ 39, 10, 5 ]
   -
      template_id: 2
      templates:
         -
            width: 96
            height: 121
            tl_x: 100
            tl_y: 98
            pyramid_level: 0
            features:
               - [ 44, 24, 0 ]
               - [ 60, 115, 3 ]
               - [ 96, 90, 1 ]
               - [ 86, 70, 7 ]
               - [ 35, 121, 6 ]
               - [ 64, 25, 4 ]
               - [ 91, 104, 1 ]
               - [ 27, 29, 4 ]
               - [ 86, 37, 1 ]
               - [ 62, 11, 1 ]
               - [ 55, 1, 2 ]
               - [ 17, 106, 6 ]
               - [ 4, 84, 7 ]
               - [ 72, 114, 4 ]
               - [ 0, 62, 0 ]
               - [ 9, 36, 2 ]
               - [ 81, 52, 0 ]
               - [ 2, 49, 1 ]
               - [ 75, 25, 5 ]
               - [ 50, 120, 2 ]
         -
            width: 48
            height: 60
            tl_x: 50
            tl_y: 49
            pyramid_level: 1
            features:
               - [ 48, 45, 1 ]
               - [ 14, 58, 6 ]
               - [ 31, 5, 0 ]
               - [ 41, 24, 1 ]
               - [ 29, 58, 3 ]
               - [ 1, 25, 1 ]
               - [ 5, 48, 7 ]
               - [ 18, 15, 4 ]
               - [ 43, 56, 2 ]
               - [ 39, 13, 5 ]
   -
      template_id: 3
      templates:
         -
            width: 98
            height: 121
            tl_x: 100
            tl_y: 98
            pyramid_level: 0
            features:
               - [ 63, 23, 3 ]
               - [ 41, 25, 7 ]
               - [ 91, 107, 2 ]
               - [ 57, 1, 7 ]
               - [ 98, 86, 0 ]
               - [ 64, 114, 3 ]
               - [ 81, 41, 1 ]
               - [ 21, 31, 4 ]
               - [ 39, 121, 5 ]
               - [ 76, 112, 4 ]
               - [ 87, 67, 6 ]
               - [ 27, 114, 6 ]
               - [ 57, 13, 0 ]
               - [ 80, 26, 6 ]
               - [ 6, 87, 7 ]
               - [ 44, 7, 1 ]
               - [ 5, 42, 1 ]
               - [ 0, 62, 0 ]
               - [ 15, 102, 6 ]
               - [ 82, 58, 7 ]
         -
            width: 49
            height: 60
            tl_x: 50
            tl_y: 49
            pyramid_level: 1
            features:
               - [ 49, 43, 0 ]
               - [ 41, 19, 1 ]
               - [ 38, 56, 4 ]
               - [ 15, 58, 5 ]
               - [ 21, 6, 1 ]
               - [ 6, 49, 6 ]
               - [ 9, 16, 3 ]
               - [ 0, 31, 0 ]
               - [ 43, 33, 6 ]
               - [ 34, 11, 4 ]
   -
      template_id: 4
      templates:
         -
            width: 100
            height: 118
            tl_x: 100
            tl_y: 98
            pyramid_level: 0
            features:
               - [ 59, 22, 3 ]
               - [ 52, 1, 7 ]
               - [ 37, 23, 0 ]
               - [ 79, 39, 0 ]
               - [ 100, 82, 0 ]
               - [ 67, 113, 3 ]
               - [ 21, 33, 4 ]
               - [ 98, 94, 1 ]
               - [ 36, 118, 5 ]
               - [ 81, 109, 4 ]
               - [ 94, 68, 5 ]
               - [ 78, 24, 5 ]
               - [ 1, 71, 7 ]
               - [ 8, 90, 7 ]
               - [ 38, 10, 1 ]
               - [ 82, 56, 7 ]
               - [ 3, 47, 1 ]
               - [ 23, 109, 6 ]
               - [ 47, 29, 2 ]
               - [ 94, 104, 1 ]
               - [ 11, 37, 2 ]
         -
            width: 50
            height: 59
            tl_x: 50
            tl_y: 49
            pyramid_level: 1
            features:
               - [ 49, 47, 1 ]
               - [ 18, 59, 5 ]
               - [ 40, 17, 1 ]
               - [ 38, 55, 4 ]
               - [ 14, 16, 4 ]
               - [ 19, 5, 1 ]
               - [ 0, 30, 0 ]
               - [ 44, 32, 6 ]
               - [ 30, 11, 3 ]
               - [ 9, 52, 6 ]
   -
      template_id: 5
      templates:
         -
            width: 101
            height: 117
            tl_x: 100
            tl_y: 100
            pyramid_level: 0
            features:
               - [ 47, 0, 7 ]
               - [ 58, 18, 3 ]
               - [ 34, 24, 7 ]
               - [ 73, 108, 3 ]
               - [ 101, 85, 0 ]
               - [ 98, 97, 1 ]
               - [ 77, 33, 0 ]
               - [ 16, 34, 3 ]
               - [ 42, 117, 5 ]
               - [ 85, 104, 3 ]
               - [ 87, 58, 6 ]
               - [ 76, 20, 5 ]
               - [ 47, 17, 1 ]
               - [ 2, 73, 7 ]
               - [ 34, 8, 1 ]
               - [ 29, 110, 6 ]
               - [ 11, 92, 7 ]
               - [ 2, 48, 1 ]
               - [ 78, 44, 7 ]
               - [ 101, 75, 0 ]
               - [ 0, 58, 0 ]
               - [ 17, 100, 6 ]
         -
            width: 50
            height: 58
            tl_x: 50
            tl_y: 50
            pyramid_level: 1
            features:
               - [ 24, 3, 0 ]
               - [ 20, 58, 5 ]
               - [ 42, 52, 3 ]
               - [ 50, 45, 0 ]
               - [ 8, 17, 3 ]
               - [ 7, 48, 6 ]
               - [ 39, 22, 7 ]
               - [ 0, 30, 0 ]
               - [ 35, 9, 5 ]
               - [ 17, 10, 0 ]
   -
      template_id: 6
      templates:
         -
            width: 103
            height: 116
            tl_x: 100
            tl_y: 104
