%YAML:1.0
---
class_id: "back0warp131.png"
pyramid_levels: 2
template_pyramids:
   -
      template_id: 0
      templates:
         -
            width: 74
            height: 90
            tl_x: 100
            tl_y: 100
            pyramid_level: 0
            features:
               - [ 7, 45, 7 ]
               - [ 2, 29, 7 ]
               - [ 48, 85, 6 ]
               - [ 62, 12, 1 ]
               - [ 22, 70, 6 ]
               - [ 74, 42, 7 ]
               - [ 32, 79, 5 ]
               - [ 60, 28, 5 ]
               - [ 16, 62, 7 ]
               - [ 23, 4, 5 ]
               - [ 72, 77, 7 ]
               - [ 31, 10, 6 ]
               - [ 68, 90, 2 ]
               - [ 43, 12, 1 ]
               - [ 68, 57, 1 ]
               - [ 1, 19, 0 ]
               - [ 57, 3, 4 ]
               - [ 3, 7, 1 ]
               - [ 11, 1, 4 ]
               - [ 68, 68, 7 ]
               - [ 48, 20, 5 ]
         -
            width: 37
            height: 45
            tl_x: 50
            tl_y: 50
            pyramid_level: 1
            features:
               - [ 12, 36, 6 ]
               - [ 3, 21, 7 ]
               - [ 26, 44, 6 ]
               - [ 13, 3, 6 ]
               - [ 34, 17, 6 ]
               - [ 34, 34, 7 ]
               - [ 1, 5, 1 ]
               - [ 31, 6, 1 ]
               - [ 22, 5, 1 ]
               - [ 7, 29, 7 ]
               - [ 34, 45, 2 ]
               - [ 36, 26, 2 ]
   -
      template_id: 1
      templates:
         -
            width: 76
            height: 88
            tl_x: 98
            tl_y: 102
            pyramid_level: 0
            features:
               - [ 9, 46, 7 ]
               - [ 61, 8, 0 ]
               - [ 25, 68, 6 ]
               - [ 64, 88, 5 ]
               - [ 16, 57, 6 ]
               - [ 41, 78, 4 ]
               - [ 29, 8, 5 ]
               - [ 1, 24, 7 ]
               - [ 42, 10, 0 ]
               - [ 64, 26, 5 ]
               - [ 73, 67, 7 ]
               - [ 76, 83, 2 ]
               - [ 74, 35, 6 ]
               - [ 15, 1, 4 ]
               - [ 71, 52, 1 ]
               - [ 1, 11, 1 ]
               - [ 50, 0, 3 ]
               - [ 48, 21, 5 ]
               - [ 52, 81, 5 ]
               - [ 4, 35, 7 ]
         -
            width: 38
            height: 44
            tl_x: 49
            tl_y: 51
            pyramid_level: 1
            features:
               - [ 4, 22, 7 ]
               - [ 13, 3, 5 ]
               - [ 21, 39, 4 ]
               - [ 37, 34, 7 ]
               - [ 9, 30, 6 ]
               - [ 32, 13, 5 ]
               - [ 1, 4, 1 ]
               - [ 26, 0, 4 ]
               - [ 36, 25, 1 ]
               - [ 1, 14, 7 ]
   -
      template_id: 2
      templates:
         -
            width: 82
            height: 85
            tl_x: 96
            tl_y: 100
            pyramid_level: 0
            features:
               - [ 29, 71, 6 ]
               - [ 22, 8, 5 ]
               - [ 15, 56, 6 ]
               - [ 64, 26, 5 ]
               - [ 63, 85, 5 ]
               - [ 74, 59, 7 ]
               - [ 80, 83, 2 ]
               - [ 40, 79, 5 ]
               - [ 8, 45, 7 ]
               - [ 59, 12, 1 ]
               - [ 41, 12, 0 ]
               - [ 77, 36, 6 ]
               - [ 3, 35, 7 ]
               - [ 82, 72, 6 ]
               - [ 0, 21, 0 ]
               - [ 57, 1, 5 ]
               - [ 9, 6, 3 ]
               - [ 50, 80, 4 ]
               - [ 45, 22, 5 ]
               - [ 74, 50, 1 ]
               - [ 45, 3, 2 ]
         -
            width: 41
            height: 42
            tl_x: 48
            tl_y: 50
            pyramid_level: 1
            features:
               - [ 7, 27, 6 ]
               - [ 15, 36, 6 ]
               - [ 31, 42, 5 ]
               - [ 32, 13, 5 ]
               - [ 37, 29, 7 ]
               - [ 13, 5, 5 ]
               - [ 41, 40, 1 ]
               - [ 21, 4, 1 ]
               - [ 30, 4, 0 ]
               - [ 24, 40, 4 ]
               - [ 3, 21, 7 ]
   -
      template_id: 3
      templates:
         -
            width: 86
            height: 85
            tl_x: 94
            tl_y: 100
            pyramid_level: 0
            features:
               - [ 12, 51, 6 ]
               - [ 60, 80, 5 ]
               - [ 4, 38, 7 ]
               - [ 29, 69, 6 ]
               - [ 58, 5, 0 ]
               - [ 37, 75, 6 ]
               - [ 60, 23, 5 ]
               - [ 77, 56, 7 ]
               - [ 70, 27, 5 ]
               - [ 23, 11, 5 ]
               - [ 73, 85, 5 ]
               - [ 40, 12, 0 ]
               - [ 86, 68, 6 ]
               - [ 79, 34, 6 ]
               - [ 85, 80, 2 ]
               - [ 77, 45, 1 ]
               - [ 0, 25, 0 ]
               - [ 13, 8, 4 ]
               - [ 1, 14, 1 ]
               - [ 50, 0, 4 ]
         -
            width: 43
            height: 42
            tl_x: 47
            tl_y: 50
            pyramid_level: 1
            features:
               - [ 5, 24, 6 ]
               - [ 14, 34, 6 ]
               - [ 33, 41, 5 ]
               - [ 37, 15, 6 ]
               - [ 40, 31, 6 ]
               - [ 15, 7, 5 ]
               - [ 29, 4, 0 ]
               - [ 43, 39, 1 ]
               - [ 25, 40, 4 ]
               - [ 39, 22, 1 ]
               - [ 21, 3, 1 ]
   -
      template_id: 4
      templates:
         -
            width: 90
            height: 84
            tl_x: 92
            tl_y: 98
            pyramid_level: 0
            features:
               - [ 67, 81, 5 ]
               - [ 42, 78, 5 ]
               - [ 5, 43, 7 ]
               - [ 13, 54, 6 ]
               - [ 57, 9, 0 ]
               - [ 80, 56, 7 ]
               - [ 19, 14, 5 ]
               - [ 39, 13, 0 ]
               - [ 24, 65, 6 ]
               - [ 77, 84, 5 ]
               - [ 61, 24, 4 ]
               - [ 89, 66, 6 ]
               - [ 77, 31, 6 ]
               - [ 54, 81, 4 ]
               - [ 90, 78, 1 ]
               - [ 0, 30, 0 ]
               - [ 50, 1, 4 ]
               - [ 7, 14, 3 ]
               - [ 34, 73, 5 ]
               - [ 28, 17, 5 ]
               - [ 78, 47, 0 ]
               - [ 54, 18, 2 ]
         -
            width: 45
            height: 42
            tl_x: 46
            tl_y: 49
            pyramid_level: 1
            features:
               - [ 21, 39, 5 ]
               - [ 35, 41, 5 ]
               - [ 31, 12, 5 ]
               - [ 12, 8, 5 ]
               - [ 40, 28, 7 ]
               - [ 3, 22, 7 ]
               - [ 45, 39, 1 ]
               - [ 24, 1, 3 ]
               - [ 8, 29, 6 ]
               - [ 0, 14, 0 ]
   -
      template_id: 5
      templates:
         -
            width: 95
            height: 79
            tl_x: 90
            tl_y: 100
            pyramid_level: 0
            features:
               - [ 55, 4, 7 ]
               - [ 7, 45, 6 ]
               - [ 82, 50, 7 ]
               - [ 71, 77, 4 ]
               - [ 17, 56, 6 ]
               - [ 42, 74, 5 ]
               - [ 63, 21, 4 ]
               - [ 81, 29, 6 ]
               - [ 28, 17, 5 ]
               - [ 26, 64, 6 ]
               - [ 92, 60, 5 ]
               - [ 38, 12, 0 ]
               - [ 59, 78, 3 ]
               - [ 14, 14, 4 ]
               - [ 1, 33, 7 ]
               - [ 1, 20, 1 ]
               - [ 53, 16, 2 ]
               - [ 81, 79, 5 ]
               - [ 95, 70, 1 ]
               - [ 80, 40, 1 ]
               - [ 45, 0, 3 ]
         -
            width: 47
            height: 39
            tl_x: 45
            tl_y: 50
            pyramid_level: 1
            features:
               - [ 38, 39, 4 ]
               - [ 21, 37, 5 ]
               - [ 12, 8, 5 ]
               - [ 4, 23, 6 ]
               - [ 12, 31, 6 ]
               - [ 36, 12, 5 ]
               - [ 41, 25, 7 ]
               - [ 23, 0, 3 ]
               - [ 47, 36, 1 ]
               - [ 0, 14, 0 ]
   -
      template_id: 6
      templates:
         -
            width: 99
