%YAML:1.0
---
class_id: "back0warp15.png"
pyramid_levels: 2
template_pyramids:
   -
      template_id: 0
      templates:
         -
            width: 78
            height: 92
            tl_x: 100
            tl_y: 102
            pyramid_level: 0
            features:
               - [ 55, 20, 5 ]
               - [ 21, 0, 5 ]
               - [ 73, 67, 6 ]
               - [ 38, 73, 6 ]
               - [ 5, 38, 7 ]
               - [ 13, 54, 7 ]
               - [ 30, 6, 6 ]
               - [ 59, 92, 6 ]
               - [ 23, 66, 5 ]
               - [ 65, 27, 6 ]
               - [ 72, 35, 6 ]
               - [ 2, 28, 7 ]
               - [ 51, 84, 6 ]
               - [ 48, 3, 4 ]
               - [ 1, 7, 1 ]
               - [ 68, 58, 7 ]
               - [ 66, 48, 0 ]
               - [ 78, 87, 2 ]
               - [ 39, 6, 1 ]
               - [ 54, 10, 1 ]
         -
            width: 39
            height: 46
            tl_x: 50
            tl_y: 51
            pyramid_level: 1
            features:
               - [ 6, 26, 7 ]
               - [ 1, 14, 7 ]
               - [ 12, 1, 5 ]
               - [ 33, 14, 6 ]
               - [ 35, 31, 7 ]
               - [ 22, 39, 6 ]
               - [ 1, 3, 1 ]
               - [ 39, 43, 1 ]
               - [ 23, 1, 4 ]
               - [ 16, 35, 5 ]
               - [ 27, 44, 6 ]
   -
      template_id: 1
      templates:
         -
            width: 80
            height: 91
            tl_x: 98
            tl_y: 102
            pyramid_level: 0
            features:
               - [ 79, 67, 6 ]
               - [ 17, 1, 5 ]
               - [ 17, 58, 6 ]
               - [ 66, 91, 5 ]
               - [ 10, 48, 7 ]
               - [ 62, 23, 6 ]
               - [ 30, 8, 5 ]
               - [ 4, 36, 7 ]
               - [ 44, 74, 5 ]
               - [ 56, 83, 6 ]
               - [ 0, 23, 0 ]
               - [ 41, 3, 3 ]
               - [ 71, 56, 7 ]
               - [ 31, 69, 5 ]
               - [ 0, 10, 1 ]
               - [ 72, 31, 6 ]
               - [ 53, 8, 0 ]
               - [ 78, 90, 2 ]
               - [ 53, 18, 5 ]
               - [ 68, 46, 0 ]
         -
            width: 40
            height: 45
            tl_x: 49
            tl_y: 51
            pyramid_level: 1
            features:
               - [ 4, 22, 7 ]
               - [ 26, 40, 6 ]
               - [ 40, 34, 6 ]
               - [ 30, 11, 5 ]
               - [ 13, 3, 5 ]
               - [ 17, 35, 5 ]
               - [ 40, 44, 2 ]
               - [ 23, 1, 4 ]
               - [ 35, 20, 1 ]
               - [ 10, 31, 6 ]
   -
      template_id: 2
      templates:
         -
            width: 92
            height: 87
            tl_x: 94
            tl_y: 104
            pyramid_level: 0
            features:
               - [ 82, 59, 6 ]
               - [ 56, 16, 5 ]
               - [ 65, 20, 5 ]
               - [ 26, 5, 5 ]
               - [ 10, 42, 7 ]
               - [ 21, 57, 6 ]
               - [ 51, 72, 5 ]
               - [ 62, 79, 5 ]
               - [ 42, 1, 3 ]
               - [ 31, 66, 5 ]
               - [ 74, 87, 5 ]
               - [ 3, 27, 7 ]
               - [ 1, 12, 0 ]
               - [ 74, 48, 7 ]
               - [ 42, 69, 5 ]
               - [ 51, 1, 5 ]
               - [ 92, 74, 1 ]
               - [ 73, 36, 1 ]
               - [ 87, 84, 2 ]
               - [ 72, 25, 6 ]
               - [ 6, 35, 7 ]
         -
            width: 46
            height: 43
            tl_x: 47
            tl_y: 52
            pyramid_level: 1
            features:
               - [ 5, 21, 7 ]
               - [ 27, 37, 5 ]
               - [ 34, 11, 5 ]
               - [ 12, 2, 5 ]
               - [ 37, 24, 7 ]
               - [ 1, 5, 1 ]
               - [ 44, 41, 2 ]
               - [ 23, 0, 4 ]
               - [ 11, 29, 6 ]
               - [ 44, 32, 6 ]
   -
      template_id: 3
      templates:
         -
            width: 95
            height: 84
            tl_x: 92
            tl_y: 104
            pyramid_level: 0
            features:
               - [ 22, 6, 5 ]
               - [ 84, 55, 6 ]
               - [ 64, 18, 5 ]
               - [ 21, 56, 6 ]
               - [ 42, 1, 3 ]
               - [ 28, 63, 6 ]
               - [ 55, 15, 5 ]
               - [ 71, 80, 5 ]
               - [ 54, 71, 5 ]
               - [ 3, 30, 7 ]
               - [ 74, 24, 6 ]
               - [ 11, 44, 6 ]
               - [ 0, 19, 0 ]
               - [ 44, 69, 4 ]
               - [ 52, 4, 0 ]
               - [ 76, 45, 7 ]
               - [ 4, 7, 2 ]
               - [ 95, 75, 1 ]
               - [ 74, 34, 1 ]
               - [ 30, 9, 5 ]
               - [ 64, 76, 5 ]
               - [ 79, 84, 5 ]
               - [ 14, 4, 4 ]
         -
            width: 47
            height: 42
            tl_x: 46
            tl_y: 52
            pyramid_level: 1
            features:
               - [ 32, 38, 5 ]
               - [ 11, 3, 5 ]
               - [ 29, 8, 5 ]
               - [ 44, 29, 6 ]
               - [ 7, 24, 6 ]
               - [ 19, 34, 5 ]
               - [ 37, 20, 0 ]
               - [ 1, 5, 1 ]
               - [ 22, 0, 4 ]
               - [ 47, 38, 1 ]
   -
      template_id: 4
      templates:
         -
            width: 100
            height: 79
            tl_x: 90
            tl_y: 106
            pyramid_level: 0
            features:
               - [ 56, 13, 4 ]
               - [ 0, 21, 0 ]
               - [ 18, 6, 4 ]
               - [ 94, 55, 5 ]
               - [ 29, 9, 5 ]
               - [ 40, 67, 5 ]
               - [ 56, 68, 5 ]
               - [ 72, 74, 5 ]
               - [ 4, 32, 7 ]
               - [ 83, 79, 5 ]
               - [ 40, 0, 3 ]
               - [ 71, 18, 5 ]
               - [ 25, 57, 6 ]
               - [ 13, 45, 6 ]
               - [ 84, 48, 6 ]
               - [ 75, 35, 0 ]
               - [ 3, 9, 2 ]
               - [ 51, 3, 0 ]
               - [ 100, 67, 1 ]
               - [ 48, 67, 4 ]
         -
            width: 50
            height: 39
            tl_x: 45
            tl_y: 53
            pyramid_level: 1
            features:
               - [ 36, 37, 5 ]
               - [ 45, 26, 6 ]
               - [ 12, 28, 6 ]
               - [ 9, 3, 4 ]
               - [ 33, 8, 5 ]
               - [ 27, 34, 4 ]
               - [ 49, 36, 1 ]
               - [ 20, 0, 3 ]
               - [ 6, 22, 6 ]
               - [ 19, 33, 5 ]
               - [ 38, 15, 1 ]
   -
      template_id: 5
      templates:
         -
            width: 104
            height: 76
            tl_x: 88
            tl_y: 106
            pyramid_level: 0
            features:
               - [ 64, 14, 5 ]
               - [ 93, 49, 5 ]
               - [ 1, 27, 7 ]
               - [ 18, 9, 4 ]
               - [ 28, 11, 5 ]
               - [ 28, 59, 6 ]
               - [ 63, 68, 4 ]
               - [ 88, 76, 4 ]
               - [ 17, 50, 6 ]
               - [ 74, 18, 5 ]
               - [ 38, 1, 3 ]
               - [ 77, 72, 5 ]
               - [ 45, 68, 4 ]
               - [ 83, 42, 6 ]
               - [ 2, 14, 1 ]
               - [ 76, 32, 7 ]
               - [ 51, 12, 4 ]
               - [ 49, 2, 7 ]
               - [ 104, 63, 1 ]
               - [ 35, 64, 6 ]
               - [ 55, 67, 4 ]
               - [ 101, 71, 1 ]
         -
            width: 52
            height: 38
            tl_x: 44
            tl_y: 53
            pyramid_level: 1
            features:
               - [ 16, 31, 6 ]
               - [ 41, 37, 5 ]
               - [ 32, 7, 5 ]
               - [ 31, 34, 4 ]
               - [ 44, 23, 5 ]
               - [ 12, 5, 4 ]
               - [ 5, 21, 6 ]
               - [ 52, 31, 0 ]
               - [ 38, 15, 0 ]
               - [ 20, 0, 3 ]
   -
      template_id: 6
      templates:
         -
            width: 107
            height: 73
