%YAML:1.0
---
class_id: "back0warp64.png"
pyramid_levels: 2
template_pyramids:
   -
      template_id: 0
      templates:
         -
            width: 85
            height: 119
            tl_x: 100
            tl_y: 102
            pyramid_level: 0
            features:
               - [ 1, 50, 1 ]
               - [ 43, 15, 1 ]
               - [ 2, 72, 7 ]
               - [ 7, 88, 7 ]
               - [ 5, 35, 1 ]
               - [ 78, 29, 6 ]
               - [ 16, 104, 6 ]
               - [ 15, 24, 3 ]
               - [ 83, 85, 6 ]
               - [ 55, 0, 3 ]
               - [ 80, 44, 2 ]
               - [ 57, 17, 2 ]
               - [ 44, 113, 5 ]
               - [ 57, 119, 5 ]
               - [ 75, 72, 7 ]
               - [ 29, 23, 4 ]
               - [ 74, 57, 0 ]
               - [ 85, 101, 1 ]
               - [ 74, 118, 2 ]
               - [ 48, 27, 3 ]
         -
            width: 42
            height: 59
            tl_x: 50
            tl_y: 51
            pyramid_level: 1
            features:
               - [ 1, 22, 1 ]
               - [ 1, 36, 7 ]
               - [ 8, 52, 6 ]
               - [ 22, 6, 1 ]
               - [ 26, 58, 5 ]
               - [ 37, 29, 0 ]
               - [ 36, 13, 5 ]
               - [ 41, 42, 6 ]
               - [ 40, 55, 1 ]
               - [ 11, 11, 4 ]
   -
      template_id: 1
      templates:
         -
            width: 87
            height: 118
            tl_x: 100
            tl_y: 100
            pyramid_level: 0
            features:
               - [ 0, 60, 0 ]
               - [ 3, 77, 7 ]
               - [ 39, 17, 1 ]
               - [ 13, 99, 7 ]
               - [ 3, 40, 1 ]
               - [ 21, 110, 6 ]
               - [ 54, 17, 2 ]
               - [ 75, 28, 5 ]
               - [ 58, 118, 5 ]
               - [ 20, 26, 4 ]
               - [ 79, 42, 1 ]
               - [ 87, 85, 6 ]
               - [ 77, 74, 7 ]
               - [ 52, 0, 3 ]
               - [ 32, 117, 4 ]
               - [ 85, 107, 1 ]
               - [ 73, 61, 0 ]
               - [ 45, 29, 3 ]
               - [ 33, 28, 5 ]
               - [ 46, 114, 4 ]
         -
            width: 43
            height: 59
            tl_x: 50
            tl_y: 50
            pyramid_level: 1
            features:
               - [ 3, 43, 7 ]
               - [ 9, 53, 6 ]
               - [ 20, 7, 1 ]
               - [ 1, 22, 1 ]
               - [ 38, 24, 1 ]
               - [ 42, 41, 6 ]
               - [ 29, 59, 5 ]
               - [ 41, 56, 1 ]
               - [ 31, 12, 4 ]
               - [ 18, 58, 3 ]
               - [ 11, 13, 4 ]
   -
      template_id: 2
      templates:
         -
            width: 91
            height: 116
            tl_x: 100
            tl_y: 102
            pyramid_level: 0
            features:
               - [ 0, 62, 0 ]
               - [ 39, 5, 1 ]
               - [ 4, 78, 7 ]
               - [ 18, 102, 6 ]
               - [ 71, 23, 5 ]
               - [ 52, 112, 4 ]
               - [ 1, 43, 1 ]
               - [ 78, 35, 1 ]
               - [ 35, 22, 0 ]
               - [ 87, 78, 6 ]
               - [ 67, 116, 5 ]
               - [ 30, 114, 6 ]
               - [ 10, 29, 2 ]
               - [ 49, 16, 1 ]
               - [ 75, 63, 7 ]
               - [ 91, 95, 1 ]
               - [ 84, 111, 1 ]
               - [ 52, 0, 0 ]
               - [ 59, 21, 4 ]
               - [ 24, 26, 4 ]
         -
            width: 45
            height: 58
            tl_x: 50
            tl_y: 51
            pyramid_level: 1
            features:
               - [ 2, 39, 7 ]
               - [ 13, 55, 6 ]
               - [ 36, 12, 5 ]
               - [ 1, 20, 1 ]
               - [ 31, 57, 5 ]
               - [ 18, 6, 1 ]
               - [ 45, 49, 1 ]
               - [ 42, 38, 6 ]
               - [ 37, 23, 1 ]
               - [ 11, 13, 4 ]
   -
      template_id: 3
      templates:
         -
            width: 94
            height: 118
            tl_x: 100
            tl_y: 100
            pyramid_level: 0
            features:
               - [ 1, 70, 7 ]
               - [ 34, 8, 1 ]
               - [ 6, 84, 7 ]
               - [ 31, 21, 0 ]
               - [ 0, 47, 1 ]
               - [ 88, 76, 6 ]
               - [ 17, 101, 6 ]
               - [ 70, 24, 5 ]
               - [ 27, 111, 6 ]
               - [ 57, 113, 4 ]
               - [ 75, 36, 1 ]
               - [ 46, 16, 1 ]
               - [ 6, 35, 2 ]
               - [ 73, 116, 5 ]
               - [ 47, 1, 7 ]
               - [ 75, 62, 7 ]
               - [ 42, 118, 4 ]
               - [ 94, 92, 0 ]
               - [ 88, 110, 1 ]
               - [ 72, 48, 0 ]
               - [ 23, 30, 4 ]
         -
            width: 47
            height: 59
            tl_x: 50
            tl_y: 50
            pyramid_level: 1
            features:
               - [ 0, 24, 0 ]
               - [ 32, 57, 4 ]
               - [ 13, 55, 6 ]
               - [ 3, 42, 7 ]
               - [ 35, 12, 5 ]
               - [ 17, 4, 1 ]
               - [ 44, 38, 5 ]
               - [ 36, 25, 0 ]
               - [ 10, 15, 4 ]
               - [ 45, 53, 1 ]
   -
      template_id: 4
      templates:
         -
            width: 97
            height: 116
            tl_x: 100
            tl_y: 102
            pyramid_level: 0
            features:
               - [ 1, 70, 7 ]
               - [ 8, 85, 7 ]
               - [ 30, 5, 1 ]
               - [ 34, 112, 6 ]
               - [ 28, 23, 7 ]
               - [ 3, 38, 2 ]
               - [ 64, 19, 5 ]
               - [ 87, 69, 5 ]
               - [ 61, 110, 4 ]
               - [ 19, 100, 6 ]
               - [ 73, 30, 1 ]
               - [ 41, 16, 1 ]
               - [ 76, 111, 5 ]
               - [ 42, 0, 7 ]
               - [ 47, 116, 3 ]
               - [ 75, 58, 7 ]
               - [ 15, 31, 4 ]
               - [ 95, 94, 1 ]
               - [ 90, 107, 2 ]
               - [ 97, 82, 0 ]
         -
            width: 48
            height: 58
            tl_x: 50
            tl_y: 51
            pyramid_level: 1
            features:
               - [ 13, 53, 6 ]
               - [ 34, 55, 4 ]
               - [ 33, 10, 5 ]
               - [ 5, 44, 7 ]
               - [ 15, 3, 1 ]
               - [ 1, 20, 1 ]
               - [ 48, 44, 0 ]
               - [ 37, 28, 7 ]
               - [ 10, 15, 4 ]
               - [ 43, 34, 5 ]
               - [ 25, 10, 3 ]
               - [ 46, 52, 1 ]
   -
      template_id: 5
      templates:
         -
            width: 100
            height: 114
            tl_x: 98
            tl_y: 104
            pyramid_level: 0
            features:
               - [ 2, 65, 7 ]
               - [ 12, 86, 6 ]
               - [ 26, 19, 0 ]
               - [ 27, 6, 1 ]
               - [ 91, 64, 5 ]
               - [ 41, 111, 5 ]
               - [ 0, 52, 0 ]
               - [ 25, 100, 6 ]
               - [ 64, 16, 5 ]
               - [ 39, 15, 1 ]
               - [ 68, 106, 3 ]
               - [ 81, 106, 4 ]
               - [ 71, 33, 0 ]
               - [ 10, 33, 3 ]
               - [ 79, 56, 6 ]
               - [ 39, 0, 7 ]
               - [ 100, 83, 0 ]
               - [ 98, 96, 1 ]
               - [ 53, 114, 3 ]
               - [ 52, 16, 3 ]
               - [ 34, 28, 2 ]
         -
            width: 50
            height: 57
            tl_x: 49
            tl_y: 52
            pyramid_level: 1
            features:
               - [ 39, 53, 4 ]
               - [ 13, 5, 0 ]
               - [ 0, 26, 0 ]
               - [ 15, 52, 6 ]
               - [ 32, 8, 5 ]
               - [ 50, 42, 0 ]
               - [ 46, 32, 5 ]
               - [ 36, 21, 7 ]
               - [ 7, 16, 3 ]
               - [ 30, 55, 3 ]
   -
      template_id: 6
      templates:
         -
            width: 102
            height: 105
            tl_x: 98
