%YAML:1.0
---
class_id: "back0warp24.png"
pyramid_levels: 2
template_pyramids:
   -
      template_id: 0
      templates:
         -
            width: 64
            height: 100
            tl_x: 100
            tl_y: 108
            pyramid_level: 0
            features:
               - [ 59, 7, 1 ]
               - [ 41, 1, 1 ]
               - [ 61, 49, 1 ]
               - [ 12, 40, 1 ]
               - [ 40, 75, 2 ]
               - [ 1, 68, 1 ]
               - [ 64, 39, 1 ]
               - [ 57, 59, 1 ]
               - [ 33, 20, 3 ]
               - [ 50, 68, 3 ]
               - [ 4, 57, 1 ]
               - [ 52, 2, 2 ]
               - [ 57, 20, 7 ]
               - [ 24, 26, 2 ]
               - [ 23, 96, 2 ]
               - [ 29, 88, 2 ]
               - [ 1, 88, 7 ]
               - [ 12, 100, 4 ]
               - [ 5, 96, 6 ]
               - [ 16, 34, 2 ]
               - [ 61, 26, 5 ]
         -
            width: 32
            height: 50
            tl_x: 50
            tl_y: 54
            pyramid_level: 1
            features:
               - [ 3, 26, 1 ]
               - [ 12, 13, 2 ]
               - [ 30, 26, 1 ]
               - [ 13, 46, 2 ]
               - [ 29, 5, 1 ]
               - [ 22, 36, 2 ]
               - [ 1, 45, 7 ]
               - [ 19, 3, 1 ]
               - [ 1, 32, 1 ]
               - [ 6, 20, 1 ]
               - [ 27, 32, 2 ]
   -
      template_id: 1
      templates:
         -
            width: 61
            height: 101
            tl_x: 102
            tl_y: 108
            pyramid_level: 0
            features:
               - [ 7, 47, 1 ]
               - [ 19, 28, 2 ]
               - [ 59, 46, 1 ]
               - [ 52, 12, 0 ]
               - [ 35, 0, 1 ]
               - [ 61, 36, 0 ]
               - [ 55, 59, 1 ]
               - [ 1, 70, 0 ]
               - [ 12, 37, 1 ]
               - [ 43, 72, 2 ]
               - [ 29, 20, 2 ]
               - [ 34, 82, 1 ]
               - [ 3, 59, 1 ]
               - [ 54, 3, 1 ]
               - [ 28, 93, 1 ]
               - [ 3, 92, 7 ]
               - [ 58, 24, 4 ]
               - [ 12, 101, 5 ]
               - [ 23, 100, 2 ]
               - [ 32, 8, 1 ]
         -
            width: 30
            height: 50
            tl_x: 51
            tl_y: 54
            pyramid_level: 1
            features:
               - [ 30, 21, 1 ]
               - [ 3, 25, 1 ]
               - [ 16, 43, 1 ]
               - [ 8, 16, 2 ]
               - [ 26, 6, 0 ]
               - [ 26, 32, 2 ]
               - [ 2, 47, 7 ]
               - [ 16, 3, 1 ]
               - [ 1, 32, 0 ]
               - [ 13, 11, 2 ]
               - [ 20, 37, 2 ]
   -
      template_id: 2
      templates:
         -
            width: 58
            height: 107
            tl_x: 104
            tl_y: 104
            pyramid_level: 0
            features:
               - [ 14, 35, 2 ]
               - [ 27, 10, 1 ]
               - [ 7, 48, 1 ]
               - [ 30, 1, 1 ]
               - [ 48, 5, 1 ]
               - [ 1, 80, 0 ]
               - [ 58, 38, 0 ]
               - [ 51, 67, 2 ]
               - [ 38, 81, 2 ]
               - [ 47, 16, 0 ]
               - [ 21, 27, 2 ]
               - [ 56, 54, 1 ]
               - [ 32, 92, 1 ]
               - [ 3, 61, 0 ]
               - [ 27, 102, 1 ]
               - [ 4, 96, 7 ]
               - [ 17, 107, 4 ]
               - [ 54, 26, 4 ]
               - [ 10, 41, 1 ]
               - [ 57, 47, 0 ]
         -
            width: 29
            height: 53
            tl_x: 52
            tl_y: 52
            pyramid_level: 1
            features:
               - [ 3, 25, 1 ]
               - [ 17, 44, 1 ]
               - [ 9, 15, 2 ]
               - [ 27, 30, 1 ]
               - [ 24, 10, 7 ]
               - [ 7, 53, 5 ]
               - [ 21, 1, 3 ]
               - [ 1, 33, 0 ]
               - [ 22, 37, 2 ]
               - [ 13, 5, 0 ]
   -
      template_id: 3
      templates:
         -
            width: 55
            height: 108
            tl_x: 106
            tl_y: 104
            pyramid_level: 0
            features:
               - [ 42, 16, 7 ]
               - [ 10, 37, 1 ]
               - [ 6, 46, 1 ]
               - [ 22, 7, 1 ]
               - [ 17, 28, 2 ]
               - [ 3, 57, 0 ]
               - [ 54, 52, 0 ]
               - [ 42, 75, 2 ]
               - [ 55, 33, 0 ]
               - [ 51, 64, 1 ]
               - [ 36, 0, 2 ]
               - [ 29, 103, 1 ]
               - [ 2, 84, 0 ]
               - [ 33, 93, 1 ]
               - [ 19, 108, 4 ]
               - [ 49, 24, 4 ]
               - [ 24, 0, 1 ]
               - [ 42, 4, 0 ]
               - [ 38, 81, 1 ]
               - [ 1, 77, 0 ]
         -
            width: 27
            height: 54
            tl_x: 53
            tl_y: 52
            pyramid_level: 1
            features:
               - [ 3, 23, 1 ]
               - [ 1, 32, 0 ]
               - [ 20, 39, 1 ]
               - [ 27, 25, 0 ]
               - [ 16, 48, 1 ]
               - [ 21, 7, 0 ]
               - [ 7, 53, 5 ]
               - [ 11, 3, 1 ]
               - [ 7, 16, 2 ]
               - [ 27, 17, 0 ]
   -
      template_id: 4
      templates:
         -
            width: 52
            height: 108
            tl_x: 108
            tl_y: 104
            pyramid_level: 0
            features:
               - [ 37, 15, 7 ]
               - [ 3, 51, 1 ]
               - [ 6, 41, 1 ]
               - [ 16, 10, 0 ]
               - [ 2, 82, 0 ]
               - [ 52, 47, 0 ]
               - [ 40, 77, 1 ]
               - [ 29, 0, 2 ]
               - [ 13, 29, 2 ]
               - [ 50, 62, 1 ]
               - [ 35, 92, 1 ]
               - [ 1, 72, 0 ]
               - [ 31, 104, 1 ]
               - [ 1, 64, 0 ]
               - [ 44, 22, 4 ]
               - [ 9, 101, 6 ]
               - [ 22, 108, 4 ]
               - [ 36, 8, 0 ]
               - [ 17, 3, 1 ]
               - [ 36, 1, 0 ]
               - [ 37, 84, 1 ]
               - [ 46, 68, 2 ]
         -
            width: 26
            height: 54
            tl_x: 54
            tl_y: 52
            pyramid_level: 1
            features:
               - [ 26, 24, 0 ]
               - [ 1, 28, 0 ]
               - [ 18, 44, 1 ]
               - [ 18, 5, 0 ]
               - [ 3, 21, 1 ]
               - [ 21, 37, 1 ]
               - [ 16, 51, 1 ]
               - [ 8, 4, 0 ]
               - [ 6, 15, 2 ]
               - [ 25, 30, 1 ]
   -
      template_id: 5
      templates:
         -
            width: 50
            height: 108
            tl_x: 110
            tl_y: 104
            pyramid_level: 0
            features:
               - [ 4, 40, 1 ]
               - [ 1, 54, 0 ]
               - [ 3, 85, 7 ]
               - [ 30, 7, 0 ]
               - [ 11, 3, 0 ]
               - [ 41, 74, 1 ]
               - [ 49, 40, 0 ]
               - [ 36, 93, 0 ]
               - [ 12, 26, 2 ]
               - [ 49, 59, 1 ]
               - [ 34, 102, 1 ]
               - [ 50, 49, 0 ]
               - [ 1, 72, 0 ]
               - [ 22, 1, 2 ]
               - [ 38, 83, 0 ]
               - [ 40, 20, 3 ]
               - [ 11, 15, 0 ]
               - [ 25, 108, 3 ]
               - [ 16, 106, 5 ]
               - [ 32, 15, 7 ]
               - [ 48, 32, 0 ]
               - [ 0, 64, 0 ]
         -
            width: 25
            height: 54
            tl_x: 55
            tl_y: 52
            pyramid_level: 1
            features:
               - [ 1, 24, 0 ]
               - [ 1, 40, 0 ]
               - [ 18, 47, 0 ]
               - [ 4, 16, 1 ]
               - [ 21, 36, 1 ]
               - [ 25, 24, 0 ]
               - [ 0, 32, 0 ]
               - [ 15, 4, 0 ]
               - [ 5, 6, 0 ]
               - [ 20, 10, 5 ]
   -
      template_id: 6
      templates:
         -
            width: 50
            height: 106
            tl_x: 110
