%YAML:1.0
---
class_id: "back0warp37.png"
pyramid_levels: 2
template_pyramids:
   -
      template_id: 0
      templates:
         -
            width: 48
            height: 114
            tl_x: 102
            tl_y: 104
            pyramid_level: 0
            features:
               - [ 2, 60, 7 ]
               - [ 7, 77, 7 ]
               - [ 46, 81, 7 ]
               - [ 0, 51, 7 ]
               - [ 43, 30, 7 ]
               - [ 29, 103, 7 ]
               - [ 42, 69, 7 ]
               - [ 33, 19, 5 ]
               - [ 0, 9, 1 ]
               - [ 15, 88, 5 ]
               - [ 32, 7, 1 ]
               - [ 41, 51, 0 ]
               - [ 23, 94, 6 ]
               - [ 14, 6, 6 ]
               - [ 23, 1, 1 ]
               - [ 45, 42, 2 ]
               - [ 47, 106, 1 ]
               - [ 41, 114, 3 ]
               - [ 4, 67, 7 ]
               - [ 39, 24, 6 ]
         -
            width: 24
            height: 57
            tl_x: 51
            tl_y: 52
            pyramid_level: 1
            features:
               - [ 22, 38, 7 ]
               - [ 1, 30, 7 ]
               - [ 22, 16, 7 ]
               - [ 13, 49, 7 ]
               - [ 4, 40, 7 ]
               - [ 21, 24, 1 ]
               - [ 24, 52, 1 ]
               - [ 0, 5, 1 ]
               - [ 16, 3, 1 ]
               - [ 17, 10, 6 ]
   -
      template_id: 1
      templates:
         -
            width: 57
            height: 115
            tl_x: 98
            tl_y: 100
            pyramid_level: 0
            features:
               - [ 9, 73, 7 ]
               - [ 52, 83, 7 ]
               - [ 5, 62, 7 ]
               - [ 2, 50, 7 ]
               - [ 13, 83, 7 ]
               - [ 47, 72, 7 ]
               - [ 38, 25, 6 ]
               - [ 48, 38, 7 ]
               - [ 36, 105, 6 ]
               - [ 0, 15, 1 ]
               - [ 44, 58, 0 ]
               - [ 26, 1, 3 ]
               - [ 16, 13, 6 ]
               - [ 28, 96, 6 ]
               - [ 44, 115, 6 ]
               - [ 32, 8, 0 ]
               - [ 46, 47, 1 ]
               - [ 57, 103, 1 ]
               - [ 53, 113, 1 ]
               - [ 20, 92, 5 ]
         -
            width: 28
            height: 57
            tl_x: 49
            tl_y: 50
            pyramid_level: 1
            features:
               - [ 2, 29, 7 ]
               - [ 24, 37, 7 ]
               - [ 6, 40, 7 ]
               - [ 22, 16, 6 ]
               - [ 16, 50, 6 ]
               - [ 0, 8, 1 ]
               - [ 22, 29, 0 ]
               - [ 28, 53, 1 ]
               - [ 16, 4, 0 ]
               - [ 6, 5, 5 ]
   -
      template_id: 2
      templates:
         -
            width: 64
            height: 110
            tl_x: 94
            tl_y: 100
            pyramid_level: 0
            features:
               - [ 4, 49, 7 ]
               - [ 52, 70, 7 ]
               - [ 9, 63, 7 ]
               - [ 45, 30, 6 ]
               - [ 58, 81, 7 ]
               - [ 48, 55, 0 ]
               - [ 19, 84, 7 ]
               - [ 0, 25, 0 ]
               - [ 49, 110, 6 ]
               - [ 40, 100, 6 ]
               - [ 37, 23, 5 ]
               - [ 11, 11, 5 ]
               - [ 26, 1, 3 ]
               - [ 32, 94, 5 ]
               - [ 1, 15, 1 ]
               - [ 49, 45, 1 ]
               - [ 31, 12, 1 ]
               - [ 64, 103, 1 ]
               - [ 13, 72, 7 ]
               - [ 21, 9, 0 ]
         -
            width: 32
            height: 55
            tl_x: 47
            tl_y: 50
            pyramid_level: 1
            features:
               - [ 7, 37, 7 ]
               - [ 26, 35, 7 ]
               - [ 21, 51, 6 ]
               - [ 3, 27, 7 ]
               - [ 32, 51, 1 ]
               - [ 19, 12, 5 ]
               - [ 25, 22, 1 ]
               - [ 6, 6, 5 ]
               - [ 30, 42, 7 ]
               - [ 16, 4, 0 ]
   -
      template_id: 3
      templates:
         -
            width: 71
            height: 105
            tl_x: 90
            tl_y: 106
            pyramid_level: 0
            features:
               - [ 7, 45, 7 ]
               - [ 1, 22, 0 ]
               - [ 15, 62, 7 ]
               - [ 61, 69, 6 ]
               - [ 60, 105, 6 ]
               - [ 35, 16, 5 ]
               - [ 31, 3, 0 ]
               - [ 68, 78, 6 ]
               - [ 51, 28, 6 ]
               - [ 51, 46, 0 ]
               - [ 24, 77, 7 ]
               - [ 1, 12, 1 ]
               - [ 39, 88, 5 ]
               - [ 11, 7, 5 ]
               - [ 53, 98, 6 ]
               - [ 21, 0, 1 ]
               - [ 52, 37, 1 ]
               - [ 71, 98, 0 ]
               - [ 43, 20, 6 ]
               - [ 46, 92, 6 ]
               - [ 53, 54, 7 ]
         -
            width: 35
            height: 52
            tl_x: 45
            tl_y: 53
            pyramid_level: 1
            features:
               - [ 11, 37, 7 ]
               - [ 27, 28, 7 ]
               - [ 31, 35, 6 ]
               - [ 24, 47, 6 ]
               - [ 26, 19, 1 ]
               - [ 20, 9, 5 ]
               - [ 6, 4, 5 ]
               - [ 35, 50, 1 ]
               - [ 15, 3, 1 ]
               - [ 19, 44, 5 ]
               - [ 24, 12, 6 ]
               - [ 10, 1, 1 ]
   -
      template_id: 4
      templates:
         -
            width: 77
            height: 107
            tl_x: 88
            tl_y: 102
            pyramid_level: 0
            features:
               - [ 9, 53, 7 ]
               - [ 15, 64, 7 ]
               - [ 0, 28, 7 ]
               - [ 53, 51, 7 ]
               - [ 59, 64, 7 ]
               - [ 25, 78, 6 ]
               - [ 67, 74, 6 ]
               - [ 37, 21, 5 ]
               - [ 50, 30, 6 ]
               - [ 67, 107, 5 ]
               - [ 31, 86, 6 ]
               - [ 0, 17, 1 ]
               - [ 54, 97, 6 ]
               - [ 10, 14, 5 ]
               - [ 22, 1, 3 ]
               - [ 45, 92, 5 ]
               - [ 29, 10, 0 ]
               - [ 77, 91, 0 ]
               - [ 76, 102, 1 ]
               - [ 52, 42, 0 ]
         -
            width: 38
            height: 53
            tl_x: 44
            tl_y: 51
            pyramid_level: 1
            features:
               - [ 14, 41, 6 ]
               - [ 7, 31, 7 ]
               - [ 31, 34, 6 ]
               - [ 24, 14, 6 ]
               - [ 29, 50, 6 ]
               - [ 26, 23, 0 ]
               - [ 38, 50, 0 ]
               - [ 5, 7, 5 ]
               - [ 14, 4, 0 ]
               - [ 22, 46, 5 ]
   -
      template_id: 5
      templates:
         -
            width: 84
            height: 96
            tl_x: 84
            tl_y: 110
            pyramid_level: 0
            features:
               - [ 13, 48, 7 ]
               - [ 56, 41, 7 ]
               - [ 79, 69, 6 ]
               - [ 2, 25, 7 ]
               - [ 22, 61, 6 ]
               - [ 46, 17, 5 ]
               - [ 65, 56, 6 ]
               - [ 36, 13, 4 ]
               - [ 65, 90, 5 ]
               - [ 28, 0, 7 ]
               - [ 36, 77, 6 ]
               - [ 14, 10, 5 ]
               - [ 74, 96, 5 ]
               - [ 18, 0, 0 ]
               - [ 55, 84, 5 ]
               - [ 0, 15, 0 ]
               - [ 55, 30, 1 ]
               - [ 84, 81, 0 ]
               - [ 72, 63, 6 ]
               - [ 83, 94, 1 ]
         -
            width: 42
            height: 48
            tl_x: 42
            tl_y: 55
            pyramid_level: 1
            features:
               - [ 31, 26, 6 ]
               - [ 10, 29, 6 ]
               - [ 31, 44, 5 ]
               - [ 20, 7, 5 ]
               - [ 42, 42, 0 ]
               - [ 20, 40, 6 ]
               - [ 14, 0, 7 ]
               - [ 4, 4, 4 ]
               - [ 14, 34, 6 ]
               - [ 28, 20, 7 ]
               - [ 35, 31, 6 ]
   -
      template_id: 6
      templates:
         -
            width: 89
            height: 97
            tl_x: 82
            tl_y: 106
            pyramid_level: 0
            features:
