%YAML:1.0
---
class_id: "back0warp93.png"
pyramid_levels: 2
template_pyramids:
   -
      template_id: 0
      templates:
         -
            width: 89
            height: 114
            tl_x: 102
            tl_y: 100
            pyramid_level: 0
            features:
               - [ 49, 19, 1 ]
               - [ 61, 114, 5 ]
               - [ 45, 112, 3 ]
               - [ 89, 94, 1 ]
               - [ 20, 108, 6 ]
               - [ 84, 80, 6 ]
               - [ 82, 106, 2 ]
               - [ 1, 40, 1 ]
               - [ 0, 74, 7 ]
               - [ 86, 35, 6 ]
               - [ 65, 20, 2 ]
               - [ 85, 49, 2 ]
               - [ 65, 1, 3 ]
               - [ 32, 23, 5 ]
               - [ 8, 28, 2 ]
               - [ 80, 60, 0 ]
               - [ 7, 91, 7 ]
               - [ 19, 22, 3 ]
               - [ 73, 28, 4 ]
               - [ 55, 7, 2 ]
               - [ 58, 29, 3 ]
         -
            width: 44
            height: 57
            tl_x: 51
            tl_y: 50
            pyramid_level: 1
            features:
               - [ 44, 48, 1 ]
               - [ 23, 56, 4 ]
               - [ 5, 48, 7 ]
               - [ 1, 19, 1 ]
               - [ 0, 36, 7 ]
               - [ 40, 35, 0 ]
               - [ 13, 11, 4 ]
               - [ 25, 8, 1 ]
               - [ 39, 15, 5 ]
               - [ 42, 25, 1 ]
   -
      template_id: 1
      templates:
         -
            width: 94
            height: 114
            tl_x: 100
            tl_y: 100
            pyramid_level: 0
            features:
               - [ 48, 113, 3 ]
               - [ 94, 90, 1 ]
               - [ 61, 111, 4 ]
               - [ 88, 34, 6 ]
               - [ 27, 110, 6 ]
               - [ 83, 110, 2 ]
               - [ 49, 13, 1 ]
               - [ 1, 46, 1 ]
               - [ 83, 68, 7 ]
               - [ 5, 81, 7 ]
               - [ 34, 25, 4 ]
               - [ 67, 12, 1 ]
               - [ 68, 26, 4 ]
               - [ 10, 29, 2 ]
               - [ 85, 47, 1 ]
               - [ 12, 94, 6 ]
               - [ 59, 1, 3 ]
               - [ 1, 68, 7 ]
               - [ 51, 30, 4 ]
               - [ 90, 79, 6 ]
               - [ 23, 23, 4 ]
         -
            width: 47
            height: 57
            tl_x: 50
            tl_y: 50
            pyramid_level: 1
            features:
               - [ 33, 56, 4 ]
               - [ 2, 39, 7 ]
               - [ 11, 53, 6 ]
               - [ 14, 12, 4 ]
               - [ 37, 13, 4 ]
               - [ 1, 21, 1 ]
               - [ 43, 23, 1 ]
               - [ 42, 35, 7 ]
               - [ 25, 6, 1 ]
               - [ 23, 57, 3 ]
               - [ 43, 53, 2 ]
   -
      template_id: 2
      templates:
         -
            width: 96
            height: 114
            tl_x: 100
            tl_y: 98
            pyramid_level: 0
            features:
               - [ 60, 112, 4 ]
               - [ 31, 113, 6 ]
               - [ 96, 90, 1 ]
               - [ 44, 24, 0 ]
               - [ 65, 26, 4 ]
               - [ 84, 31, 6 ]
               - [ 5, 82, 7 ]
               - [ 92, 77, 6 ]
               - [ 1, 47, 0 ]
               - [ 30, 28, 4 ]
               - [ 87, 109, 2 ]
               - [ 19, 103, 6 ]
               - [ 48, 8, 2 ]
               - [ 9, 33, 2 ]
               - [ 85, 44, 1 ]
               - [ 63, 13, 1 ]
               - [ 83, 64, 7 ]
               - [ 0, 59, 0 ]
               - [ 57, 0, 3 ]
               - [ 11, 93, 6 ]
         -
            width: 48
            height: 57
            tl_x: 50
            tl_y: 49
            pyramid_level: 1
            features:
               - [ 35, 56, 4 ]
               - [ 16, 57, 6 ]
               - [ 3, 42, 7 ]
               - [ 48, 45, 1 ]
               - [ 0, 27, 0 ]
               - [ 15, 14, 4 ]
               - [ 34, 13, 4 ]
               - [ 41, 28, 0 ]
               - [ 25, 3, 2 ]
               - [ 4, 17, 2 ]
   -
      template_id: 3
      templates:
         -
            width: 98
            height: 115
            tl_x: 100
            tl_y: 98
            pyramid_level: 0
            features:
               - [ 37, 115, 5 ]
               - [ 41, 24, 7 ]
               - [ 67, 110, 4 ]
               - [ 83, 29, 6 ]
               - [ 93, 73, 6 ]
               - [ 18, 30, 4 ]
               - [ 95, 98, 1 ]
               - [ 0, 53, 0 ]
               - [ 6, 83, 7 ]
               - [ 56, 19, 1 ]
               - [ 42, 12, 1 ]
               - [ 4, 40, 1 ]
               - [ 82, 44, 1 ]
               - [ 51, 0, 2 ]
               - [ 72, 24, 4 ]
               - [ 83, 60, 7 ]
               - [ 14, 96, 6 ]
               - [ 78, 110, 4 ]
               - [ 98, 87, 1 ]
               - [ 27, 109, 6 ]
         -
            width: 49
            height: 57
            tl_x: 50
            tl_y: 49
            pyramid_level: 1
            features:
               - [ 16, 56, 5 ]
               - [ 34, 55, 4 ]
               - [ 49, 43, 0 ]
               - [ 0, 27, 0 ]
               - [ 33, 12, 4 ]
               - [ 7, 48, 6 ]
               - [ 22, 4, 1 ]
               - [ 42, 20, 1 ]
               - [ 16, 15, 4 ]
               - [ 43, 33, 7 ]
   -
      template_id: 4
      templates:
         -
            width: 100
            height: 114
            tl_x: 100
            tl_y: 100
            pyramid_level: 0
            features:
               - [ 43, 114, 5 ]
               - [ 71, 106, 3 ]
               - [ 38, 23, 7 ]
               - [ 79, 23, 5 ]
               - [ 94, 67, 5 ]
               - [ 98, 91, 1 ]
               - [ 59, 21, 3 ]
               - [ 10, 88, 6 ]
               - [ 17, 30, 3 ]
               - [ 82, 34, 1 ]
               - [ 85, 59, 7 ]
               - [ 0, 49, 0 ]
               - [ 31, 108, 6 ]
               - [ 0, 63, 0 ]
               - [ 39, 7, 1 ]
               - [ 5, 38, 2 ]
               - [ 54, 1, 0 ]
               - [ 19, 98, 6 ]
               - [ 62, 111, 2 ]
               - [ 54, 12, 0 ]
         -
            width: 50
            height: 57
            tl_x: 50
            tl_y: 50
            pyramid_level: 1
            features:
               - [ 19, 56, 5 ]
               - [ 50, 40, 0 ]
               - [ 32, 55, 2 ]
               - [ 5, 44, 7 ]
               - [ 0, 25, 0 ]
               - [ 32, 10, 4 ]
               - [ 41, 17, 1 ]
               - [ 10, 15, 4 ]
               - [ 19, 5, 1 ]
               - [ 45, 32, 6 ]
   -
      template_id: 5
      templates:
         -
            width: 102
            height: 117
            tl_x: 100
            tl_y: 98
            pyramid_level: 0
            features:
               - [ 50, 117, 5 ]
               - [ 35, 26, 7 ]
               - [ 77, 23, 5 ]
               - [ 75, 106, 3 ]
               - [ 14, 35, 3 ]
               - [ 39, 113, 5 ]
               - [ 102, 73, 0 ]
               - [ 93, 64, 5 ]
               - [ 101, 88, 0 ]
               - [ 56, 22, 3 ]
               - [ 13, 93, 6 ]
               - [ 0, 66, 7 ]
               - [ 1, 48, 1 ]
               - [ 79, 36, 0 ]
               - [ 34, 12, 0 ]
               - [ 40, 1, 2 ]
               - [ 83, 55, 7 ]
               - [ 22, 102, 6 ]
               - [ 50, 13, 0 ]
               - [ 30, 108, 6 ]
         -
            width: 51
            height: 58
            tl_x: 50
            tl_y: 49
            pyramid_level: 1
            features:
               - [ 21, 57, 5 ]
               - [ 51, 38, 0 ]
               - [ 6, 46, 6 ]
               - [ 17, 10, 0 ]
               - [ 0, 33, 0 ]
               - [ 38, 53, 3 ]
               - [ 33, 10, 4 ]
               - [ 40, 24, 7 ]
               - [ 6, 18, 3 ]
               - [ 25, 5, 0 ]
   -
      template_id: 6
      templates:
         -
            width: 103
            height: 117
            tl_x: 100
            tl_y: 98
            pyramid_level: 0
            features:
