%YAML:1.0
---
class_id: "back0warp106.png"
pyramid_levels: 2
template_pyramids:
   -
      template_id: 0
      templates:
         -
            width: 83
            height: 106
            tl_x: 100
            tl_y: 102
            pyramid_level: 0
            features:
               - [ 49, 11, 1 ]
               - [ 7, 73, 7 ]
               - [ 1, 53, 7 ]
               - [ 83, 37, 7 ]
               - [ 61, 106, 5 ]
               - [ 77, 72, 7 ]
               - [ 69, 26, 5 ]
               - [ 26, 99, 6 ]
               - [ 82, 93, 1 ]
               - [ 26, 13, 5 ]
               - [ 16, 88, 6 ]
               - [ 80, 49, 2 ]
               - [ 41, 102, 4 ]
               - [ 1, 34, 0 ]
               - [ 75, 103, 2 ]
               - [ 39, 19, 5 ]
               - [ 9, 17, 2 ]
               - [ 69, 3, 0 ]
               - [ 50, 25, 5 ]
               - [ 58, 0, 3 ]
         -
            width: 41
            height: 53
            tl_x: 50
            tl_y: 51
            pyramid_level: 1
            features:
               - [ 6, 41, 7 ]
               - [ 1, 29, 7 ]
               - [ 21, 51, 4 ]
               - [ 34, 13, 5 ]
               - [ 39, 37, 7 ]
               - [ 14, 7, 5 ]
               - [ 1, 15, 1 ]
               - [ 38, 51, 2 ]
               - [ 29, 0, 3 ]
               - [ 39, 26, 1 ]
   -
      template_id: 1
      templates:
         -
            width: 89
            height: 105
            tl_x: 98
            tl_y: 100
            pyramid_level: 0
            features:
               - [ 11, 78, 7 ]
               - [ 47, 104, 3 ]
               - [ 3, 58, 7 ]
               - [ 78, 30, 6 ]
               - [ 83, 99, 1 ]
               - [ 32, 19, 5 ]
               - [ 20, 91, 6 ]
               - [ 47, 14, 1 ]
               - [ 89, 87, 1 ]
               - [ 79, 66, 0 ]
               - [ 8, 22, 2 ]
               - [ 66, 8, 0 ]
               - [ 65, 25, 4 ]
               - [ 79, 54, 1 ]
               - [ 61, 104, 5 ]
               - [ 55, 1, 3 ]
               - [ 1, 42, 0 ]
               - [ 52, 27, 4 ]
               - [ 36, 105, 5 ]
               - [ 84, 44, 2 ]
               - [ 18, 17, 3 ]
         -
            width: 44
            height: 52
            tl_x: 49
            tl_y: 50
            pyramid_level: 1
            features:
               - [ 5, 38, 7 ]
               - [ 30, 52, 5 ]
               - [ 42, 49, 1 ]
               - [ 39, 15, 6 ]
               - [ 17, 10, 5 ]
               - [ 1, 18, 0 ]
               - [ 16, 51, 6 ]
               - [ 33, 4, 0 ]
               - [ 40, 35, 7 ]
               - [ 7, 9, 3 ]
   -
      template_id: 2
      templates:
         -
            width: 90
            height: 105
            tl_x: 98
            tl_y: 100
            pyramid_level: 0
            features:
               - [ 58, 102, 4 ]
               - [ 14, 82, 6 ]
               - [ 72, 104, 5 ]
               - [ 28, 97, 6 ]
               - [ 3, 61, 7 ]
               - [ 87, 74, 6 ]
               - [ 66, 24, 4 ]
               - [ 80, 46, 1 ]
               - [ 43, 16, 0 ]
               - [ 39, 105, 5 ]
               - [ 77, 28, 6 ]
               - [ 89, 91, 1 ]
               - [ 24, 19, 4 ]
               - [ 8, 23, 2 ]
               - [ 62, 2, 0 ]
               - [ 0, 45, 0 ]
               - [ 79, 60, 7 ]
               - [ 47, 4, 2 ]
               - [ 51, 26, 3 ]
               - [ 58, 17, 2 ]
         -
            width: 45
            height: 52
            tl_x: 49
            tl_y: 50
            pyramid_level: 1
            features:
               - [ 14, 10, 5 ]
               - [ 7, 41, 6 ]
               - [ 33, 12, 4 ]
               - [ 45, 44, 1 ]
               - [ 16, 50, 6 ]
               - [ 29, 51, 4 ]
               - [ 40, 23, 1 ]
               - [ 1, 16, 1 ]
               - [ 26, 0, 3 ]
               - [ 41, 34, 7 ]
   -
      template_id: 3
      templates:
         -
            width: 96
            height: 106
            tl_x: 96
            tl_y: 100
            pyramid_level: 0
            features:
               - [ 42, 14, 0 ]
               - [ 17, 83, 6 ]
               - [ 5, 63, 7 ]
               - [ 33, 98, 5 ]
               - [ 19, 21, 4 ]
               - [ 84, 63, 7 ]
               - [ 76, 25, 5 ]
               - [ 96, 77, 0 ]
               - [ 47, 106, 4 ]
               - [ 63, 101, 3 ]
               - [ 76, 101, 4 ]
               - [ 81, 44, 1 ]
               - [ 63, 22, 4 ]
               - [ 92, 92, 1 ]
               - [ 5, 29, 2 ]
               - [ 59, 0, 0 ]
               - [ 1, 46, 0 ]
               - [ 49, 26, 3 ]
               - [ 34, 23, 5 ]
               - [ 46, 2, 2 ]
         -
            width: 48
            height: 53
            tl_x: 48
            tl_y: 50
            pyramid_level: 1
            features:
               - [ 9, 42, 6 ]
               - [ 18, 50, 5 ]
               - [ 45, 35, 6 ]
               - [ 14, 11, 4 ]
               - [ 30, 51, 3 ]
               - [ 40, 14, 6 ]
               - [ 1, 19, 0 ]
               - [ 29, 6, 1 ]
               - [ 46, 46, 1 ]
               - [ 40, 25, 0 ]
   -
      template_id: 4
      templates:
         -
            width: 96
            height: 107
            tl_x: 96
            tl_y: 98
            pyramid_level: 0
            features:
               - [ 39, 22, 7 ]
               - [ 20, 88, 6 ]
               - [ 68, 101, 3 ]
               - [ 79, 28, 6 ]
               - [ 6, 69, 7 ]
               - [ 60, 23, 4 ]
               - [ 84, 61, 7 ]
               - [ 46, 106, 5 ]
               - [ 32, 98, 6 ]
               - [ 95, 90, 1 ]
               - [ 80, 42, 0 ]
               - [ 1, 54, 0 ]
               - [ 20, 25, 4 ]
               - [ 4, 33, 2 ]
               - [ 55, 5, 0 ]
               - [ 44, 1, 2 ]
               - [ 56, 107, 3 ]
               - [ 13, 80, 6 ]
               - [ 39, 10, 1 ]
               - [ 91, 68, 5 ]
               - [ 29, 26, 4 ]
               - [ 80, 52, 0 ]
               - [ 11, 27, 3 ]
               - [ 0, 45, 0 ]
               - [ 46, 28, 3 ]
         -
            width: 48
            height: 53
            tl_x: 48
            tl_y: 49
            pyramid_level: 1
            features:
               - [ 14, 13, 4 ]
               - [ 10, 44, 6 ]
               - [ 38, 13, 5 ]
               - [ 48, 43, 1 ]
               - [ 19, 51, 5 ]
               - [ 38, 50, 4 ]
               - [ 43, 32, 6 ]
               - [ 20, 4, 1 ]
               - [ 1, 19, 1 ]
               - [ 40, 22, 0 ]
   -
      template_id: 5
      templates:
         -
            width: 99
            height: 105
            tl_x: 96
            tl_y: 100
            pyramid_level: 0
            features:
               - [ 41, 100, 5 ]
               - [ 35, 16, 0 ]
               - [ 55, 105, 4 ]
               - [ 7, 70, 7 ]
               - [ 76, 23, 5 ]
               - [ 72, 97, 3 ]
               - [ 57, 20, 4 ]
               - [ 85, 57, 6 ]
               - [ 99, 76, 0 ]
               - [ 2, 59, 7 ]
               - [ 24, 89, 6 ]
               - [ 16, 26, 4 ]
               - [ 79, 35, 1 ]
               - [ 97, 87, 1 ]
               - [ 2, 35, 1 ]
               - [ 50, 1, 7 ]
               - [ 37, 2, 1 ]
               - [ 86, 95, 4 ]
               - [ 32, 95, 5 ]
               - [ 31, 26, 4 ]
               - [ 79, 45, 7 ]
         -
            width: 49
            height: 52
            tl_x: 48
            tl_y: 50
            pyramid_level: 1
            features:
               - [ 23, 51, 5 ]
               - [ 10, 43, 6 ]
               - [ 9, 13, 4 ]
               - [ 37, 11, 5 ]
               - [ 49, 41, 0 ]
               - [ 33, 50, 2 ]
               - [ 0, 25, 0 ]
               - [ 46, 31, 5 ]
               - [ 18, 3, 1 ]
               - [ 40, 24, 7 ]
   -
      template_id: 6
      templates:
         -
            width: 102
            height: 104
