%YAML:1.0
---
class_id: "back0warp21.png"
pyramid_levels: 2
template_pyramids:
   -
      template_id: 0
      templates:
         -
            width: 92
            height: 89
            tl_x: 100
            tl_y: 102
            pyramid_level: 0
            features:
               - [ 65, 0, 3 ]
               - [ 73, 11, 3 ]
               - [ 30, 22, 3 ]
               - [ 53, 11, 1 ]
               - [ 8, 39, 1 ]
               - [ 89, 16, 2 ]
               - [ 16, 30, 2 ]
               - [ 76, 76, 3 ]
               - [ 34, 89, 3 ]
               - [ 53, 79, 3 ]
               - [ 92, 60, 1 ]
               - [ 91, 40, 5 ]
               - [ 3, 49, 1 ]
               - [ 65, 77, 4 ]
               - [ 1, 62, 0 ]
               - [ 83, 28, 0 ]
               - [ 14, 85, 5 ]
               - [ 6, 77, 6 ]
               - [ 40, 20, 4 ]
               - [ 86, 69, 2 ]
         -
            width: 46
            height: 44
            tl_x: 50
            tl_y: 51
            pyramid_level: 1
            features:
               - [ 20, 10, 4 ]
               - [ 23, 41, 3 ]
               - [ 7, 16, 2 ]
               - [ 46, 30, 1 ]
               - [ 10, 44, 5 ]
               - [ 40, 5, 4 ]
               - [ 1, 26, 1 ]
               - [ 42, 16, 7 ]
               - [ 29, 2, 2 ]
               - [ 2, 37, 7 ]
   -
      template_id: 1
      templates:
         -
            width: 92
            height: 90
            tl_x: 102
            tl_y: 102
            pyramid_level: 0
            features:
               - [ 68, 9, 3 ]
               - [ 12, 34, 2 ]
               - [ 24, 25, 3 ]
               - [ 92, 54, 1 ]
               - [ 57, 0, 3 ]
               - [ 48, 11, 1 ]
               - [ 36, 21, 3 ]
               - [ 51, 80, 3 ]
               - [ 81, 19, 1 ]
               - [ 79, 7, 4 ]
               - [ 4, 46, 1 ]
               - [ 85, 67, 2 ]
               - [ 83, 33, 6 ]
               - [ 36, 90, 3 ]
               - [ 1, 69, 7 ]
               - [ 0, 59, 0 ]
               - [ 71, 75, 4 ]
               - [ 16, 88, 5 ]
               - [ 8, 82, 6 ]
               - [ 60, 77, 3 ]
         -
            width: 46
            height: 45
            tl_x: 51
            tl_y: 51
            pyramid_level: 1
            features:
               - [ 13, 12, 3 ]
               - [ 24, 41, 3 ]
               - [ 1, 26, 1 ]
               - [ 45, 29, 1 ]
               - [ 10, 45, 5 ]
               - [ 44, 18, 5 ]
               - [ 1, 36, 7 ]
               - [ 36, 4, 3 ]
               - [ 37, 37, 3 ]
               - [ 27, 1, 2 ]
   -
      template_id: 2
      templates:
         -
            width: 93
            height: 95
            tl_x: 104
            tl_y: 100
            pyramid_level: 0
            features:
               - [ 53, 0, 2 ]
               - [ 22, 28, 3 ]
               - [ 36, 23, 3 ]
               - [ 10, 38, 2 ]
               - [ 55, 80, 3 ]
               - [ 43, 14, 1 ]
               - [ 78, 15, 1 ]
               - [ 3, 50, 1 ]
               - [ 64, 9, 3 ]
               - [ 77, 73, 3 ]
               - [ 38, 93, 3 ]
               - [ 90, 54, 1 ]
               - [ 80, 32, 6 ]
               - [ 0, 63, 0 ]
               - [ 66, 76, 3 ]
               - [ 93, 44, 1 ]
               - [ 1, 74, 7 ]
               - [ 25, 95, 5 ]
               - [ 8, 86, 6 ]
               - [ 45, 87, 2 ]
               - [ 16, 92, 5 ]
         -
            width: 46
            height: 47
            tl_x: 52
            tl_y: 50
            pyramid_level: 1
            features:
               - [ 5, 19, 2 ]
               - [ 45, 27, 1 ]
               - [ 16, 12, 3 ]
               - [ 11, 47, 5 ]
               - [ 22, 44, 2 ]
               - [ 33, 38, 3 ]
               - [ 38, 10, 0 ]
               - [ 2, 40, 7 ]
               - [ 24, 2, 2 ]
               - [ 42, 17, 5 ]
   -
      template_id: 3
      templates:
         -
            width: 89
            height: 92
            tl_x: 106
            tl_y: 104
            pyramid_level: 0
            features:
               - [ 34, 19, 3 ]
               - [ 5, 41, 1 ]
               - [ 56, 5, 3 ]
               - [ 19, 26, 3 ]
               - [ 56, 75, 3 ]
               - [ 42, 1, 2 ]
               - [ 11, 33, 2 ]
               - [ 39, 90, 3 ]
               - [ 73, 8, 1 ]
               - [ 1, 51, 1 ]
               - [ 89, 44, 0 ]
               - [ 85, 57, 1 ]
               - [ 80, 27, 5 ]
               - [ 76, 67, 3 ]
               - [ 72, 18, 0 ]
               - [ 0, 68, 7 ]
               - [ 25, 92, 5 ]
               - [ 5, 80, 6 ]
               - [ 14, 88, 5 ]
               - [ 38, 10, 0 ]
               - [ 68, 0, 4 ]
               - [ 67, 70, 3 ]
         -
            width: 44
            height: 46
            tl_x: 53
            tl_y: 52
            pyramid_level: 1
            features:
               - [ 11, 12, 3 ]
               - [ 31, 36, 3 ]
               - [ 1, 24, 1 ]
               - [ 31, 1, 3 ]
               - [ 44, 24, 1 ]
               - [ 12, 46, 5 ]
               - [ 22, 43, 2 ]
               - [ 39, 13, 5 ]
               - [ 20, 2, 1 ]
               - [ 36, 6, 0 ]
   -
      template_id: 4
      templates:
         -
            width: 88
            height: 99
            tl_x: 108
            tl_y: 98
            pyramid_level: 0
            features:
               - [ 30, 26, 3 ]
               - [ 52, 9, 2 ]
               - [ 4, 48, 1 ]
               - [ 68, 11, 1 ]
               - [ 17, 33, 2 ]
               - [ 55, 81, 2 ]
               - [ 35, 10, 1 ]
               - [ 41, 1, 2 ]
               - [ 0, 60, 1 ]
               - [ 74, 29, 5 ]
               - [ 87, 47, 0 ]
               - [ 76, 70, 2 ]
               - [ 65, 75, 3 ]
               - [ 0, 76, 7 ]
               - [ 46, 91, 2 ]
               - [ 85, 57, 1 ]
               - [ 6, 89, 6 ]
               - [ 24, 99, 4 ]
               - [ 62, 4, 3 ]
               - [ 88, 38, 0 ]
               - [ 83, 30, 4 ]
               - [ 13, 95, 5 ]
         -
            width: 44
            height: 49
            tl_x: 54
            tl_y: 49
            pyramid_level: 1
            features:
               - [ 13, 14, 3 ]
               - [ 27, 41, 2 ]
               - [ 43, 26, 1 ]
               - [ 2, 24, 1 ]
               - [ 36, 36, 3 ]
               - [ 34, 6, 0 ]
               - [ 39, 15, 4 ]
               - [ 10, 49, 5 ]
               - [ 18, 4, 1 ]
               - [ 0, 30, 0 ]
               - [ 44, 20, 0 ]
   -
      template_id: 5
      templates:
         -
            width: 87
            height: 100
            tl_x: 108
            tl_y: 98
            pyramid_level: 0
            features:
               - [ 15, 36, 2 ]
               - [ 26, 28, 3 ]
               - [ 37, 1, 2 ]
               - [ 50, 7, 2 ]
               - [ 32, 10, 1 ]
               - [ 4, 52, 1 ]
               - [ 65, 7, 1 ]
               - [ 9, 43, 1 ]
               - [ 1, 64, 0 ]
               - [ 2, 78, 7 ]
               - [ 52, 87, 2 ]
               - [ 85, 55, 1 ]
               - [ 77, 27, 4 ]
               - [ 67, 73, 3 ]
               - [ 65, 19, 7 ]
               - [ 79, 66, 2 ]
               - [ 87, 36, 0 ]
               - [ 9, 91, 6 ]
               - [ 19, 98, 5 ]
               - [ 57, 3, 3 ]
               - [ 42, 8, 1 ]
         -
            width: 43
            height: 50
            tl_x: 54
            tl_y: 49
            pyramid_level: 1
            features:
               - [ 3, 24, 1 ]
               - [ 10, 16, 2 ]
               - [ 25, 45, 2 ]
               - [ 43, 24, 0 ]
               - [ 36, 35, 3 ]
               - [ 14, 50, 4 ]
               - [ 26, 3, 3 ]
               - [ 36, 13, 5 ]
               - [ 16, 5, 1 ]
               - [ 5, 46, 6 ]
   -
      template_id: 6
      templates:
         -
            width: 84
            height: 100
            tl_x: 110
