%YAML:1.0
---
class_id: "back0warp127.png"
pyramid_levels: 2
template_pyramids:
   -
      template_id: 0
      templates:
         -
            width: 93
            height: 88
            tl_x: 102
            tl_y: 102
            pyramid_level: 0
            features:
               - [ 36, 23, 5 ]
               - [ 9, 73, 6 ]
               - [ 23, 85, 5 ]
               - [ 43, 88, 3 ]
               - [ 64, 1, 3 ]
               - [ 58, 88, 5 ]
               - [ 50, 17, 1 ]
               - [ 19, 22, 3 ]
               - [ 67, 18, 2 ]
               - [ 92, 68, 5 ]
               - [ 91, 40, 2 ]
               - [ 85, 83, 2 ]
               - [ 0, 57, 7 ]
               - [ 84, 51, 1 ]
               - [ 93, 28, 6 ]
               - [ 1, 36, 1 ]
               - [ 77, 23, 4 ]
               - [ 76, 5, 1 ]
               - [ 57, 26, 3 ]
               - [ 9, 26, 3 ]
         -
            width: 46
            height: 44
            tl_x: 51
            tl_y: 51
            pyramid_level: 1
            features:
               - [ 15, 11, 4 ]
               - [ 7, 39, 6 ]
               - [ 1, 31, 7 ]
               - [ 33, 0, 3 ]
               - [ 43, 41, 2 ]
               - [ 42, 12, 5 ]
               - [ 1, 17, 1 ]
               - [ 44, 22, 2 ]
               - [ 27, 5, 2 ]
               - [ 37, 5, 1 ]
               - [ 42, 28, 0 ]
   -
      template_id: 1
      templates:
         -
            width: 95
            height: 88
            tl_x: 102
            tl_y: 102
            pyramid_level: 0
            features:
               - [ 62, 87, 4 ]
               - [ 34, 24, 4 ]
               - [ 21, 24, 4 ]
               - [ 48, 88, 3 ]
               - [ 28, 88, 5 ]
               - [ 60, 0, 3 ]
               - [ 94, 64, 5 ]
               - [ 17, 81, 6 ]
               - [ 0, 57, 7 ]
               - [ 5, 68, 7 ]
               - [ 85, 55, 7 ]
               - [ 85, 83, 2 ]
               - [ 70, 21, 4 ]
               - [ 3, 35, 1 ]
               - [ 48, 16, 1 ]
               - [ 86, 43, 1 ]
               - [ 73, 0, 0 ]
               - [ 95, 32, 2 ]
               - [ 83, 21, 4 ]
               - [ 54, 26, 3 ]
         -
            width: 47
            height: 44
            tl_x: 51
            tl_y: 51
            pyramid_level: 1
            features:
               - [ 16, 12, 4 ]
               - [ 14, 44, 5 ]
               - [ 24, 44, 3 ]
               - [ 0, 21, 1 ]
               - [ 4, 36, 6 ]
               - [ 30, 0, 3 ]
               - [ 44, 20, 1 ]
               - [ 44, 40, 2 ]
               - [ 39, 10, 4 ]
               - [ 7, 13, 3 ]
   -
      template_id: 2
      templates:
         -
            width: 96
            height: 93
            tl_x: 102
            tl_y: 100
            pyramid_level: 0
            features:
               - [ 21, 28, 4 ]
               - [ 36, 93, 5 ]
               - [ 51, 90, 3 ]
               - [ 18, 84, 6 ]
               - [ 63, 16, 2 ]
               - [ 58, 0, 3 ]
               - [ 87, 83, 2 ]
               - [ 3, 67, 7 ]
               - [ 90, 59, 6 ]
               - [ 46, 17, 1 ]
               - [ 88, 37, 1 ]
               - [ 96, 71, 1 ]
               - [ 69, 1, 0 ]
               - [ 1, 44, 1 ]
               - [ 41, 28, 4 ]
               - [ 86, 21, 5 ]
               - [ 75, 20, 4 ]
               - [ 0, 56, 0 ]
               - [ 53, 27, 3 ]
               - [ 31, 27, 4 ]
               - [ 7, 35, 2 ]
         -
            width: 48
            height: 46
            tl_x: 51
            tl_y: 50
            pyramid_level: 1
            features:
               - [ 11, 14, 4 ]
               - [ 17, 46, 5 ]
               - [ 30, 44, 4 ]
               - [ 29, 0, 3 ]
               - [ 47, 37, 2 ]
               - [ 3, 36, 7 ]
               - [ 0, 25, 0 ]
               - [ 40, 10, 4 ]
               - [ 43, 21, 1 ]
               - [ 23, 8, 1 ]
   -
      template_id: 3
      templates:
         -
            width: 98
            height: 95
            tl_x: 102
            tl_y: 98
            pyramid_level: 0
            features:
               - [ 21, 32, 3 ]
               - [ 56, 91, 3 ]
               - [ 37, 95, 5 ]
               - [ 71, 88, 4 ]
               - [ 19, 87, 5 ]
               - [ 53, 2, 2 ]
               - [ 2, 67, 7 ]
               - [ 92, 58, 5 ]
               - [ 65, 1, 0 ]
               - [ 43, 22, 0 ]
               - [ 98, 69, 1 ]
               - [ 87, 36, 1 ]
               - [ 1, 50, 1 ]
               - [ 92, 79, 2 ]
               - [ 59, 19, 2 ]
               - [ 87, 21, 5 ]
               - [ 10, 80, 6 ]
               - [ 72, 20, 3 ]
               - [ 10, 37, 2 ]
               - [ 51, 29, 3 ]
         -
            width: 49
            height: 47
            tl_x: 51
            tl_y: 49
            pyramid_level: 1
            features:
               - [ 11, 16, 4 ]
               - [ 10, 44, 5 ]
               - [ 47, 38, 1 ]
               - [ 44, 17, 1 ]
               - [ 24, 4, 2 ]
               - [ 3, 37, 7 ]
               - [ 36, 10, 4 ]
               - [ 0, 28, 0 ]
               - [ 46, 29, 5 ]
               - [ 17, 47, 5 ]
               - [ 32, 4, 1 ]
   -
      template_id: 4
      templates:
         -
            width: 96
            height: 96
            tl_x: 102
            tl_y: 98
            pyramid_level: 0
            features:
               - [ 18, 35, 3 ]
               - [ 57, 92, 2 ]
               - [ 74, 86, 4 ]
               - [ 42, 96, 5 ]
               - [ 20, 88, 5 ]
               - [ 32, 32, 4 ]
               - [ 45, 7, 1 ]
               - [ 95, 55, 5 ]
               - [ 84, 40, 0 ]
               - [ 61, 0, 0 ]
               - [ 96, 72, 1 ]
               - [ 57, 17, 1 ]
               - [ 6, 75, 7 ]
               - [ 82, 17, 4 ]
               - [ 5, 45, 2 ]
               - [ 1, 57, 0 ]
               - [ 70, 18, 3 ]
               - [ 47, 26, 3 ]
               - [ 30, 93, 5 ]
               - [ 89, 26, 1 ]
         -
            width: 48
            height: 48
            tl_x: 51
            tl_y: 49
            pyramid_level: 1
            features:
               - [ 11, 17, 3 ]
               - [ 17, 47, 5 ]
               - [ 48, 36, 1 ]
               - [ 7, 42, 6 ]
               - [ 43, 16, 1 ]
               - [ 30, 45, 3 ]
               - [ 35, 9, 3 ]
               - [ 1, 26, 1 ]
               - [ 21, 7, 1 ]
               - [ 47, 27, 5 ]
   -
      template_id: 5
      templates:
         -
            width: 99
            height: 96
            tl_x: 104
            tl_y: 98
            pyramid_level: 0
            features:
               - [ 17, 37, 3 ]
               - [ 42, 96, 4 ]
               - [ 25, 92, 5 ]
               - [ 60, 90, 2 ]
               - [ 77, 83, 3 ]
               - [ 43, 2, 2 ]
               - [ 94, 51, 5 ]
               - [ 13, 85, 6 ]
               - [ 31, 33, 4 ]
               - [ 52, 17, 1 ]
               - [ 95, 70, 1 ]
               - [ 83, 27, 1 ]
               - [ 4, 75, 7 ]
               - [ 0, 58, 0 ]
               - [ 81, 15, 5 ]
               - [ 55, 0, 0 ]
               - [ 63, 17, 3 ]
               - [ 36, 19, 0 ]
               - [ 44, 30, 3 ]
               - [ 99, 60, 1 ]
         -
            width: 49
            height: 48
            tl_x: 52
            tl_y: 49
            pyramid_level: 1
            features:
               - [ 20, 48, 4 ]
               - [ 10, 18, 3 ]
               - [ 48, 34, 1 ]
               - [ 9, 44, 5 ]
               - [ 20, 3, 1 ]
               - [ 41, 16, 0 ]
               - [ 33, 8, 3 ]
               - [ 0, 31, 0 ]
               - [ 46, 25, 5 ]
               - [ 2, 24, 1 ]
   -
      template_id: 6
      templates:
         -
            width: 100
            height: 96
            tl_x: 104
            tl_y: 98
            pyramid_level: 0
            features:
               - [ 15, 40, 3 ]
