%YAML:1.0
---
class_id: "back0warp116.png"
pyramid_levels: 2
template_pyramids:
   -
      template_id: 0
      templates:
         -
            width: 95
            height: 101
            tl_x: 100
            tl_y: 100
            pyramid_level: 0
            features:
               - [ 64, 101, 5 ]
               - [ 8, 75, 7 ]
               - [ 87, 53, 1 ]
               - [ 73, 16, 1 ]
               - [ 52, 19, 1 ]
               - [ 90, 76, 6 ]
               - [ 21, 91, 6 ]
               - [ 32, 99, 5 ]
               - [ 85, 97, 2 ]
               - [ 86, 30, 5 ]
               - [ 44, 99, 4 ]
               - [ 70, 1, 3 ]
               - [ 19, 21, 3 ]
               - [ 37, 23, 5 ]
               - [ 1, 56, 0 ]
               - [ 5, 31, 1 ]
               - [ 95, 44, 2 ]
               - [ 75, 27, 4 ]
               - [ 60, 6, 2 ]
               - [ 1, 42, 0 ]
         -
            width: 47
            height: 50
            tl_x: 50
            tl_y: 50
            pyramid_level: 1
            features:
               - [ 30, 50, 5 ]
               - [ 17, 11, 5 ]
               - [ 11, 46, 6 ]
               - [ 43, 48, 2 ]
               - [ 40, 14, 5 ]
               - [ 43, 28, 1 ]
               - [ 3, 36, 7 ]
               - [ 29, 4, 2 ]
               - [ 1, 19, 1 ]
               - [ 45, 38, 6 ]
   -
      template_id: 1
      templates:
         -
            width: 94
            height: 99
            tl_x: 100
            tl_y: 102
            pyramid_level: 0
            features:
               - [ 61, 96, 4 ]
               - [ 87, 48, 1 ]
               - [ 87, 94, 2 ]
               - [ 70, 12, 1 ]
               - [ 9, 75, 6 ]
               - [ 49, 17, 0 ]
               - [ 94, 72, 6 ]
               - [ 39, 99, 4 ]
               - [ 3, 63, 7 ]
               - [ 27, 93, 6 ]
               - [ 85, 25, 5 ]
               - [ 86, 61, 7 ]
               - [ 34, 22, 4 ]
               - [ 14, 23, 3 ]
               - [ 57, 2, 2 ]
               - [ 3, 33, 1 ]
               - [ 0, 47, 0 ]
               - [ 60, 25, 3 ]
               - [ 17, 85, 6 ]
               - [ 94, 38, 2 ]
         -
            width: 47
            height: 49
            tl_x: 50
            tl_y: 51
            pyramid_level: 1
            features:
               - [ 28, 48, 4 ]
               - [ 17, 11, 4 ]
               - [ 13, 46, 6 ]
               - [ 46, 44, 2 ]
               - [ 44, 23, 1 ]
               - [ 5, 38, 6 ]
               - [ 41, 12, 5 ]
               - [ 6, 12, 3 ]
               - [ 30, 0, 3 ]
               - [ 46, 35, 6 ]
   -
      template_id: 2
      templates:
         -
            width: 98
            height: 103
            tl_x: 100
            tl_y: 98
            pyramid_level: 0
            features:
               - [ 62, 99, 4 ]
               - [ 73, 25, 4 ]
               - [ 35, 101, 5 ]
               - [ 88, 97, 2 ]
               - [ 46, 23, 0 ]
               - [ 2, 65, 7 ]
               - [ 21, 27, 4 ]
               - [ 13, 84, 6 ]
               - [ 86, 51, 0 ]
               - [ 96, 72, 5 ]
               - [ 87, 62, 7 ]
               - [ 67, 13, 1 ]
               - [ 2, 41, 1 ]
               - [ 93, 32, 6 ]
               - [ 61, 0, 3 ]
               - [ 98, 83, 1 ]
               - [ 51, 8, 2 ]
               - [ 47, 103, 3 ]
               - [ 21, 92, 6 ]
               - [ 0, 55, 0 ]
               - [ 37, 28, 4 ]
         -
            width: 49
            height: 51
            tl_x: 50
            tl_y: 49
            pyramid_level: 1
            features:
               - [ 3, 37, 7 ]
               - [ 18, 14, 4 ]
               - [ 28, 50, 3 ]
               - [ 47, 45, 1 ]
               - [ 41, 13, 5 ]
               - [ 6, 15, 3 ]
               - [ 15, 49, 5 ]
               - [ 44, 23, 1 ]
               - [ 29, 1, 3 ]
               - [ 44, 32, 7 ]
   -
      template_id: 3
      templates:
         -
            width: 100
            height: 101
            tl_x: 100
            tl_y: 98
            pyramid_level: 0
            features:
               - [ 70, 23, 4 ]
               - [ 58, 100, 3 ]
               - [ 3, 69, 7 ]
               - [ 28, 29, 4 ]
               - [ 86, 46, 0 ]
               - [ 63, 13, 1 ]
               - [ 95, 89, 1 ]
               - [ 89, 61, 7 ]
               - [ 37, 101, 5 ]
               - [ 44, 25, 7 ]
               - [ 4, 39, 2 ]
               - [ 89, 27, 5 ]
               - [ 100, 69, 5 ]
               - [ 16, 87, 6 ]
               - [ 55, 0, 3 ]
               - [ 45, 12, 1 ]
               - [ 0, 51, 0 ]
               - [ 69, 97, 4 ]
               - [ 27, 96, 6 ]
               - [ 17, 30, 3 ]
         -
            width: 50
            height: 50
            tl_x: 50
            tl_y: 49
            pyramid_level: 1
            features:
               - [ 32, 49, 4 ]
               - [ 4, 39, 7 ]
               - [ 22, 8, 0 ]
               - [ 43, 23, 0 ]
               - [ 12, 47, 6 ]
               - [ 9, 15, 3 ]
               - [ 48, 44, 1 ]
               - [ 41, 12, 5 ]
               - [ 32, 4, 0 ]
               - [ 47, 33, 6 ]
               - [ 1, 22, 1 ]
   -
      template_id: 4
      templates:
         -
            width: 102
            height: 104
            tl_x: 100
            tl_y: 98
            pyramid_level: 0
            features:
               - [ 70, 96, 3 ]
               - [ 41, 24, 7 ]
               - [ 68, 21, 3 ]
               - [ 17, 32, 3 ]
               - [ 4, 72, 7 ]
               - [ 85, 44, 0 ]
               - [ 50, 104, 4 ]
               - [ 89, 57, 6 ]
               - [ 19, 90, 6 ]
               - [ 98, 85, 1 ]
               - [ 39, 101, 5 ]
               - [ 60, 10, 0 ]
               - [ 99, 64, 5 ]
               - [ 80, 21, 5 ]
               - [ 50, 0, 2 ]
               - [ 3, 43, 1 ]
               - [ 102, 75, 1 ]
               - [ 41, 14, 1 ]
               - [ 90, 30, 1 ]
               - [ 26, 31, 4 ]
               - [ 9, 80, 7 ]
               - [ 1, 63, 7 ]
               - [ 0, 52, 0 ]
               - [ 56, 19, 1 ]
               - [ 48, 30, 3 ]
         -
            width: 51
            height: 52
            tl_x: 50
            tl_y: 49
            pyramid_level: 1
            features:
               - [ 35, 48, 3 ]
               - [ 18, 50, 5 ]
               - [ 43, 20, 1 ]
               - [ 4, 39, 6 ]
               - [ 0, 27, 0 ]
               - [ 50, 40, 1 ]
               - [ 9, 16, 3 ]
               - [ 30, 4, 0 ]
               - [ 20, 9, 0 ]
               - [ 41, 11, 5 ]
               - [ 45, 29, 6 ]
   -
      template_id: 5
      templates:
         -
            width: 104
            height: 104
            tl_x: 100
            tl_y: 98
            pyramid_level: 0
            features:
               - [ 73, 94, 3 ]
               - [ 84, 92, 4 ]
               - [ 6, 76, 7 ]
               - [ 64, 20, 3 ]
               - [ 24, 33, 3 ]
               - [ 40, 101, 5 ]
               - [ 23, 93, 5 ]
               - [ 101, 79, 1 ]
               - [ 84, 40, 0 ]
               - [ 39, 26, 7 ]
               - [ 56, 10, 0 ]
               - [ 57, 103, 3 ]
               - [ 98, 59, 5 ]
               - [ 75, 18, 4 ]
               - [ 40, 7, 1 ]
               - [ 0, 55, 0 ]
               - [ 4, 44, 2 ]
               - [ 87, 28, 1 ]
               - [ 12, 84, 6 ]
               - [ 89, 53, 6 ]
               - [ 104, 69, 0 ]
               - [ 55, 0, 7 ]
         -
            width: 52
            height: 52
            tl_x: 50
            tl_y: 49
            pyramid_level: 1
            features:
               - [ 16, 49, 5 ]
               - [ 37, 47, 3 ]
               - [ 51, 38, 1 ]
               - [ 42, 20, 0 ]
               - [ 15, 16, 4 ]
               - [ 32, 10, 3 ]
               - [ 2, 22, 2 ]
               - [ 21, 2, 2 ]
               - [ 26, 52, 4 ]
               - [ 8, 44, 6 ]
