%YAML:1.0
---
class_id: "back0warp42.png"
pyramid_levels: 2
template_pyramids:
   -
      template_id: 0
      templates:
         -
            width: 98
            height: 106
            tl_x: 102
            tl_y: 100
            pyramid_level: 0
            features:
               - [ 49, 15, 1 ]
               - [ 0, 41, 1 ]
               - [ 11, 22, 2 ]
               - [ 0, 62, 7 ]
               - [ 23, 17, 4 ]
               - [ 84, 47, 1 ]
               - [ 20, 97, 6 ]
               - [ 86, 63, 7 ]
               - [ 63, 1, 3 ]
               - [ 94, 72, 6 ]
               - [ 63, 16, 2 ]
               - [ 89, 27, 6 ]
               - [ 40, 101, 4 ]
               - [ 77, 21, 5 ]
               - [ 67, 106, 5 ]
               - [ 53, 101, 5 ]
               - [ 98, 85, 1 ]
               - [ 9, 84, 7 ]
               - [ 91, 97, 2 ]
               - [ 38, 19, 5 ]
         -
            width: 49
            height: 53
            tl_x: 51
            tl_y: 50
            pyramid_level: 1
            features:
               - [ 6, 44, 6 ]
               - [ 17, 9, 5 ]
               - [ 40, 11, 5 ]
               - [ 0, 31, 7 ]
               - [ 47, 36, 6 ]
               - [ 28, 51, 5 ]
               - [ 3, 14, 2 ]
               - [ 30, 1, 3 ]
               - [ 42, 24, 1 ]
               - [ 41, 53, 3 ]
   -
      template_id: 1
      templates:
         -
            width: 102
            height: 105
            tl_x: 100
            tl_y: 100
            pyramid_level: 0
            features:
               - [ 1, 45, 1 ]
               - [ 70, 19, 4 ]
               - [ 27, 101, 6 ]
               - [ 26, 19, 4 ]
               - [ 60, 0, 3 ]
               - [ 3, 67, 7 ]
               - [ 84, 21, 5 ]
               - [ 56, 100, 4 ]
               - [ 85, 44, 0 ]
               - [ 49, 10, 1 ]
               - [ 97, 68, 6 ]
               - [ 41, 21, 5 ]
               - [ 9, 80, 7 ]
               - [ 75, 105, 5 ]
               - [ 42, 103, 3 ]
               - [ 8, 28, 2 ]
               - [ 87, 57, 7 ]
               - [ 100, 87, 1 ]
               - [ 87, 104, 3 ]
               - [ 92, 31, 2 ]
         -
            width: 51
            height: 52
            tl_x: 50
            tl_y: 50
            pyramid_level: 1
            features:
               - [ 11, 48, 6 ]
               - [ 33, 51, 5 ]
               - [ 1, 31, 0 ]
               - [ 18, 10, 4 ]
               - [ 2, 17, 1 ]
               - [ 51, 41, 1 ]
               - [ 43, 11, 5 ]
               - [ 27, 2, 2 ]
               - [ 43, 27, 7 ]
               - [ 22, 51, 3 ]
               - [ 45, 51, 2 ]
   -
      template_id: 2
      templates:
         -
            width: 104
            height: 105
            tl_x: 100
            tl_y: 100
            pyramid_level: 0
            features:
               - [ 68, 17, 4 ]
               - [ 44, 15, 0 ]
               - [ 24, 97, 6 ]
               - [ 8, 29, 2 ]
               - [ 19, 22, 3 ]
               - [ 84, 41, 0 ]
               - [ 83, 19, 5 ]
               - [ 1, 60, 7 ]
               - [ 53, 1, 3 ]
               - [ 50, 102, 3 ]
               - [ 102, 66, 5 ]
               - [ 9, 80, 7 ]
               - [ 88, 55, 7 ]
               - [ 72, 101, 4 ]
               - [ 32, 21, 4 ]
               - [ 1, 47, 0 ]
               - [ 104, 78, 1 ]
               - [ 63, 6, 1 ]
               - [ 96, 96, 2 ]
               - [ 4, 70, 7 ]
               - [ 40, 105, 4 ]
               - [ 89, 28, 2 ]
               - [ 60, 100, 4 ]
         -
            width: 52
            height: 52
            tl_x: 50
            tl_y: 50
            pyramid_level: 1
            features:
               - [ 14, 50, 6 ]
               - [ 29, 50, 4 ]
               - [ 1, 20, 1 ]
               - [ 2, 35, 7 ]
               - [ 42, 21, 0 ]
               - [ 24, 3, 2 ]
               - [ 51, 42, 1 ]
               - [ 40, 9, 5 ]
               - [ 10, 11, 3 ]
               - [ 49, 32, 5 ]
               - [ 39, 51, 5 ]
   -
      template_id: 3
      templates:
         -
            width: 106
            height: 106
            tl_x: 100
            tl_y: 100
            pyramid_level: 0
            features:
               - [ 64, 16, 3 ]
               - [ 41, 14, 0 ]
               - [ 45, 106, 4 ]
               - [ 99, 60, 5 ]
               - [ 6, 33, 2 ]
               - [ 1, 62, 0 ]
               - [ 83, 40, 0 ]
               - [ 26, 98, 5 ]
               - [ 63, 99, 4 ]
               - [ 48, 1, 2 ]
               - [ 81, 17, 5 ]
               - [ 16, 25, 3 ]
               - [ 31, 23, 4 ]
               - [ 89, 53, 6 ]
               - [ 11, 83, 6 ]
               - [ 83, 100, 5 ]
               - [ 1, 44, 1 ]
               - [ 106, 73, 0 ]
               - [ 99, 93, 1 ]
               - [ 5, 73, 7 ]
               - [ 59, 1, 0 ]
         -
            width: 53
            height: 53
            tl_x: 50
            tl_y: 50
            pyramid_level: 1
            features:
               - [ 16, 51, 5 ]
               - [ 6, 14, 2 ]
               - [ 39, 8, 5 ]
               - [ 5, 41, 6 ]
               - [ 21, 5, 1 ]
               - [ 27, 51, 3 ]
               - [ 53, 36, 0 ]
               - [ 45, 27, 6 ]
               - [ 48, 48, 2 ]
               - [ 1, 21, 1 ]
               - [ 42, 16, 1 ]
               - [ 29, 3, 0 ]
   -
      template_id: 4
      templates:
         -
            width: 106
            height: 105
            tl_x: 100
            tl_y: 100
            pyramid_level: 0
            features:
               - [ 61, 15, 3 ]
               - [ 69, 97, 3 ]
               - [ 39, 105, 5 ]
               - [ 54, 0, 7 ]
               - [ 76, 14, 5 ]
               - [ 2, 42, 1 ]
               - [ 0, 56, 0 ]
               - [ 29, 25, 4 ]
               - [ 38, 11, 1 ]
               - [ 103, 57, 4 ]
               - [ 87, 97, 4 ]
               - [ 88, 49, 6 ]
               - [ 81, 35, 0 ]
               - [ 7, 78, 7 ]
               - [ 11, 30, 2 ]
               - [ 56, 103, 2 ]
               - [ 106, 76, 0 ]
               - [ 102, 89, 1 ]
               - [ 43, 24, 3 ]
               - [ 28, 99, 5 ]
         -
            width: 53
            height: 52
            tl_x: 50
            tl_y: 50
            pyramid_level: 1
            features:
               - [ 11, 13, 4 ]
               - [ 15, 50, 5 ]
               - [ 32, 7, 3 ]
               - [ 33, 49, 3 ]
               - [ 0, 27, 0 ]
               - [ 50, 28, 5 ]
               - [ 52, 42, 1 ]
               - [ 6, 42, 6 ]
               - [ 20, 3, 1 ]
               - [ 41, 19, 7 ]
   -
      template_id: 5
      templates:
         -
            width: 107
            height: 106
            tl_x: 100
            tl_y: 100
            pyramid_level: 0
            features:
               - [ 58, 14, 3 ]
               - [ 34, 15, 0 ]
               - [ 1, 46, 1 ]
               - [ 71, 96, 3 ]
               - [ 32, 101, 5 ]
               - [ 55, 106, 3 ]
               - [ 80, 35, 7 ]
               - [ 72, 12, 4 ]
               - [ 100, 52, 5 ]
               - [ 1, 63, 0 ]
               - [ 11, 32, 2 ]
               - [ 49, 0, 7 ]
               - [ 27, 27, 4 ]
               - [ 17, 90, 6 ]
               - [ 6, 76, 7 ]
               - [ 91, 94, 4 ]
               - [ 107, 76, 0 ]
               - [ 43, 106, 5 ]
               - [ 80, 23, 1 ]
               - [ 42, 24, 3 ]
         -
            width: 53
            height: 53
            tl_x: 50
            tl_y: 50
            pyramid_level: 1
            features:
               - [ 29, 7, 3 ]
               - [ 11, 14, 3 ]
               - [ 12, 48, 6 ]
               - [ 1, 22, 1 ]
               - [ 36, 48, 3 ]
               - [ 47, 25, 5 ]
               - [ 40, 12, 1 ]
               - [ 53, 40, 1 ]
               - [ 22, 53, 5 ]
               - [ 19, 2, 2 ]
   -
      template_id: 6
      templates:
