%YAML:1.0
---
class_id: "back0warp22.png"
pyramid_levels: 2
template_pyramids:
   -
      template_id: 0
      templates:
         -
            width: 89
            height: 95
            tl_x: 100
            tl_y: 102
            pyramid_level: 0
            features:
               - [ 36, 24, 3 ]
               - [ 47, 82, 3 ]
               - [ 21, 31, 2 ]
               - [ 59, 1, 2 ]
               - [ 66, 11, 3 ]
               - [ 79, 18, 1 ]
               - [ 49, 13, 1 ]
               - [ 29, 95, 3 ]
               - [ 6, 48, 1 ]
               - [ 82, 61, 1 ]
               - [ 76, 70, 2 ]
               - [ 2, 58, 1 ]
               - [ 89, 45, 1 ]
               - [ 83, 37, 5 ]
               - [ 61, 77, 3 ]
               - [ 76, 8, 4 ]
               - [ 18, 95, 5 ]
               - [ 1, 77, 7 ]
               - [ 6, 87, 6 ]
               - [ 14, 37, 2 ]
         -
            width: 44
            height: 47
            tl_x: 50
            tl_y: 51
            pyramid_level: 1
            features:
               - [ 18, 12, 3 ]
               - [ 3, 24, 1 ]
               - [ 29, 39, 3 ]
               - [ 43, 26, 1 ]
               - [ 39, 10, 1 ]
               - [ 18, 45, 2 ]
               - [ 8, 47, 5 ]
               - [ 26, 4, 2 ]
               - [ 38, 35, 2 ]
               - [ 1, 40, 7 ]
   -
      template_id: 1
      templates:
         -
            width: 85
            height: 98
            tl_x: 102
            tl_y: 102
            pyramid_level: 0
            features:
               - [ 53, 0, 2 ]
               - [ 31, 25, 3 ]
               - [ 19, 32, 2 ]
               - [ 33, 95, 3 ]
               - [ 45, 84, 2 ]
               - [ 44, 13, 1 ]
               - [ 81, 58, 1 ]
               - [ 66, 7, 3 ]
               - [ 75, 14, 1 ]
               - [ 5, 50, 1 ]
               - [ 85, 47, 1 ]
               - [ 1, 62, 1 ]
               - [ 71, 72, 3 ]
               - [ 76, 32, 6 ]
               - [ 55, 78, 3 ]
               - [ 23, 98, 5 ]
               - [ 3, 84, 7 ]
               - [ 12, 39, 2 ]
               - [ 40, 22, 3 ]
               - [ 72, 23, 0 ]
               - [ 14, 95, 5 ]
         -
            width: 42
            height: 49
            tl_x: 51
            tl_y: 51
            pyramid_level: 1
            features:
               - [ 40, 30, 1 ]
               - [ 15, 13, 3 ]
               - [ 3, 24, 1 ]
               - [ 17, 47, 2 ]
               - [ 37, 8, 1 ]
               - [ 28, 39, 3 ]
               - [ 1, 41, 7 ]
               - [ 23, 4, 1 ]
               - [ 40, 17, 5 ]
               - [ 9, 48, 5 ]
   -
      template_id: 2
      templates:
         -
            width: 84
            height: 97
            tl_x: 104
            tl_y: 104
            pyramid_level: 0
            features:
               - [ 17, 31, 2 ]
               - [ 43, 2, 1 ]
               - [ 28, 24, 3 ]
               - [ 2, 55, 1 ]
               - [ 68, 18, 0 ]
               - [ 57, 5, 3 ]
               - [ 45, 83, 2 ]
               - [ 0, 69, 0 ]
               - [ 7, 43, 1 ]
               - [ 76, 61, 1 ]
               - [ 35, 94, 2 ]
               - [ 81, 48, 1 ]
               - [ 71, 6, 1 ]
               - [ 84, 34, 0 ]
               - [ 23, 97, 5 ]
               - [ 62, 72, 3 ]
               - [ 9, 91, 6 ]
               - [ 44, 17, 2 ]
               - [ 74, 28, 5 ]
               - [ 2, 80, 7 ]
         -
            width: 42
            height: 48
            tl_x: 52
            tl_y: 52
            pyramid_level: 1
            features:
               - [ 14, 12, 3 ]
               - [ 1, 28, 1 ]
               - [ 40, 26, 1 ]
               - [ 21, 43, 2 ]
               - [ 7, 17, 2 ]
               - [ 29, 37, 3 ]
               - [ 10, 48, 5 ]
               - [ 34, 8, 0 ]
               - [ 22, 0, 2 ]
               - [ 31, 1, 3 ]
               - [ 38, 14, 5 ]
   -
      template_id: 3
      templates:
         -
            width: 80
            height: 98
            tl_x: 106
            tl_y: 104
            pyramid_level: 0
            features:
               - [ 37, 2, 1 ]
               - [ 17, 30, 2 ]
               - [ 45, 84, 2 ]
               - [ 8, 41, 2 ]
               - [ 0, 73, 0 ]
               - [ 58, 0, 3 ]
               - [ 2, 55, 1 ]
               - [ 26, 24, 3 ]
               - [ 78, 50, 0 ]
               - [ 64, 9, 0 ]
               - [ 80, 38, 0 ]
               - [ 34, 97, 2 ]
               - [ 68, 24, 6 ]
               - [ 54, 75, 2 ]
               - [ 73, 62, 2 ]
               - [ 64, 69, 3 ]
               - [ 22, 98, 4 ]
               - [ 5, 87, 7 ]
               - [ 40, 16, 2 ]
               - [ 46, 1, 1 ]
               - [ 12, 94, 6 ]
         -
            width: 40
            height: 49
            tl_x: 53
            tl_y: 52
            pyramid_level: 1
            features:
               - [ 32, 5, 0 ]
               - [ 13, 12, 3 ]
               - [ 39, 25, 1 ]
               - [ 5, 19, 2 ]
               - [ 31, 35, 3 ]
               - [ 21, 44, 2 ]
               - [ 0, 34, 0 ]
               - [ 11, 49, 4 ]
               - [ 18, 2, 1 ]
               - [ 3, 44, 6 ]
               - [ 37, 13, 4 ]
   -
      template_id: 4
      templates:
         -
            width: 78
            height: 101
            tl_x: 108
            tl_y: 102
            pyramid_level: 0
            features:
               - [ 31, 5, 1 ]
               - [ 7, 43, 1 ]
               - [ 51, 1, 3 ]
               - [ 59, 16, 7 ]
               - [ 17, 31, 2 ]
               - [ 52, 78, 2 ]
               - [ 0, 72, 0 ]
               - [ 1, 59, 0 ]
               - [ 75, 54, 1 ]
               - [ 77, 42, 0 ]
               - [ 45, 87, 1 ]
               - [ 38, 98, 2 ]
               - [ 77, 28, 0 ]
               - [ 27, 24, 3 ]
               - [ 65, 24, 5 ]
               - [ 62, 70, 2 ]
               - [ 4, 88, 7 ]
               - [ 23, 101, 4 ]
               - [ 59, 7, 1 ]
               - [ 40, 2, 0 ]
               - [ 29, 14, 0 ]
               - [ 71, 63, 2 ]
               - [ 14, 98, 5 ]
         -
            width: 39
            height: 50
            tl_x: 54
            tl_y: 51
            pyramid_level: 1
            features:
               - [ 4, 21, 1 ]
               - [ 38, 25, 0 ]
               - [ 21, 46, 1 ]
               - [ 27, 38, 2 ]
               - [ 12, 13, 2 ]
               - [ 25, 1, 3 ]
               - [ 7, 49, 5 ]
               - [ 30, 9, 7 ]
               - [ 15, 4, 1 ]
               - [ 39, 17, 0 ]
   -
      template_id: 5
      templates:
         -
            width: 74
            height: 104
            tl_x: 110
            tl_y: 100
            pyramid_level: 0
            features:
               - [ 25, 9, 1 ]
               - [ 54, 16, 7 ]
               - [ 40, 6, 2 ]
               - [ 5, 47, 1 ]
               - [ 17, 32, 2 ]
               - [ 53, 78, 2 ]
               - [ 73, 55, 1 ]
               - [ 0, 68, 0 ]
               - [ 74, 34, 0 ]
               - [ 40, 100, 2 ]
               - [ 1, 82, 7 ]
               - [ 47, 87, 1 ]
               - [ 49, 0, 3 ]
               - [ 61, 24, 5 ]
               - [ 1, 58, 1 ]
               - [ 64, 68, 2 ]
               - [ 6, 93, 7 ]
               - [ 16, 102, 5 ]
               - [ 29, 0, 1 ]
               - [ 10, 39, 2 ]
               - [ 74, 46, 0 ]
         -
            width: 37
            height: 52
            tl_x: 55
            tl_y: 50
            pyramid_level: 1
            features:
               - [ 37, 25, 0 ]
               - [ 0, 38, 0 ]
               - [ 23, 45, 1 ]
               - [ 2, 25, 1 ]
               - [ 13, 52, 4 ]
               - [ 31, 35, 2 ]
               - [ 27, 7, 0 ]
               - [ 10, 15, 2 ]
               - [ 12, 5, 1 ]
               - [ 37, 17, 0 ]
   -
      template_id: 6
      templates:
         -
            width: 74
            height: 107
