%YAML:1.0
---
class_id: "back0warp62.png"
pyramid_levels: 2
template_pyramids:
   -
      template_id: 0
      templates:
         -
            width: 64
            height: 122
            tl_x: 100
            tl_y: 102
            pyramid_level: 0
            features:
               - [ 4, 84, 7 ]
               - [ 45, 10, 1 ]
               - [ 10, 100, 7 ]
               - [ 3, 36, 1 ]
               - [ 57, 80, 7 ]
               - [ 56, 55, 1 ]
               - [ 64, 106, 1 ]
               - [ 62, 36, 6 ]
               - [ 31, 15, 1 ]
               - [ 42, 122, 6 ]
               - [ 1, 67, 0 ]
               - [ 56, 121, 2 ]
               - [ 51, 26, 5 ]
               - [ 32, 114, 5 ]
               - [ 14, 23, 3 ]
               - [ 1, 51, 0 ]
               - [ 35, 28, 3 ]
               - [ 40, 1, 2 ]
               - [ 62, 89, 7 ]
               - [ 24, 25, 5 ]
               - [ 54, 65, 0 ]
         -
            width: 32
            height: 61
            tl_x: 50
            tl_y: 51
            pyramid_level: 1
            features:
               - [ 1, 20, 1 ]
               - [ 5, 50, 7 ]
               - [ 1, 37, 0 ]
               - [ 30, 43, 7 ]
               - [ 20, 60, 6 ]
               - [ 30, 23, 1 ]
               - [ 17, 4, 1 ]
               - [ 25, 13, 5 ]
               - [ 32, 53, 1 ]
               - [ 10, 12, 5 ]
               - [ 27, 33, 0 ]
   -
      template_id: 1
      templates:
         -
            width: 68
            height: 116
            tl_x: 100
            tl_y: 106
            pyramid_level: 0
            features:
               - [ 6, 82, 7 ]
               - [ 11, 94, 7 ]
               - [ 31, 1, 1 ]
               - [ 0, 51, 0 ]
               - [ 1, 35, 1 ]
               - [ 1, 63, 0 ]
               - [ 56, 46, 1 ]
               - [ 10, 21, 3 ]
               - [ 61, 115, 1 ]
               - [ 46, 116, 6 ]
               - [ 38, 13, 1 ]
               - [ 57, 70, 7 ]
               - [ 64, 82, 6 ]
               - [ 68, 98, 1 ]
               - [ 23, 110, 5 ]
               - [ 54, 24, 6 ]
               - [ 61, 35, 1 ]
               - [ 32, 24, 3 ]
               - [ 27, 12, 0 ]
               - [ 36, 110, 5 ]
         -
            width: 34
            height: 58
            tl_x: 50
            tl_y: 53
            pyramid_level: 1
            features:
               - [ 8, 51, 7 ]
               - [ 2, 38, 7 ]
               - [ 32, 41, 6 ]
               - [ 28, 23, 1 ]
               - [ 23, 58, 6 ]
               - [ 33, 52, 1 ]
               - [ 14, 4, 1 ]
               - [ 1, 16, 1 ]
               - [ 27, 12, 6 ]
               - [ 28, 33, 7 ]
               - [ 9, 11, 5 ]
   -
      template_id: 2
      templates:
         -
            width: 73
            height: 115
            tl_x: 98
            tl_y: 106
            pyramid_level: 0
            features:
               - [ 3, 64, 7 ]
               - [ 1, 53, 0 ]
               - [ 23, 105, 6 ]
               - [ 10, 84, 7 ]
               - [ 1, 38, 0 ]
               - [ 38, 3, 0 ]
               - [ 16, 95, 7 ]
               - [ 62, 72, 7 ]
               - [ 25, 13, 0 ]
               - [ 56, 49, 0 ]
               - [ 53, 115, 5 ]
               - [ 73, 96, 1 ]
               - [ 42, 20, 4 ]
               - [ 68, 112, 1 ]
               - [ 9, 23, 3 ]
               - [ 41, 109, 4 ]
               - [ 71, 82, 6 ]
               - [ 59, 27, 6 ]
               - [ 21, 24, 5 ]
               - [ 28, 1, 1 ]
               - [ 6, 74, 7 ]
               - [ 59, 37, 1 ]
               - [ 58, 62, 7 ]
         -
            width: 36
            height: 57
            tl_x: 49
            tl_y: 53
            pyramid_level: 1
            features:
               - [ 6, 44, 7 ]
               - [ 29, 31, 7 ]
               - [ 1, 17, 1 ]
               - [ 24, 56, 5 ]
               - [ 19, 2, 0 ]
               - [ 35, 53, 1 ]
               - [ 29, 20, 1 ]
               - [ 34, 40, 6 ]
               - [ 11, 52, 6 ]
               - [ 26, 11, 5 ]
   -
      template_id: 3
      templates:
         -
            width: 76
            height: 112
            tl_x: 98
            tl_y: 106
            pyramid_level: 0
            features:
               - [ 4, 68, 7 ]
               - [ 40, 19, 4 ]
               - [ 18, 95, 6 ]
               - [ 21, 16, 0 ]
               - [ 24, 0, 1 ]
               - [ 27, 106, 6 ]
               - [ 0, 35, 1 ]
               - [ 0, 52, 0 ]
               - [ 10, 82, 7 ]
               - [ 73, 79, 5 ]
               - [ 64, 71, 6 ]
               - [ 75, 100, 0 ]
               - [ 58, 32, 1 ]
               - [ 56, 112, 5 ]
               - [ 55, 46, 0 ]
               - [ 7, 25, 3 ]
               - [ 41, 109, 3 ]
               - [ 52, 22, 6 ]
               - [ 57, 57, 7 ]
               - [ 28, 25, 2 ]
         -
            width: 38
            height: 56
            tl_x: 49
            tl_y: 53
            pyramid_level: 1
            features:
               - [ 11, 50, 6 ]
               - [ 4, 39, 7 ]
               - [ 38, 47, 0 ]
               - [ 11, 3, 1 ]
               - [ 0, 18, 1 ]
               - [ 28, 20, 0 ]
               - [ 32, 35, 6 ]
               - [ 28, 56, 5 ]
               - [ 26, 11, 5 ]
               - [ 19, 55, 3 ]
   -
      template_id: 4
      templates:
         -
            width: 81
            height: 108
            tl_x: 96
            tl_y: 108
            pyramid_level: 0
            features:
               - [ 3, 58, 7 ]
               - [ 7, 69, 7 ]
               - [ 38, 17, 3 ]
               - [ 0, 43, 0 ]
               - [ 56, 42, 0 ]
               - [ 19, 89, 6 ]
               - [ 30, 0, 0 ]
               - [ 66, 65, 6 ]
               - [ 35, 106, 6 ]
               - [ 59, 107, 5 ]
               - [ 8, 25, 3 ]
               - [ 19, 8, 0 ]
               - [ 81, 87, 0 ]
               - [ 79, 103, 1 ]
               - [ 58, 27, 1 ]
               - [ 20, 19, 7 ]
               - [ 46, 107, 3 ]
               - [ 60, 55, 7 ]
               - [ 1, 33, 1 ]
               - [ 13, 80, 7 ]
               - [ 74, 72, 6 ]
         -
            width: 40
            height: 54
            tl_x: 48
            tl_y: 54
            pyramid_level: 1
            features:
               - [ 10, 45, 6 ]
               - [ 0, 21, 0 ]
               - [ 31, 54, 5 ]
               - [ 36, 35, 6 ]
               - [ 28, 21, 0 ]
               - [ 40, 49, 0 ]
               - [ 10, 2, 1 ]
               - [ 26, 10, 5 ]
               - [ 6, 12, 4 ]
               - [ 30, 28, 7 ]
   -
      template_id: 5
      templates:
         -
            width: 86
            height: 106
            tl_x: 94
            tl_y: 110
            pyramid_level: 0
            features:
               - [ 10, 69, 7 ]
               - [ 5, 58, 7 ]
               - [ 37, 15, 3 ]
               - [ 21, 85, 6 ]
               - [ 28, 1, 7 ]
               - [ 1, 44, 0 ]
               - [ 18, 15, 0 ]
               - [ 57, 39, 0 ]
               - [ 34, 98, 6 ]
               - [ 78, 67, 5 ]
               - [ 59, 102, 4 ]
               - [ 52, 17, 5 ]
               - [ 73, 105, 5 ]
               - [ 85, 97, 0 ]
               - [ 4, 28, 2 ]
               - [ 45, 106, 5 ]
               - [ 86, 81, 0 ]
               - [ 64, 55, 6 ]
               - [ 17, 4, 0 ]
               - [ 26, 23, 2 ]
         -
            width: 43
            height: 53
            tl_x: 47
            tl_y: 55
            pyramid_level: 1
            features:
               - [ 18, 50, 6 ]
               - [ 8, 39, 6 ]
               - [ 1, 24, 7 ]
               - [ 35, 52, 5 ]
               - [ 14, 1, 0 ]
               - [ 43, 42, 0 ]
               - [ 34, 30, 6 ]
               - [ 25, 8, 5 ]
               - [ 4, 13, 3 ]
               - [ 29, 21, 7 ]
   -
      template_id: 6
      templates:
         -
            width: 88
