%YAML:1.0
---
class_id: "back0warp19.png"
pyramid_levels: 2
template_pyramids:
   -
      template_id: 0
      templates:
         -
            width: 101
            height: 79
            tl_x: 100
            tl_y: 100
            pyramid_level: 0
            features:
               - [ 84, 15, 5 ]
               - [ 67, 1, 3 ]
               - [ 48, 16, 5 ]
               - [ 88, 79, 3 ]
               - [ 96, 49, 5 ]
               - [ 24, 15, 3 ]
               - [ 47, 78, 3 ]
               - [ 1, 37, 1 ]
               - [ 13, 20, 2 ]
               - [ 90, 28, 2 ]
               - [ 17, 74, 6 ]
               - [ 101, 64, 1 ]
               - [ 74, 14, 4 ]
               - [ 1, 50, 7 ]
               - [ 34, 14, 4 ]
               - [ 68, 79, 4 ]
               - [ 8, 65, 6 ]
               - [ 60, 17, 4 ]
               - [ 89, 42, 7 ]
               - [ 56, 77, 4 ]
         -
            width: 50
            height: 39
            tl_x: 50
            tl_y: 50
            pyramid_level: 1
            features:
               - [ 16, 7, 4 ]
               - [ 24, 39, 4 ]
               - [ 49, 25, 5 ]
               - [ 2, 29, 7 ]
               - [ 1, 17, 1 ]
               - [ 43, 8, 5 ]
               - [ 47, 37, 2 ]
               - [ 30, 2, 3 ]
               - [ 11, 39, 6 ]
               - [ 8, 9, 3 ]
   -
      template_id: 1
      templates:
         -
            width: 103
            height: 81
            tl_x: 100
            tl_y: 100
            pyramid_level: 0
            features:
               - [ 39, 16, 4 ]
               - [ 63, 0, 3 ]
               - [ 17, 20, 3 ]
               - [ 85, 13, 5 ]
               - [ 70, 13, 4 ]
               - [ 20, 77, 6 ]
               - [ 1, 42, 0 ]
               - [ 56, 77, 4 ]
               - [ 7, 28, 2 ]
               - [ 89, 39, 7 ]
               - [ 92, 75, 2 ]
               - [ 51, 10, 1 ]
               - [ 98, 46, 5 ]
               - [ 2, 55, 7 ]
               - [ 88, 26, 1 ]
               - [ 42, 81, 3 ]
               - [ 8, 66, 6 ]
               - [ 103, 60, 1 ]
               - [ 65, 77, 4 ]
               - [ 31, 16, 4 ]
         -
            width: 51
            height: 40
            tl_x: 50
            tl_y: 50
            pyramid_level: 1
            features:
               - [ 19, 8, 4 ]
               - [ 49, 23, 5 ]
               - [ 26, 39, 3 ]
               - [ 39, 6, 4 ]
               - [ 4, 33, 6 ]
               - [ 1, 19, 1 ]
               - [ 7, 11, 3 ]
               - [ 49, 34, 2 ]
               - [ 28, 2, 2 ]
               - [ 11, 39, 5 ]
   -
      template_id: 2
      templates:
         -
            width: 105
            height: 81
            tl_x: 100
            tl_y: 102
            pyramid_level: 0
            features:
               - [ 70, 9, 4 ]
               - [ 25, 17, 3 ]
               - [ 55, 0, 2 ]
               - [ 86, 9, 5 ]
               - [ 42, 15, 4 ]
               - [ 58, 75, 3 ]
               - [ 94, 70, 2 ]
               - [ 7, 29, 2 ]
               - [ 22, 77, 5 ]
               - [ 96, 39, 5 ]
               - [ 49, 7, 1 ]
               - [ 87, 20, 1 ]
               - [ 1, 47, 0 ]
               - [ 105, 52, 1 ]
               - [ 4, 58, 7 ]
               - [ 68, 74, 4 ]
               - [ 101, 61, 1 ]
               - [ 87, 31, 7 ]
               - [ 17, 20, 3 ]
               - [ 50, 78, 3 ]
               - [ 29, 81, 5 ]
               - [ 3, 36, 1 ]
               - [ 8, 65, 7 ]
               - [ 15, 72, 6 ]
         -
            width: 52
            height: 40
            tl_x: 50
            tl_y: 51
            pyramid_level: 1
            features:
               - [ 16, 8, 4 ]
               - [ 39, 4, 4 ]
               - [ 33, 37, 4 ]
               - [ 49, 20, 5 ]
               - [ 12, 39, 5 ]
               - [ 1, 20, 1 ]
               - [ 3, 31, 7 ]
               - [ 49, 33, 2 ]
               - [ 28, 0, 2 ]
               - [ 7, 11, 2 ]
   -
      template_id: 3
      templates:
         -
            width: 105
            height: 87
            tl_x: 102
            tl_y: 98
            pyramid_level: 0
            features:
               - [ 31, 21, 4 ]
               - [ 64, 12, 3 ]
               - [ 20, 24, 3 ]
               - [ 44, 12, 1 ]
               - [ 79, 10, 4 ]
               - [ 94, 71, 2 ]
               - [ 93, 39, 5 ]
               - [ 54, 1, 3 ]
               - [ 0, 54, 0 ]
               - [ 61, 78, 3 ]
               - [ 4, 37, 1 ]
               - [ 10, 30, 2 ]
               - [ 84, 19, 1 ]
               - [ 103, 54, 1 ]
               - [ 22, 83, 5 ]
               - [ 31, 87, 5 ]
               - [ 85, 33, 6 ]
               - [ 14, 78, 6 ]
               - [ 3, 65, 7 ]
               - [ 39, 20, 4 ]
               - [ 1, 45, 1 ]
               - [ 53, 81, 3 ]
               - [ 105, 46, 0 ]
               - [ 8, 72, 6 ]
         -
            width: 52
            height: 43
            tl_x: 51
            tl_y: 49
            pyramid_level: 1
            features:
               - [ 37, 5, 4 ]
               - [ 10, 12, 3 ]
               - [ 12, 42, 5 ]
               - [ 48, 20, 5 ]
               - [ 31, 39, 3 ]
               - [ 1, 21, 1 ]
               - [ 51, 29, 1 ]
               - [ 3, 35, 6 ]
               - [ 25, 2, 2 ]
               - [ 18, 10, 4 ]
   -
      template_id: 4
      templates:
         -
            width: 104
            height: 91
            tl_x: 102
            tl_y: 96
            pyramid_level: 0
            features:
               - [ 20, 28, 3 ]
               - [ 61, 13, 3 ]
               - [ 34, 24, 3 ]
               - [ 45, 8, 2 ]
               - [ 4, 43, 1 ]
               - [ 11, 34, 2 ]
               - [ 95, 38, 4 ]
               - [ 64, 79, 3 ]
               - [ 82, 18, 1 ]
               - [ 1, 59, 0 ]
               - [ 25, 87, 5 ]
               - [ 98, 67, 2 ]
               - [ 104, 51, 1 ]
               - [ 53, 1, 3 ]
               - [ 36, 91, 5 ]
               - [ 53, 85, 2 ]
               - [ 6, 72, 6 ]
               - [ 77, 76, 3 ]
               - [ 70, 10, 4 ]
               - [ 86, 34, 6 ]
         -
            width: 52
            height: 45
            tl_x: 51
            tl_y: 48
            pyramid_level: 1
            features:
               - [ 10, 14, 3 ]
               - [ 48, 19, 4 ]
               - [ 36, 5, 4 ]
               - [ 14, 44, 5 ]
               - [ 31, 40, 3 ]
               - [ 3, 20, 1 ]
               - [ 51, 29, 1 ]
               - [ 23, 3, 2 ]
               - [ 41, 10, 1 ]
               - [ 16, 12, 3 ]
               - [ 8, 41, 6 ]
               - [ 29, 3, 0 ]
   -
      template_id: 5
      templates:
         -
            width: 102
            height: 90
            tl_x: 104
            tl_y: 98
            pyramid_level: 0
            features:
               - [ 25, 25, 3 ]
               - [ 55, 11, 3 ]
               - [ 16, 29, 3 ]
               - [ 40, 6, 2 ]
               - [ 91, 32, 4 ]
               - [ 64, 7, 3 ]
               - [ 64, 76, 3 ]
               - [ 97, 62, 2 ]
               - [ 30, 88, 5 ]
               - [ 2, 45, 1 ]
               - [ 1, 63, 7 ]
               - [ 77, 15, 0 ]
               - [ 5, 72, 7 ]
               - [ 21, 85, 5 ]
               - [ 35, 22, 3 ]
               - [ 80, 71, 3 ]
               - [ 102, 46, 0 ]
               - [ 74, 5, 4 ]
               - [ 12, 79, 6 ]
               - [ 46, 0, 2 ]
               - [ 37, 14, 0 ]
               - [ 6, 38, 2 ]
               - [ 38, 90, 5 ]
               - [ 0, 53, 0 ]
               - [ 83, 29, 6 ]
               - [ 72, 73, 3 ]
         -
            width: 51
            height: 45
            tl_x: 52
            tl_y: 49
            pyramid_level: 1
            features:
               - [ 9, 14, 3 ]
               - [ 15, 44, 5 ]
               - [ 31, 4, 3 ]
               - [ 46, 16, 4 ]
