%YAML:1.0
---
class_id: "back0warp34.png"
pyramid_levels: 2
template_pyramids:
   -
      template_id: 0
      templates:
         -
            width: 89
            height: 104
            tl_x: 100
            tl_y: 104
            pyramid_level: 0
            features:
               - [ 50, 12, 1 ]
               - [ 12, 38, 2 ]
               - [ 49, 92, 3 ]
               - [ 28, 25, 3 ]
               - [ 66, 13, 3 ]
               - [ 59, 0, 2 ]
               - [ 4, 53, 1 ]
               - [ 81, 12, 5 ]
               - [ 78, 28, 1 ]
               - [ 89, 56, 1 ]
               - [ 32, 104, 3 ]
               - [ 71, 87, 3 ]
               - [ 81, 76, 1 ]
               - [ 1, 70, 0 ]
               - [ 41, 22, 4 ]
               - [ 3, 84, 7 ]
               - [ 10, 96, 6 ]
               - [ 79, 42, 7 ]
               - [ 60, 89, 4 ]
               - [ 19, 103, 5 ]
         -
            width: 44
            height: 52
            tl_x: 50
            tl_y: 52
            pyramid_level: 1
            features:
               - [ 7, 18, 2 ]
               - [ 16, 12, 3 ]
               - [ 1, 30, 1 ]
               - [ 28, 45, 3 ]
               - [ 40, 12, 1 ]
               - [ 43, 32, 1 ]
               - [ 16, 52, 3 ]
               - [ 1, 40, 7 ]
               - [ 26, 4, 1 ]
               - [ 42, 23, 5 ]
   -
      template_id: 1
      templates:
         -
            width: 87
            height: 109
            tl_x: 102
            tl_y: 100
            pyramid_level: 0
            features:
               - [ 19, 34, 2 ]
               - [ 9, 45, 1 ]
               - [ 63, 14, 3 ]
               - [ 32, 28, 3 ]
               - [ 47, 10, 1 ]
               - [ 81, 76, 1 ]
               - [ 34, 109, 3 ]
               - [ 75, 13, 5 ]
               - [ 3, 58, 1 ]
               - [ 74, 29, 0 ]
               - [ 46, 99, 2 ]
               - [ 55, 1, 2 ]
               - [ 1, 81, 0 ]
               - [ 69, 90, 3 ]
               - [ 57, 93, 3 ]
               - [ 87, 57, 1 ]
               - [ 12, 103, 6 ]
               - [ 76, 43, 7 ]
               - [ 4, 92, 7 ]
               - [ 22, 109, 5 ]
         -
            width: 43
            height: 54
            tl_x: 51
            tl_y: 50
            pyramid_level: 1
            features:
               - [ 5, 22, 2 ]
               - [ 16, 14, 3 ]
               - [ 41, 37, 1 ]
               - [ 37, 15, 0 ]
               - [ 21, 51, 2 ]
               - [ 30, 46, 3 ]
               - [ 2, 46, 7 ]
               - [ 10, 54, 5 ]
               - [ 24, 4, 1 ]
               - [ 1, 31, 1 ]
               - [ 35, 6, 4 ]
   -
      template_id: 2
      templates:
         -
            width: 85
            height: 110
            tl_x: 104
            tl_y: 100
            pyramid_level: 0
            features:
               - [ 10, 42, 2 ]
               - [ 55, 14, 3 ]
               - [ 48, 0, 2 ]
               - [ 39, 17, 0 ]
               - [ 70, 24, 0 ]
               - [ 0, 74, 0 ]
               - [ 28, 29, 3 ]
               - [ 4, 53, 1 ]
               - [ 52, 95, 2 ]
               - [ 41, 106, 2 ]
               - [ 73, 86, 2 ]
               - [ 80, 75, 1 ]
               - [ 85, 53, 0 ]
               - [ 67, 10, 4 ]
               - [ 2, 87, 7 ]
               - [ 71, 37, 7 ]
               - [ 22, 110, 5 ]
               - [ 8, 99, 7 ]
               - [ 83, 64, 1 ]
               - [ 62, 90, 3 ]
         -
            width: 42
            height: 55
            tl_x: 52
            tl_y: 50
            pyramid_level: 1
            features:
               - [ 41, 34, 1 ]
               - [ 35, 12, 0 ]
               - [ 0, 35, 0 ]
               - [ 9, 17, 2 ]
               - [ 23, 50, 2 ]
               - [ 11, 55, 5 ]
               - [ 34, 44, 3 ]
               - [ 21, 4, 1 ]
               - [ 2, 46, 7 ]
               - [ 40, 22, 5 ]
   -
      template_id: 3
      templates:
         -
            width: 82
            height: 113
            tl_x: 106
            tl_y: 100
            pyramid_level: 0
            features:
               - [ 5, 48, 1 ]
               - [ 65, 22, 0 ]
               - [ 45, 10, 1 ]
               - [ 63, 8, 4 ]
               - [ 18, 33, 3 ]
               - [ 80, 69, 0 ]
               - [ 0, 66, 0 ]
               - [ 46, 102, 2 ]
               - [ 0, 78, 0 ]
               - [ 34, 15, 0 ]
               - [ 82, 58, 0 ]
               - [ 77, 41, 4 ]
               - [ 63, 88, 3 ]
               - [ 73, 83, 2 ]
               - [ 31, 27, 3 ]
               - [ 3, 91, 7 ]
               - [ 67, 34, 7 ]
               - [ 17, 108, 6 ]
               - [ 31, 113, 5 ]
               - [ 41, 0, 2 ]
               - [ 53, 94, 2 ]
               - [ 9, 101, 6 ]
         -
            width: 41
            height: 56
            tl_x: 53
            tl_y: 50
            pyramid_level: 1
            features:
               - [ 10, 16, 3 ]
               - [ 33, 9, 0 ]
               - [ 41, 29, 0 ]
               - [ 1, 28, 1 ]
               - [ 28, 46, 3 ]
               - [ 5, 51, 6 ]
               - [ 18, 4, 1 ]
               - [ 37, 41, 2 ]
               - [ 13, 56, 5 ]
               - [ 37, 20, 5 ]
   -
      template_id: 4
      templates:
         -
            width: 82
            height: 107
            tl_x: 106
            tl_y: 106
            pyramid_level: 0
            features:
               - [ 5, 44, 1 ]
               - [ 32, 2, 1 ]
               - [ 62, 14, 0 ]
               - [ 1, 64, 0 ]
               - [ 15, 30, 2 ]
               - [ 56, 87, 2 ]
               - [ 81, 61, 0 ]
               - [ 47, 5, 2 ]
               - [ 82, 50, 0 ]
               - [ 82, 39, 0 ]
               - [ 48, 99, 1 ]
               - [ 2, 75, 7 ]
               - [ 58, 0, 4 ]
               - [ 76, 74, 2 ]
               - [ 7, 89, 7 ]
               - [ 22, 104, 5 ]
               - [ 29, 22, 3 ]
               - [ 66, 27, 6 ]
               - [ 33, 107, 4 ]
               - [ 2, 54, 0 ]
               - [ 30, 12, 0 ]
               - [ 64, 81, 3 ]
         -
            width: 41
            height: 53
            tl_x: 53
            tl_y: 53
            pyramid_level: 1
            features:
               - [ 41, 21, 0 ]
               - [ 3, 21, 1 ]
               - [ 31, 7, 0 ]
               - [ 40, 32, 1 ]
               - [ 26, 46, 2 ]
               - [ 12, 12, 3 ]
               - [ 14, 53, 5 ]
               - [ 16, 1, 1 ]
               - [ 33, 40, 3 ]
               - [ 6, 48, 6 ]
   -
      template_id: 5
      templates:
         -
            width: 80
            height: 114
            tl_x: 108
            tl_y: 100
            pyramid_level: 0
            features:
               - [ 3, 52, 1 ]
               - [ 26, 8, 1 ]
               - [ 2, 84, 7 ]
               - [ 15, 35, 2 ]
               - [ 58, 24, 7 ]
               - [ 79, 42, 0 ]
               - [ 80, 61, 0 ]
               - [ 78, 72, 1 ]
               - [ 50, 104, 1 ]
               - [ 42, 10, 2 ]
               - [ 57, 13, 0 ]
               - [ 57, 92, 2 ]
               - [ 35, 1, 7 ]
               - [ 0, 72, 0 ]
               - [ 8, 97, 7 ]
               - [ 67, 83, 2 ]
               - [ 24, 111, 5 ]
               - [ 67, 34, 5 ]
               - [ 40, 114, 4 ]
               - [ 25, 18, 0 ]
               - [ 24, 29, 3 ]
               - [ 15, 105, 6 ]
         -
            width: 40
            height: 57
            tl_x: 54
            tl_y: 50
            pyramid_level: 1
            features:
               - [ 3, 23, 1 ]
               - [ 40, 26, 0 ]
               - [ 25, 52, 1 ]
               - [ 0, 35, 0 ]
               - [ 33, 42, 2 ]
               - [ 6, 51, 6 ]
               - [ 29, 12, 7 ]
               - [ 24, 3, 3 ]
               - [ 13, 4, 1 ]
               - [ 10, 16, 2 ]
               - [ 14, 56, 5 ]
   -
      template_id: 6
      templates:
         -
