%YAML:1.0
---
class_id: "back0warp83.png"
pyramid_levels: 2
template_pyramids:
   -
      template_id: 0
      templates:
         -
            width: 75
            height: 112
            tl_x: 100
            tl_y: 104
            pyramid_level: 0
            features:
               - [ 68, 60, 7 ]
               - [ 45, 11, 1 ]
               - [ 75, 89, 1 ]
               - [ 60, 8, 1 ]
               - [ 73, 40, 1 ]
               - [ 11, 98, 7 ]
               - [ 37, 112, 3 ]
               - [ 68, 105, 1 ]
               - [ 21, 111, 6 ]
               - [ 11, 23, 2 ]
               - [ 73, 75, 6 ]
               - [ 61, 22, 4 ]
               - [ 29, 18, 5 ]
               - [ 52, 110, 4 ]
               - [ 1, 69, 0 ]
               - [ 1, 48, 0 ]
               - [ 46, 25, 4 ]
               - [ 4, 35, 1 ]
               - [ 4, 82, 7 ]
               - [ 51, 0, 2 ]
         -
            width: 37
            height: 56
            tl_x: 50
            tl_y: 52
            pyramid_level: 1
            features:
               - [ 26, 55, 5 ]
               - [ 34, 28, 0 ]
               - [ 14, 9, 5 ]
               - [ 30, 4, 1 ]
               - [ 37, 46, 1 ]
               - [ 5, 48, 7 ]
               - [ 1, 37, 0 ]
               - [ 1, 21, 1 ]
               - [ 36, 14, 6 ]
               - [ 37, 38, 7 ]
               - [ 10, 55, 6 ]
               - [ 6, 11, 2 ]
   -
      template_id: 1
      templates:
         -
            width: 77
            height: 118
            tl_x: 100
            tl_y: 100
            pyramid_level: 0
            features:
               - [ 69, 48, 1 ]
               - [ 41, 15, 0 ]
               - [ 71, 71, 7 ]
               - [ 42, 116, 2 ]
               - [ 16, 106, 6 ]
               - [ 77, 92, 1 ]
               - [ 55, 13, 1 ]
               - [ 73, 104, 1 ]
               - [ 14, 25, 3 ]
               - [ 28, 118, 6 ]
               - [ 62, 25, 5 ]
               - [ 33, 25, 5 ]
               - [ 49, 1, 3 ]
               - [ 2, 74, 7 ]
               - [ 72, 33, 6 ]
               - [ 4, 37, 1 ]
               - [ 1, 49, 0 ]
               - [ 60, 113, 5 ]
               - [ 68, 60, 7 ]
               - [ 5, 85, 7 ]
         -
            width: 38
            height: 59
            tl_x: 50
            tl_y: 50
            pyramid_level: 1
            features:
               - [ 34, 27, 0 ]
               - [ 21, 6, 1 ]
               - [ 36, 53, 1 ]
               - [ 21, 58, 3 ]
               - [ 8, 53, 6 ]
               - [ 2, 41, 7 ]
               - [ 1, 22, 1 ]
               - [ 34, 14, 6 ]
               - [ 8, 12, 3 ]
               - [ 38, 39, 6 ]
   -
      template_id: 2
      templates:
         -
            width: 80
            height: 118
            tl_x: 100
            tl_y: 100
            pyramid_level: 0
            features:
               - [ 69, 61, 7 ]
               - [ 80, 86, 0 ]
               - [ 68, 45, 0 ]
               - [ 37, 16, 0 ]
               - [ 56, 23, 4 ]
               - [ 76, 103, 1 ]
               - [ 1, 68, 0 ]
               - [ 19, 24, 4 ]
               - [ 32, 118, 6 ]
               - [ 51, 10, 0 ]
               - [ 68, 28, 6 ]
               - [ 20, 108, 6 ]
               - [ 6, 32, 2 ]
               - [ 55, 111, 3 ]
               - [ 76, 73, 6 ]
               - [ 6, 85, 7 ]
               - [ 1, 46, 0 ]
               - [ 12, 97, 7 ]
               - [ 44, 0, 2 ]
               - [ 41, 28, 4 ]
         -
            width: 40
            height: 59
            tl_x: 50
            tl_y: 50
            pyramid_level: 1
            features:
               - [ 39, 48, 1 ]
               - [ 34, 23, 0 ]
               - [ 2, 18, 1 ]
               - [ 7, 50, 7 ]
               - [ 19, 5, 1 ]
               - [ 11, 12, 4 ]
               - [ 15, 58, 6 ]
               - [ 31, 12, 5 ]
               - [ 26, 56, 3 ]
               - [ 35, 32, 7 ]
   -
      template_id: 3
      templates:
         -
            width: 82
            height: 113
            tl_x: 100
            tl_y: 104
            pyramid_level: 0
            features:
               - [ 69, 54, 7 ]
               - [ 33, 13, 0 ]
               - [ 82, 79, 0 ]
               - [ 16, 22, 4 ]
               - [ 47, 2, 0 ]
               - [ 23, 104, 6 ]
               - [ 58, 106, 3 ]
               - [ 35, 113, 5 ]
               - [ 3, 32, 1 ]
               - [ 79, 97, 1 ]
               - [ 64, 21, 6 ]
               - [ 3, 71, 7 ]
               - [ 67, 36, 0 ]
               - [ 35, 1, 1 ]
               - [ 78, 66, 6 ]
               - [ 50, 18, 4 ]
               - [ 0, 57, 0 ]
               - [ 8, 83, 7 ]
               - [ 38, 24, 3 ]
               - [ 14, 93, 6 ]
               - [ 71, 105, 4 ]
         -
            width: 41
            height: 56
            tl_x: 50
            tl_y: 52
            pyramid_level: 1
            features:
               - [ 40, 47, 1 ]
               - [ 10, 11, 4 ]
               - [ 34, 26, 7 ]
               - [ 0, 22, 0 ]
               - [ 6, 45, 7 ]
               - [ 23, 4, 0 ]
               - [ 15, 55, 6 ]
               - [ 26, 55, 2 ]
               - [ 34, 16, 0 ]
               - [ 34, 52, 4 ]
   -
      template_id: 4
      templates:
         -
            width: 86
            height: 112
            tl_x: 98
            tl_y: 104
            pyramid_level: 0
            features:
               - [ 71, 52, 7 ]
               - [ 86, 74, 0 ]
               - [ 44, 1, 0 ]
               - [ 67, 36, 0 ]
               - [ 52, 16, 3 ]
               - [ 16, 24, 4 ]
               - [ 3, 36, 1 ]
               - [ 31, 11, 0 ]
               - [ 85, 92, 0 ]
               - [ 40, 112, 5 ]
               - [ 29, 105, 6 ]
               - [ 58, 110, 2 ]
               - [ 5, 70, 7 ]
               - [ 66, 21, 6 ]
               - [ 71, 102, 4 ]
               - [ 1, 52, 0 ]
               - [ 14, 88, 6 ]
               - [ 38, 24, 3 ]
               - [ 81, 63, 5 ]
               - [ 33, 0, 1 ]
         -
            width: 43
            height: 56
            tl_x: 49
            tl_y: 52
            pyramid_level: 1
            features:
               - [ 36, 27, 7 ]
               - [ 43, 40, 0 ]
               - [ 14, 52, 6 ]
               - [ 36, 51, 4 ]
               - [ 1, 20, 1 ]
               - [ 22, 2, 0 ]
               - [ 9, 12, 4 ]
               - [ 7, 44, 7 ]
               - [ 31, 9, 5 ]
               - [ 1, 29, 0 ]
   -
      template_id: 5
      templates:
         -
            width: 88
            height: 112
            tl_x: 98
            tl_y: 104
            pyramid_level: 0
            features:
               - [ 71, 50, 7 ]
               - [ 39, 1, 7 ]
               - [ 28, 15, 0 ]
               - [ 66, 39, 7 ]
               - [ 87, 68, 0 ]
               - [ 1, 40, 1 ]
               - [ 14, 26, 3 ]
               - [ 47, 16, 3 ]
               - [ 88, 83, 0 ]
               - [ 68, 102, 2 ]
               - [ 34, 106, 5 ]
               - [ 45, 112, 5 ]
               - [ 65, 25, 0 ]
               - [ 84, 97, 2 ]
               - [ 13, 85, 7 ]
               - [ 3, 64, 7 ]
               - [ 23, 97, 6 ]
               - [ 79, 58, 5 ]
               - [ 28, 1, 1 ]
               - [ 58, 16, 5 ]
         -
            width: 44
            height: 56
            tl_x: 49
            tl_y: 52
            pyramid_level: 1
            features:
               - [ 44, 38, 0 ]
               - [ 33, 19, 7 ]
               - [ 17, 53, 6 ]
               - [ 38, 28, 6 ]
               - [ 7, 13, 3 ]
               - [ 1, 30, 7 ]
               - [ 7, 43, 7 ]
               - [ 37, 50, 3 ]
               - [ 20, 3, 0 ]
               - [ 28, 8, 5 ]
   -
      template_id: 6
      templates:
         -
            width: 90
            height: 110
            tl_x: 98
            tl_y: 106
            pyramid_level: 0
            features:
