%YAML:1.0
---
class_id: "back0warp45.png"
pyramid_levels: 2
template_pyramids:
   -
      template_id: 0
      templates:
         -
            width: 92
            height: 111
            tl_x: 102
            tl_y: 102
            pyramid_level: 0
            features:
               - [ 64, 0, 3 ]
               - [ 50, 17, 1 ]
               - [ 81, 48, 7 ]
               - [ 4, 44, 1 ]
               - [ 87, 87, 1 ]
               - [ 92, 76, 1 ]
               - [ 70, 18, 4 ]
               - [ 21, 26, 3 ]
               - [ 86, 30, 1 ]
               - [ 87, 60, 6 ]
               - [ 33, 111, 3 ]
               - [ 73, 102, 3 ]
               - [ 52, 102, 3 ]
               - [ 0, 56, 1 ]
               - [ 9, 98, 6 ]
               - [ 0, 79, 7 ]
               - [ 36, 23, 4 ]
               - [ 17, 106, 6 ]
               - [ 86, 21, 6 ]
               - [ 9, 36, 2 ]
         -
            width: 46
            height: 55
            tl_x: 51
            tl_y: 51
            pyramid_level: 1
            features:
               - [ 2, 22, 1 ]
               - [ 11, 13, 3 ]
               - [ 46, 38, 1 ]
               - [ 33, 51, 4 ]
               - [ 42, 17, 1 ]
               - [ 21, 53, 3 ]
               - [ 0, 39, 7 ]
               - [ 28, 3, 2 ]
               - [ 10, 54, 6 ]
               - [ 41, 26, 7 ]
               - [ 20, 12, 4 ]
   -
      template_id: 1
      templates:
         -
            width: 93
            height: 112
            tl_x: 102
            tl_y: 102
            pyramid_level: 0
            features:
               - [ 56, 1, 2 ]
               - [ 67, 16, 3 ]
               - [ 4, 46, 1 ]
               - [ 81, 33, 1 ]
               - [ 21, 27, 3 ]
               - [ 47, 15, 1 ]
               - [ 93, 74, 1 ]
               - [ 38, 112, 3 ]
               - [ 11, 35, 2 ]
               - [ 35, 24, 4 ]
               - [ 90, 58, 5 ]
               - [ 82, 96, 2 ]
               - [ 48, 105, 3 ]
               - [ 0, 60, 1 ]
               - [ 82, 17, 5 ]
               - [ 2, 82, 7 ]
               - [ 14, 103, 6 ]
               - [ 80, 44, 7 ]
               - [ 71, 100, 4 ]
               - [ 27, 112, 5 ]
         -
            width: 46
            height: 56
            tl_x: 51
            tl_y: 51
            pyramid_level: 1
            features:
               - [ 6, 17, 2 ]
               - [ 18, 12, 4 ]
               - [ 6, 50, 6 ]
               - [ 27, 51, 3 ]
               - [ 45, 41, 1 ]
               - [ 40, 20, 0 ]
               - [ 0, 30, 0 ]
               - [ 39, 8, 5 ]
               - [ 27, 1, 2 ]
               - [ 1, 41, 7 ]
               - [ 45, 29, 5 ]
   -
      template_id: 2
      templates:
         -
            width: 95
            height: 114
            tl_x: 102
            tl_y: 100
            pyramid_level: 0
            features:
               - [ 54, 0, 2 ]
               - [ 79, 44, 7 ]
               - [ 15, 34, 2 ]
               - [ 68, 15, 4 ]
               - [ 79, 32, 1 ]
               - [ 35, 27, 4 ]
               - [ 1, 75, 0 ]
               - [ 95, 70, 0 ]
               - [ 43, 19, 0 ]
               - [ 92, 81, 1 ]
               - [ 3, 53, 1 ]
               - [ 88, 55, 5 ]
               - [ 80, 99, 3 ]
               - [ 57, 13, 1 ]
               - [ 17, 106, 6 ]
               - [ 56, 104, 3 ]
               - [ 4, 87, 7 ]
               - [ 45, 113, 2 ]
               - [ 29, 114, 5 ]
               - [ 24, 29, 3 ]
               - [ 1, 63, 0 ]
               - [ 78, 16, 5 ]
               - [ 8, 42, 2 ]
               - [ 10, 98, 7 ]
         -
            width: 47
            height: 57
            tl_x: 51
            tl_y: 50
            pyramid_level: 1
            features:
               - [ 47, 37, 1 ]
               - [ 15, 14, 4 ]
               - [ 2, 25, 1 ]
               - [ 40, 14, 1 ]
               - [ 11, 55, 5 ]
               - [ 37, 50, 4 ]
               - [ 24, 55, 2 ]
               - [ 2, 43, 7 ]
               - [ 24, 3, 2 ]
               - [ 40, 23, 7 ]
               - [ 33, 8, 3 ]
   -
      template_id: 3
      templates:
         -
            width: 94
            height: 112
            tl_x: 104
            tl_y: 104
            pyramid_level: 0
            features:
               - [ 38, 14, 0 ]
               - [ 53, 3, 1 ]
               - [ 20, 27, 3 ]
               - [ 87, 48, 5 ]
               - [ 77, 39, 7 ]
               - [ 64, 9, 4 ]
               - [ 76, 19, 1 ]
               - [ 1, 51, 1 ]
               - [ 60, 98, 3 ]
               - [ 45, 111, 3 ]
               - [ 94, 62, 0 ]
               - [ 1, 76, 7 ]
               - [ 81, 92, 3 ]
               - [ 20, 105, 6 ]
               - [ 91, 76, 1 ]
               - [ 6, 39, 1 ]
               - [ 0, 64, 0 ]
               - [ 11, 96, 6 ]
               - [ 31, 24, 4 ]
               - [ 42, 1, 1 ]
               - [ 34, 112, 5 ]
         -
            width: 47
            height: 56
            tl_x: 52
            tl_y: 52
            pyramid_level: 1
            features:
               - [ 38, 10, 1 ]
               - [ 15, 12, 3 ]
               - [ 46, 36, 1 ]
               - [ 0, 28, 0 ]
               - [ 32, 48, 3 ]
               - [ 21, 1, 1 ]
               - [ 4, 46, 7 ]
               - [ 15, 55, 5 ]
               - [ 43, 24, 5 ]
               - [ 5, 17, 2 ]
   -
      template_id: 4
      templates:
         -
            width: 94
            height: 118
            tl_x: 104
            tl_y: 98
            pyramid_level: 0
            features:
               - [ 18, 35, 3 ]
               - [ 58, 14, 3 ]
               - [ 76, 43, 7 ]
               - [ 73, 22, 1 ]
               - [ 63, 103, 2 ]
               - [ 42, 1, 2 ]
               - [ 93, 77, 0 ]
               - [ 1, 61, 0 ]
               - [ 88, 51, 5 ]
               - [ 2, 83, 7 ]
               - [ 48, 118, 3 ]
               - [ 35, 14, 1 ]
               - [ 31, 116, 5 ]
               - [ 8, 44, 2 ]
               - [ 84, 95, 3 ]
               - [ 8, 96, 7 ]
               - [ 33, 30, 3 ]
               - [ 19, 109, 6 ]
               - [ 47, 14, 1 ]
               - [ 94, 66, 0 ]
         -
            width: 47
            height: 59
            tl_x: 52
            tl_y: 49
            pyramid_level: 1
            features:
               - [ 47, 34, 0 ]
               - [ 13, 16, 3 ]
               - [ 36, 14, 0 ]
               - [ 37, 49, 3 ]
               - [ 1, 28, 1 ]
               - [ 18, 6, 1 ]
               - [ 16, 58, 5 ]
               - [ 6, 51, 6 ]
               - [ 28, 55, 2 ]
               - [ 45, 44, 1 ]
               - [ 43, 25, 5 ]
               - [ 29, 7, 3 ]
   -
      template_id: 5
      templates:
         -
            width: 95
            height: 116
            tl_x: 104
            tl_y: 100
            pyramid_level: 0
            features:
               - [ 74, 38, 6 ]
               - [ 48, 15, 3 ]
               - [ 5, 86, 7 ]
               - [ 36, 1, 2 ]
               - [ 31, 19, 0 ]
               - [ 15, 36, 3 ]
               - [ 86, 45, 4 ]
               - [ 69, 24, 0 ]
               - [ 92, 83, 1 ]
               - [ 54, 115, 2 ]
               - [ 1, 66, 0 ]
               - [ 67, 99, 2 ]
               - [ 64, 9, 4 ]
               - [ 36, 115, 5 ]
               - [ 11, 97, 6 ]
               - [ 4, 50, 1 ]
               - [ 83, 91, 3 ]
               - [ 95, 68, 0 ]
               - [ 22, 108, 5 ]
               - [ 25, 31, 3 ]
         -
            width: 47
            height: 58
            tl_x: 52
            tl_y: 50
            pyramid_level: 1
            features:
               - [ 32, 51, 2 ]
               - [ 20, 58, 5 ]
               - [ 1, 29, 0 ]
               - [ 16, 5, 1 ]
               - [ 47, 37, 0 ]
               - [ 12, 16, 3 ]
               - [ 35, 15, 7 ]
               - [ 29, 5, 3 ]
               - [ 6, 49, 6 ]
               - [ 40, 46, 3 ]
