%YAML:1.0
---
class_id: "back0warp91.png"
pyramid_levels: 2
template_pyramids:
   -
      template_id: 0
      templates:
         -
            width: 98
            height: 115
            tl_x: 100
            tl_y: 102
            pyramid_level: 0
            features:
               - [ 48, 113, 3 ]
               - [ 87, 57, 1 ]
               - [ 53, 17, 1 ]
               - [ 69, 27, 3 ]
               - [ 16, 103, 6 ]
               - [ 82, 114, 2 ]
               - [ 98, 91, 1 ]
               - [ 65, 115, 5 ]
               - [ 69, 0, 3 ]
               - [ 86, 28, 5 ]
               - [ 40, 27, 5 ]
               - [ 29, 115, 5 ]
               - [ 1, 69, 7 ]
               - [ 7, 89, 7 ]
               - [ 8, 36, 1 ]
               - [ 22, 26, 3 ]
               - [ 96, 42, 2 ]
               - [ 88, 75, 7 ]
               - [ 2, 50, 1 ]
               - [ 55, 31, 4 ]
         -
            width: 49
            height: 57
            tl_x: 50
            tl_y: 51
            pyramid_level: 1
            features:
               - [ 7, 50, 6 ]
               - [ 22, 57, 3 ]
               - [ 44, 27, 1 ]
               - [ 46, 51, 1 ]
               - [ 2, 22, 1 ]
               - [ 17, 13, 4 ]
               - [ 1, 37, 0 ]
               - [ 27, 7, 1 ]
               - [ 43, 14, 5 ]
               - [ 47, 41, 6 ]
   -
      template_id: 1
      templates:
         -
            width: 100
            height: 114
            tl_x: 100
            tl_y: 102
            pyramid_level: 0
            features:
               - [ 53, 113, 3 ]
               - [ 69, 25, 4 ]
               - [ 30, 114, 6 ]
               - [ 87, 111, 2 ]
               - [ 19, 105, 6 ]
               - [ 1, 67, 0 ]
               - [ 87, 53, 1 ]
               - [ 60, 1, 3 ]
               - [ 83, 25, 5 ]
               - [ 49, 19, 1 ]
               - [ 100, 89, 1 ]
               - [ 26, 27, 4 ]
               - [ 9, 36, 2 ]
               - [ 5, 83, 7 ]
               - [ 88, 69, 7 ]
               - [ 94, 39, 2 ]
               - [ 2, 51, 1 ]
               - [ 66, 113, 4 ]
               - [ 70, 10, 1 ]
               - [ 11, 94, 7 ]
               - [ 42, 29, 5 ]
               - [ 55, 30, 3 ]
         -
            width: 50
            height: 57
            tl_x: 50
            tl_y: 51
            pyramid_level: 1
            features:
               - [ 25, 57, 3 ]
               - [ 18, 14, 4 ]
               - [ 48, 49, 1 ]
               - [ 38, 12, 4 ]
               - [ 10, 53, 6 ]
               - [ 1, 26, 0 ]
               - [ 2, 40, 7 ]
               - [ 44, 25, 1 ]
               - [ 31, 0, 3 ]
               - [ 7, 16, 2 ]
   -
      template_id: 2
      templates:
         -
            width: 101
            height: 118
            tl_x: 102
            tl_y: 100
            pyramid_level: 0
            features:
               - [ 65, 25, 4 ]
               - [ 61, 113, 4 ]
               - [ 21, 109, 6 ]
               - [ 0, 73, 0 ]
               - [ 34, 118, 5 ]
               - [ 44, 19, 0 ]
               - [ 39, 32, 4 ]
               - [ 101, 85, 1 ]
               - [ 84, 55, 0 ]
               - [ 55, 1, 2 ]
               - [ 89, 110, 2 ]
               - [ 5, 42, 2 ]
               - [ 19, 32, 4 ]
               - [ 12, 99, 6 ]
               - [ 86, 27, 5 ]
               - [ 92, 74, 6 ]
               - [ 0, 56, 1 ]
               - [ 5, 88, 7 ]
               - [ 63, 13, 1 ]
               - [ 97, 96, 1 ]
               - [ 50, 32, 3 ]
         -
            width: 50
            height: 59
            tl_x: 51
            tl_y: 50
            pyramid_level: 1
            features:
               - [ 35, 12, 4 ]
               - [ 10, 54, 6 ]
               - [ 49, 47, 1 ]
               - [ 29, 57, 3 ]
               - [ 43, 23, 1 ]
               - [ 22, 10, 0 ]
               - [ 0, 28, 0 ]
               - [ 3, 45, 7 ]
               - [ 10, 16, 3 ]
               - [ 27, 1, 2 ]
               - [ 46, 37, 6 ]
   -
      template_id: 3
      templates:
         -
            width: 103
            height: 117
            tl_x: 102
            tl_y: 102
            pyramid_level: 0
            features:
               - [ 65, 110, 3 ]
               - [ 2, 77, 7 ]
               - [ 65, 21, 3 ]
               - [ 39, 117, 5 ]
               - [ 24, 108, 6 ]
               - [ 41, 25, 7 ]
               - [ 84, 43, 1 ]
               - [ 103, 78, 0 ]
               - [ 3, 45, 1 ]
               - [ 48, 0, 2 ]
               - [ 94, 103, 2 ]
               - [ 26, 31, 4 ]
               - [ 13, 97, 6 ]
               - [ 86, 59, 7 ]
               - [ 83, 22, 5 ]
               - [ 12, 35, 2 ]
               - [ 41, 13, 1 ]
               - [ 100, 90, 1 ]
               - [ 95, 69, 5 ]
               - [ 60, 1, 0 ]
         -
            width: 51
            height: 58
            tl_x: 51
            tl_y: 51
            pyramid_level: 1
            features:
               - [ 15, 56, 5 ]
               - [ 42, 22, 0 ]
               - [ 28, 57, 3 ]
               - [ 50, 45, 1 ]
               - [ 34, 10, 4 ]
               - [ 22, 3, 1 ]
               - [ 0, 28, 0 ]
               - [ 10, 16, 4 ]
               - [ 47, 34, 5 ]
               - [ 7, 49, 6 ]
   -
      template_id: 4
      templates:
         -
            width: 105
            height: 121
            tl_x: 102
            tl_y: 98
            pyramid_level: 0
            features:
               - [ 70, 112, 3 ]
               - [ 4, 85, 7 ]
               - [ 58, 25, 3 ]
               - [ 37, 24, 0 ]
               - [ 43, 121, 5 ]
               - [ 30, 115, 5 ]
               - [ 83, 51, 0 ]
               - [ 99, 101, 1 ]
               - [ 105, 76, 0 ]
               - [ 24, 37, 3 ]
               - [ 54, 1, 7 ]
               - [ 2, 53, 1 ]
               - [ 41, 7, 1 ]
               - [ 82, 24, 5 ]
               - [ 0, 67, 0 ]
               - [ 84, 37, 1 ]
               - [ 88, 63, 6 ]
               - [ 13, 100, 6 ]
               - [ 103, 88, 1 ]
               - [ 45, 34, 3 ]
         -
            width: 52
            height: 60
            tl_x: 51
            tl_y: 49
            pyramid_level: 1
            features:
               - [ 13, 56, 6 ]
               - [ 33, 57, 3 ]
               - [ 51, 46, 1 ]
               - [ 0, 34, 0 ]
               - [ 15, 18, 4 ]
               - [ 34, 11, 4 ]
               - [ 43, 30, 7 ]
               - [ 22, 2, 2 ]
               - [ 42, 19, 1 ]
               - [ 5, 48, 7 ]
               - [ 4, 22, 2 ]
   -
      template_id: 5
      templates:
         -
            width: 106
            height: 122
            tl_x: 102
            tl_y: 98
            pyramid_level: 0
            features:
               - [ 74, 110, 3 ]
               - [ 55, 24, 3 ]
               - [ 35, 30, 7 ]
               - [ 81, 44, 0 ]
               - [ 36, 117, 5 ]
               - [ 51, 122, 5 ]
               - [ 101, 99, 1 ]
               - [ 42, 0, 2 ]
               - [ 106, 73, 0 ]
               - [ 87, 107, 4 ]
               - [ 34, 15, 0 ]
               - [ 16, 41, 3 ]
               - [ 1, 59, 1 ]
               - [ 21, 107, 6 ]
               - [ 78, 21, 5 ]
               - [ 3, 81, 7 ]
               - [ 97, 65, 5 ]
               - [ 11, 96, 7 ]
               - [ 51, 10, 0 ]
               - [ 27, 38, 3 ]
               - [ 105, 84, 0 ]
               - [ 82, 33, 1 ]
         -
            width: 53
            height: 61
            tl_x: 51
            tl_y: 49
            pyramid_level: 1
            features:
               - [ 30, 11, 3 ]
               - [ 41, 54, 4 ]
               - [ 13, 19, 3 ]
               - [ 17, 58, 5 ]
               - [ 53, 38, 0 ]
               - [ 41, 24, 7 ]
               - [ 17, 8, 0 ]
               - [ 1, 28, 1 ]
               - [ 7, 50, 6 ]
               - [ 51, 48, 1 ]
   -
      template_id: 6
      templates:
         -
