%YAML:1.0
---
class_id: "back0warp125.png"
pyramid_levels: 2
template_pyramids:
   -
      template_id: 0
      templates:
         -
            width: 90
            height: 94
            tl_x: 102
            tl_y: 106
            pyramid_level: 0
            features:
               - [ 45, 22, 1 ]
               - [ 42, 92, 3 ]
               - [ 72, 20, 3 ]
               - [ 21, 32, 3 ]
               - [ 16, 92, 5 ]
               - [ 72, 87, 2 ]
               - [ 88, 68, 1 ]
               - [ 83, 37, 1 ]
               - [ 6, 42, 2 ]
               - [ 0, 72, 7 ]
               - [ 78, 47, 1 ]
               - [ 80, 79, 2 ]
               - [ 59, 1, 2 ]
               - [ 0, 53, 1 ]
               - [ 60, 91, 4 ]
               - [ 70, 3, 1 ]
               - [ 36, 30, 4 ]
               - [ 5, 82, 6 ]
               - [ 84, 20, 5 ]
               - [ 62, 17, 2 ]
               - [ 79, 57, 7 ]
               - [ 90, 29, 2 ]
         -
            width: 45
            height: 47
            tl_x: 51
            tl_y: 53
            pyramid_level: 1
            features:
               - [ 21, 46, 3 ]
               - [ 10, 47, 5 ]
               - [ 11, 16, 3 ]
               - [ 42, 37, 2 ]
               - [ 42, 18, 2 ]
               - [ 29, 1, 2 ]
               - [ 0, 27, 1 ]
               - [ 2, 40, 7 ]
               - [ 35, 44, 3 ]
               - [ 37, 10, 4 ]
   -
      template_id: 1
      templates:
         -
            width: 89
            height: 96
            tl_x: 102
            tl_y: 106
            pyramid_level: 0
            features:
               - [ 49, 91, 3 ]
               - [ 43, 21, 1 ]
               - [ 66, 19, 3 ]
               - [ 24, 96, 5 ]
               - [ 55, 0, 2 ]
               - [ 70, 88, 3 ]
               - [ 20, 34, 3 ]
               - [ 89, 66, 1 ]
               - [ 6, 45, 2 ]
               - [ 82, 34, 1 ]
               - [ 1, 71, 7 ]
               - [ 82, 77, 2 ]
               - [ 35, 31, 4 ]
               - [ 80, 54, 7 ]
               - [ 1, 57, 1 ]
               - [ 89, 24, 2 ]
               - [ 13, 90, 6 ]
               - [ 66, 1, 1 ]
               - [ 78, 44, 0 ]
               - [ 5, 81, 7 ]
               - [ 52, 27, 3 ]
         -
            width: 44
            height: 48
            tl_x: 51
            tl_y: 53
            pyramid_level: 1
            features:
               - [ 27, 45, 4 ]
               - [ 12, 48, 5 ]
               - [ 25, 3, 2 ]
               - [ 1, 37, 7 ]
               - [ 41, 17, 1 ]
               - [ 42, 37, 2 ]
               - [ 10, 17, 3 ]
               - [ 35, 9, 3 ]
               - [ 2, 24, 1 ]
               - [ 41, 28, 6 ]
   -
      template_id: 2
      templates:
         -
            width: 89
            height: 98
            tl_x: 104
            tl_y: 106
            pyramid_level: 0
            features:
               - [ 62, 88, 4 ]
               - [ 48, 92, 3 ]
               - [ 65, 16, 3 ]
               - [ 24, 97, 5 ]
               - [ 4, 49, 1 ]
               - [ 1, 74, 7 ]
               - [ 39, 22, 0 ]
               - [ 76, 41, 0 ]
               - [ 75, 83, 2 ]
               - [ 16, 37, 3 ]
               - [ 46, 3, 1 ]
               - [ 0, 61, 0 ]
               - [ 89, 61, 1 ]
               - [ 82, 25, 1 ]
               - [ 32, 32, 4 ]
               - [ 60, 1, 0 ]
               - [ 9, 88, 6 ]
               - [ 84, 71, 1 ]
               - [ 79, 52, 6 ]
               - [ 79, 14, 5 ]
         -
            width: 44
            height: 49
            tl_x: 52
            tl_y: 53
            pyramid_level: 1
            features:
               - [ 31, 44, 4 ]
               - [ 21, 5, 1 ]
               - [ 7, 19, 3 ]
               - [ 14, 49, 5 ]
               - [ 41, 37, 1 ]
               - [ 0, 30, 0 ]
               - [ 39, 17, 1 ]
               - [ 2, 40, 7 ]
               - [ 36, 7, 4 ]
               - [ 41, 27, 5 ]
   -
      template_id: 3
      templates:
         -
            width: 88
            height: 104
            tl_x: 106
            tl_y: 100
            pyramid_level: 0
            features:
               - [ 61, 93, 3 ]
               - [ 24, 104, 5 ]
               - [ 35, 25, 0 ]
               - [ 3, 57, 1 ]
               - [ 80, 24, 1 ]
               - [ 14, 45, 3 ]
               - [ 55, 23, 3 ]
               - [ 5, 90, 7 ]
               - [ 88, 64, 1 ]
               - [ 44, 102, 2 ]
               - [ 75, 35, 1 ]
               - [ 79, 83, 2 ]
               - [ 43, 5, 2 ]
               - [ 0, 77, 0 ]
               - [ 29, 39, 3 ]
               - [ 77, 54, 6 ]
               - [ 66, 18, 3 ]
               - [ 54, 1, 0 ]
               - [ 53, 12, 1 ]
               - [ 14, 99, 6 ]
         -
            width: 44
            height: 52
            tl_x: 53
            tl_y: 50
            pyramid_level: 1
            features:
               - [ 32, 46, 3 ]
               - [ 13, 20, 3 ]
               - [ 20, 5, 1 ]
               - [ 0, 33, 0 ]
               - [ 4, 25, 2 ]
               - [ 12, 52, 5 ]
               - [ 41, 39, 1 ]
               - [ 39, 14, 1 ]
               - [ 5, 48, 6 ]
               - [ 33, 9, 3 ]
               - [ 27, 4, 0 ]
   -
      template_id: 4
      templates:
         -
            width: 89
            height: 102
            tl_x: 106
            tl_y: 104
            pyramid_level: 0
            features:
               - [ 67, 86, 3 ]
               - [ 56, 91, 3 ]
               - [ 80, 78, 2 ]
               - [ 3, 58, 1 ]
               - [ 4, 82, 7 ]
               - [ 33, 26, 0 ]
               - [ 89, 55, 0 ]
               - [ 54, 17, 2 ]
               - [ 35, 102, 4 ]
               - [ 14, 43, 2 ]
               - [ 85, 68, 1 ]
               - [ 74, 26, 1 ]
               - [ 39, 1, 2 ]
               - [ 26, 37, 3 ]
               - [ 77, 47, 6 ]
               - [ 50, 0, 0 ]
               - [ 24, 100, 5 ]
               - [ 65, 11, 3 ]
               - [ 73, 37, 0 ]
               - [ 1, 68, 0 ]
               - [ 15, 95, 5 ]
               - [ 43, 28, 2 ]
         -
            width: 44
            height: 51
            tl_x: 53
            tl_y: 52
            pyramid_level: 1
            features:
               - [ 29, 45, 3 ]
               - [ 4, 44, 6 ]
               - [ 17, 51, 4 ]
               - [ 1, 31, 0 ]
               - [ 44, 30, 1 ]
               - [ 12, 19, 3 ]
               - [ 25, 2, 0 ]
               - [ 37, 13, 1 ]
               - [ 40, 39, 2 ]
               - [ 17, 6, 1 ]
               - [ 5, 23, 2 ]
               - [ 37, 21, 7 ]
               - [ 35, 5, 4 ]
   -
      template_id: 5
      templates:
         -
            width: 85
            height: 104
            tl_x: 110
            tl_y: 102
            pyramid_level: 0
            features:
               - [ 66, 86, 3 ]
               - [ 0, 63, 1 ]
               - [ 54, 93, 2 ]
               - [ 27, 29, 7 ]
               - [ 3, 87, 7 ]
               - [ 77, 79, 2 ]
               - [ 10, 47, 2 ]
               - [ 50, 16, 2 ]
               - [ 71, 15, 1 ]
               - [ 85, 56, 0 ]
               - [ 68, 26, 0 ]
               - [ 28, 11, 1 ]
               - [ 30, 104, 4 ]
               - [ 73, 46, 6 ]
               - [ 82, 68, 1 ]
               - [ 33, 0, 1 ]
               - [ 13, 98, 6 ]
               - [ 40, 18, 1 ]
               - [ 68, 37, 0 ]
               - [ 62, 10, 4 ]
         -
            width: 42
            height: 52
            tl_x: 55
            tl_y: 51
            pyramid_level: 1
            features:
               - [ 33, 43, 3 ]
               - [ 34, 13, 0 ]
               - [ 42, 30, 1 ]
               - [ 2, 27, 1 ]
               - [ 9, 21, 3 ]
               - [ 15, 52, 4 ]
               - [ 21, 4, 0 ]
               - [ 13, 10, 0 ]
               - [ 31, 5, 4 ]
               - [ 40, 37, 1 ]
               - [ 8, 50, 5 ]
   -
