%YAML:1.0
---
class_id: "back0warp109.png"
pyramid_levels: 2
template_pyramids:
   -
      template_id: 0
      templates:
         -
            width: 47
            height: 114
            tl_x: 102
            tl_y: 108
            pyramid_level: 0
            features:
               - [ 0, 101, 7 ]
               - [ 3, 56, 1 ]
               - [ 0, 66, 1 ]
               - [ 23, 19, 1 ]
               - [ 40, 93, 1 ]
               - [ 35, 1, 1 ]
               - [ 47, 73, 1 ]
               - [ 32, 15, 1 ]
               - [ 45, 31, 1 ]
               - [ 42, 41, 1 ]
               - [ 27, 7, 1 ]
               - [ 22, 108, 3 ]
               - [ 7, 114, 6 ]
               - [ 40, 54, 0 ]
               - [ 8, 47, 2 ]
               - [ 32, 105, 3 ]
               - [ 18, 40, 3 ]
               - [ 43, 85, 1 ]
               - [ 16, 114, 2 ]
               - [ 43, 65, 6 ]
         -
            width: 23
            height: 57
            tl_x: 51
            tl_y: 54
            pyramid_level: 1
            features:
               - [ 21, 44, 1 ]
               - [ 22, 17, 1 ]
               - [ 0, 33, 1 ]
               - [ 0, 50, 7 ]
               - [ 14, 53, 3 ]
               - [ 20, 27, 0 ]
               - [ 6, 22, 2 ]
               - [ 12, 7, 1 ]
               - [ 20, 9, 3 ]
               - [ 23, 38, 1 ]
               - [ 2, 27, 1 ]
   -
      template_id: 1
      templates:
         -
            width: 47
            height: 114
            tl_x: 102
            tl_y: 106
            pyramid_level: 0
            features:
               - [ 1, 70, 0 ]
               - [ 3, 102, 7 ]
               - [ 22, 11, 1 ]
               - [ 44, 91, 1 ]
               - [ 40, 46, 0 ]
               - [ 20, 21, 0 ]
               - [ 47, 80, 1 ]
               - [ 42, 34, 1 ]
               - [ 4, 58, 1 ]
               - [ 45, 23, 1 ]
               - [ 27, 110, 3 ]
               - [ 33, 21, 2 ]
               - [ 40, 102, 1 ]
               - [ 12, 46, 2 ]
               - [ 9, 114, 6 ]
               - [ 26, 0, 1 ]
               - [ 45, 66, 5 ]
               - [ 40, 55, 7 ]
               - [ 0, 79, 0 ]
               - [ 19, 30, 0 ]
         -
            width: 23
            height: 57
            tl_x: 51
            tl_y: 53
            pyramid_level: 1
            features:
               - [ 20, 23, 0 ]
               - [ 2, 29, 1 ]
               - [ 21, 17, 1 ]
               - [ 2, 52, 7 ]
               - [ 23, 42, 1 ]
               - [ 16, 54, 3 ]
               - [ 6, 23, 2 ]
               - [ 10, 9, 0 ]
               - [ 19, 9, 3 ]
               - [ 15, 5, 0 ]
   -
      template_id: 2
      templates:
         -
            width: 48
            height: 115
            tl_x: 104
            tl_y: 106
            pyramid_level: 0
            features:
               - [ 27, 112, 2 ]
               - [ 38, 33, 0 ]
               - [ 5, 103, 7 ]
               - [ 44, 94, 1 ]
               - [ 1, 65, 0 ]
               - [ 37, 44, 0 ]
               - [ 23, 16, 0 ]
               - [ 16, 12, 0 ]
               - [ 46, 83, 0 ]
               - [ 38, 54, 7 ]
               - [ 3, 57, 1 ]
               - [ 18, 4, 1 ]
               - [ 0, 79, 0 ]
               - [ 15, 22, 0 ]
               - [ 48, 70, 0 ]
               - [ 40, 22, 0 ]
               - [ 12, 115, 6 ]
               - [ 36, 106, 3 ]
               - [ 9, 47, 2 ]
               - [ 15, 29, 0 ]
               - [ 24, 0, 0 ]
               - [ 44, 64, 5 ]
         -
            width: 24
            height: 57
            tl_x: 52
            tl_y: 53
            pyramid_level: 1
            features:
               - [ 1, 30, 1 ]
               - [ 19, 16, 0 ]
               - [ 23, 42, 0 ]
               - [ 3, 53, 7 ]
               - [ 19, 27, 7 ]
               - [ 13, 57, 2 ]
               - [ 8, 5, 1 ]
               - [ 21, 50, 1 ]
               - [ 5, 23, 2 ]
               - [ 16, 8, 3 ]
   -
      template_id: 3
      templates:
         -
            width: 47
            height: 114
            tl_x: 106
            tl_y: 110
            pyramid_level: 0
            features:
               - [ 34, 41, 0 ]
               - [ 9, 104, 7 ]
               - [ 17, 1, 0 ]
               - [ 1, 80, 0 ]
               - [ 30, 107, 1 ]
               - [ 45, 89, 0 ]
               - [ 37, 52, 7 ]
               - [ 10, 11, 0 ]
               - [ 46, 81, 0 ]
               - [ 0, 60, 0 ]
               - [ 47, 64, 0 ]
               - [ 34, 27, 0 ]
               - [ 10, 21, 0 ]
               - [ 18, 114, 5 ]
               - [ 2, 51, 1 ]
               - [ 22, 17, 1 ]
               - [ 39, 100, 3 ]
               - [ 9, 41, 2 ]
               - [ 0, 73, 0 ]
               - [ 42, 58, 5 ]
               - [ 18, 8, 0 ]
         -
            width: 23
            height: 57
            tl_x: 53
            tl_y: 55
            pyramid_level: 1
            features:
               - [ 17, 14, 0 ]
               - [ 0, 30, 0 ]
               - [ 23, 40, 0 ]
               - [ 18, 51, 3 ]
               - [ 6, 54, 6 ]
               - [ 18, 25, 7 ]
               - [ 4, 21, 2 ]
               - [ 5, 5, 0 ]
               - [ 13, 6, 3 ]
               - [ 22, 46, 1 ]
   -
      template_id: 4
      templates:
         -
            width: 48
            height: 116
            tl_x: 106
            tl_y: 108
            pyramid_level: 0
            features:
               - [ 3, 82, 7 ]
               - [ 33, 42, 7 ]
               - [ 10, 101, 7 ]
               - [ 1, 71, 0 ]
               - [ 48, 89, 0 ]
               - [ 48, 65, 0 ]
               - [ 12, 1, 0 ]
               - [ 1, 62, 0 ]
               - [ 8, 29, 7 ]
               - [ 33, 112, 1 ]
               - [ 32, 33, 0 ]
               - [ 14, 13, 0 ]
               - [ 37, 53, 7 ]
               - [ 16, 110, 6 ]
               - [ 24, 116, 5 ]
               - [ 42, 101, 3 ]
               - [ 48, 74, 0 ]
               - [ 6, 47, 2 ]
               - [ 2, 54, 1 ]
               - [ 6, 9, 0 ]
         -
            width: 24
            height: 58
            tl_x: 53
            tl_y: 54
            pyramid_level: 1
            features:
               - [ 16, 16, 0 ]
               - [ 24, 41, 0 ]
               - [ 17, 55, 1 ]
               - [ 18, 25, 7 ]
               - [ 8, 55, 6 ]
               - [ 1, 28, 1 ]
               - [ 3, 7, 0 ]
               - [ 11, 7, 2 ]
               - [ 24, 34, 0 ]
               - [ 23, 48, 1 ]
   -
      template_id: 5
      templates:
         -
            width: 49
            height: 111
            tl_x: 108
            tl_y: 112
            pyramid_level: 0
            features:
               - [ 30, 37, 7 ]
               - [ 6, 0, 7 ]
               - [ 4, 81, 7 ]
               - [ 12, 98, 7 ]
               - [ 1, 71, 0 ]
               - [ 4, 26, 7 ]
               - [ 49, 83, 0 ]
               - [ 36, 106, 1 ]
               - [ 1, 11, 0 ]
               - [ 48, 68, 0 ]
               - [ 27, 19, 0 ]
               - [ 0, 52, 0 ]
               - [ 26, 111, 5 ]
               - [ 14, 15, 1 ]
               - [ 45, 94, 2 ]
               - [ 46, 56, 0 ]
               - [ 7, 39, 2 ]
               - [ 23, 7, 5 ]
               - [ 34, 46, 7 ]
               - [ 28, 28, 0 ]
         -
            width: 24
            height: 55
            tl_x: 54
            tl_y: 56
            pyramid_level: 1
            features:
               - [ 24, 34, 0 ]
               - [ 14, 14, 0 ]
               - [ 0, 32, 0 ]
               - [ 11, 54, 6 ]
               - [ 19, 51, 1 ]
               - [ 24, 44, 1 ]
               - [ 1, 23, 1 ]
               - [ 0, 5, 0 ]
               - [ 9, 4, 3 ]
               - [ 16, 21, 7 ]
   -
      template_id: 6
      templates:
         -
            width: 56
            height: 114
            tl_x: 104
            tl_y: 108
            pyramid_level: 0
            features:
