%YAML:1.0
---
class_id: "back0warp95.png"
pyramid_levels: 2
template_pyramids:
   -
      template_id: 0
      templates:
         -
            width: 74
            height: 110
            tl_x: 100
            tl_y: 100
            pyramid_level: 0
            features:
               - [ 41, 110, 3 ]
               - [ 68, 62, 0 ]
               - [ 74, 38, 7 ]
               - [ 74, 83, 6 ]
               - [ 68, 108, 1 ]
               - [ 5, 29, 1 ]
               - [ 59, 16, 1 ]
               - [ 62, 28, 5 ]
               - [ 45, 14, 1 ]
               - [ 74, 96, 1 ]
               - [ 10, 91, 7 ]
               - [ 1, 61, 7 ]
               - [ 37, 23, 5 ]
               - [ 24, 17, 5 ]
               - [ 18, 103, 6 ]
               - [ 56, 1, 3 ]
               - [ 4, 76, 7 ]
               - [ 1, 44, 0 ]
               - [ 50, 28, 4 ]
               - [ 69, 73, 7 ]
         -
            width: 37
            height: 55
            tl_x: 50
            tl_y: 50
            pyramid_level: 1
            features:
               - [ 37, 48, 1 ]
               - [ 2, 16, 1 ]
               - [ 35, 27, 1 ]
               - [ 21, 55, 4 ]
               - [ 6, 47, 7 ]
               - [ 1, 33, 0 ]
               - [ 16, 10, 5 ]
               - [ 30, 7, 1 ]
               - [ 36, 18, 6 ]
               - [ 36, 40, 7 ]
               - [ 11, 54, 6 ]
               - [ 8, 9, 3 ]
   -
      template_id: 1
      templates:
         -
            width: 76
            height: 109
            tl_x: 100
            tl_y: 102
            pyramid_level: 0
            features:
               - [ 53, 107, 5 ]
               - [ 76, 78, 6 ]
               - [ 69, 63, 7 ]
               - [ 13, 91, 7 ]
               - [ 72, 33, 6 ]
               - [ 1, 59, 0 ]
               - [ 57, 2, 0 ]
               - [ 75, 97, 1 ]
               - [ 59, 24, 4 ]
               - [ 2, 32, 1 ]
               - [ 41, 12, 0 ]
               - [ 0, 45, 0 ]
               - [ 23, 17, 5 ]
               - [ 70, 48, 1 ]
               - [ 7, 80, 7 ]
               - [ 22, 103, 6 ]
               - [ 42, 109, 3 ]
               - [ 34, 21, 5 ]
               - [ 46, 1, 2 ]
               - [ 70, 107, 2 ]
               - [ 7, 22, 2 ]
         -
            width: 38
            height: 54
            tl_x: 50
            tl_y: 51
            pyramid_level: 1
            features:
               - [ 38, 47, 1 ]
               - [ 28, 54, 5 ]
               - [ 35, 33, 7 ]
               - [ 1, 32, 7 ]
               - [ 9, 49, 6 ]
               - [ 1, 16, 1 ]
               - [ 13, 9, 5 ]
               - [ 28, 5, 1 ]
               - [ 35, 15, 6 ]
               - [ 35, 24, 1 ]
               - [ 4, 41, 7 ]
   -
      template_id: 2
      templates:
         -
            width: 83
            height: 107
            tl_x: 98
            tl_y: 102
            pyramid_level: 0
            features:
               - [ 3, 61, 7 ]
               - [ 62, 106, 4 ]
               - [ 72, 30, 6 ]
               - [ 83, 82, 0 ]
               - [ 72, 61, 7 ]
               - [ 39, 14, 0 ]
               - [ 78, 101, 1 ]
               - [ 53, 13, 1 ]
               - [ 54, 0, 0 ]
               - [ 71, 46, 1 ]
               - [ 32, 107, 6 ]
               - [ 20, 18, 4 ]
               - [ 2, 36, 0 ]
               - [ 42, 3, 1 ]
               - [ 18, 93, 6 ]
               - [ 8, 76, 7 ]
               - [ 9, 22, 2 ]
               - [ 1, 47, 0 ]
               - [ 45, 25, 3 ]
               - [ 31, 21, 5 ]
         -
            width: 41
            height: 53
            tl_x: 49
            tl_y: 51
            pyramid_level: 1
            features:
               - [ 41, 44, 1 ]
               - [ 31, 53, 4 ]
               - [ 36, 31, 7 ]
               - [ 27, 4, 0 ]
               - [ 3, 35, 7 ]
               - [ 13, 51, 6 ]
               - [ 14, 10, 5 ]
               - [ 1, 18, 0 ]
               - [ 35, 14, 6 ]
               - [ 36, 22, 1 ]
   -
      template_id: 3
      templates:
         -
            width: 84
            height: 108
            tl_x: 98
            tl_y: 104
            pyramid_level: 0
            features:
               - [ 3, 60, 7 ]
               - [ 61, 102, 4 ]
               - [ 70, 48, 0 ]
               - [ 84, 87, 0 ]
               - [ 50, 0, 0 ]
               - [ 79, 67, 6 ]
               - [ 36, 16, 7 ]
               - [ 80, 99, 2 ]
               - [ 18, 18, 4 ]
               - [ 22, 93, 6 ]
               - [ 1, 35, 0 ]
               - [ 40, 108, 5 ]
               - [ 54, 19, 4 ]
               - [ 71, 37, 1 ]
               - [ 37, 2, 1 ]
               - [ 70, 26, 6 ]
               - [ 30, 101, 6 ]
               - [ 12, 80, 7 ]
               - [ 73, 58, 7 ]
               - [ 7, 70, 7 ]
               - [ 1, 50, 7 ]
         -
            width: 42
            height: 54
            tl_x: 49
            tl_y: 52
            pyramid_level: 1
            features:
               - [ 34, 51, 4 ]
               - [ 42, 43, 0 ]
               - [ 35, 23, 0 ]
               - [ 25, 1, 0 ]
               - [ 8, 43, 6 ]
               - [ 17, 52, 6 ]
               - [ 34, 12, 6 ]
               - [ 0, 20, 0 ]
               - [ 14, 10, 5 ]
               - [ 40, 34, 6 ]
               - [ 4, 11, 2 ]
   -
      template_id: 4
      templates:
         -
            width: 87
            height: 107
            tl_x: 98
            tl_y: 102
            pyramid_level: 0
            features:
               - [ 4, 66, 7 ]
               - [ 65, 102, 3 ]
               - [ 45, 0, 7 ]
               - [ 87, 74, 0 ]
               - [ 32, 14, 0 ]
               - [ 73, 57, 7 ]
               - [ 66, 24, 6 ]
               - [ 86, 91, 0 ]
               - [ 26, 97, 6 ]
               - [ 69, 40, 0 ]
               - [ 40, 107, 5 ]
               - [ 51, 20, 4 ]
               - [ 25, 23, 4 ]
               - [ 34, 1, 1 ]
               - [ 0, 37, 0 ]
               - [ 1, 56, 7 ]
               - [ 15, 85, 6 ]
               - [ 11, 23, 3 ]
               - [ 46, 9, 0 ]
               - [ 70, 49, 0 ]
               - [ 87, 82, 0 ]
               - [ 58, 106, 2 ]
               - [ 8, 74, 7 ]
               - [ 78, 64, 6 ]
               - [ 4, 28, 2 ]
         -
            width: 43
            height: 53
            tl_x: 49
            tl_y: 51
            pyramid_level: 1
            features:
               - [ 35, 24, 0 ]
               - [ 19, 53, 5 ]
               - [ 34, 51, 4 ]
               - [ 16, 6, 0 ]
               - [ 43, 45, 0 ]
               - [ 8, 43, 6 ]
               - [ 33, 12, 6 ]
               - [ 0, 19, 0 ]
               - [ 9, 11, 4 ]
               - [ 39, 32, 6 ]
   -
      template_id: 5
      templates:
         -
            width: 91
            height: 109
            tl_x: 96
            tl_y: 102
            pyramid_level: 0
            features:
               - [ 7, 69, 7 ]
               - [ 42, 0, 7 ]
               - [ 71, 45, 7 ]
               - [ 70, 100, 3 ]
               - [ 86, 64, 5 ]
               - [ 90, 92, 1 ]
               - [ 67, 23, 6 ]
               - [ 33, 99, 6 ]
               - [ 50, 19, 4 ]
               - [ 91, 77, 0 ]
               - [ 31, 17, 7 ]
               - [ 51, 109, 5 ]
               - [ 12, 25, 3 ]
               - [ 30, 6, 0 ]
               - [ 0, 44, 0 ]
               - [ 17, 84, 6 ]
               - [ 2, 56, 7 ]
               - [ 39, 25, 3 ]
               - [ 44, 10, 0 ]
               - [ 4, 31, 2 ]
               - [ 22, 24, 4 ]
         -
            width: 45
            height: 54
            tl_x: 48
            tl_y: 51
            pyramid_level: 1
            features:
               - [ 16, 49, 6 ]
               - [ 35, 17, 0 ]
               - [ 36, 50, 3 ]
               - [ 7, 40, 6 ]
               - [ 15, 6, 0 ]
               - [ 40, 30, 6 ]
               - [ 0, 23, 0 ]
               - [ 5, 13, 3 ]
