%YAML:1.0
---
class_id: "back0warp50.png"
pyramid_levels: 2
template_pyramids:
   -
      template_id: 0
      templates:
         -
            width: 64
            height: 121
            tl_x: 100
            tl_y: 102
            pyramid_level: 0
            features:
               - [ 8, 85, 7 ]
               - [ 3, 25, 1 ]
               - [ 60, 83, 7 ]
               - [ 59, 33, 6 ]
               - [ 4, 73, 7 ]
               - [ 1, 58, 0 ]
               - [ 55, 56, 1 ]
               - [ 31, 11, 1 ]
               - [ 48, 24, 5 ]
               - [ 44, 11, 1 ]
               - [ 13, 97, 7 ]
               - [ 19, 16, 5 ]
               - [ 31, 106, 5 ]
               - [ 47, 121, 5 ]
               - [ 64, 106, 1 ]
               - [ 55, 68, 0 ]
               - [ 39, 0, 3 ]
               - [ 39, 113, 6 ]
               - [ 61, 43, 2 ]
               - [ 57, 118, 2 ]
         -
            width: 32
            height: 60
            tl_x: 50
            tl_y: 51
            pyramid_level: 1
            features:
               - [ 3, 40, 7 ]
               - [ 19, 56, 6 ]
               - [ 29, 16, 6 ]
               - [ 28, 26, 1 ]
               - [ 1, 14, 1 ]
               - [ 32, 53, 1 ]
               - [ 31, 43, 7 ]
               - [ 16, 4, 1 ]
               - [ 1, 32, 0 ]
               - [ 12, 52, 5 ]
   -
      template_id: 1
      templates:
         -
            width: 68
            height: 115
            tl_x: 100
            tl_y: 104
            pyramid_level: 0
            features:
               - [ 9, 83, 7 ]
               - [ 15, 94, 7 ]
               - [ 0, 26, 1 ]
               - [ 8, 15, 3 ]
               - [ 62, 79, 6 ]
               - [ 1, 60, 7 ]
               - [ 35, 104, 5 ]
               - [ 45, 21, 5 ]
               - [ 26, 13, 0 ]
               - [ 55, 27, 6 ]
               - [ 48, 115, 6 ]
               - [ 56, 45, 1 ]
               - [ 68, 101, 1 ]
               - [ 31, 0, 2 ]
               - [ 57, 69, 7 ]
               - [ 39, 10, 1 ]
               - [ 62, 114, 1 ]
               - [ 54, 57, 0 ]
               - [ 5, 73, 7 ]
               - [ 22, 102, 5 ]
         -
            width: 34
            height: 57
            tl_x: 50
            tl_y: 52
            pyramid_level: 1
            features:
               - [ 4, 40, 7 ]
               - [ 0, 13, 1 ]
               - [ 32, 41, 6 ]
               - [ 20, 3, 0 ]
               - [ 28, 14, 6 ]
               - [ 20, 54, 6 ]
               - [ 34, 50, 1 ]
               - [ 28, 23, 1 ]
               - [ 8, 8, 5 ]
               - [ 1, 32, 7 ]
               - [ 28, 33, 7 ]
               - [ 12, 51, 5 ]
   -
      template_id: 2
      templates:
         -
            width: 75
            height: 115
            tl_x: 96
            tl_y: 104
            pyramid_level: 0
            features:
               - [ 18, 89, 7 ]
               - [ 3, 54, 0 ]
               - [ 12, 79, 7 ]
               - [ 1, 33, 0 ]
               - [ 59, 28, 6 ]
               - [ 6, 65, 7 ]
               - [ 58, 49, 0 ]
               - [ 65, 73, 7 ]
               - [ 21, 19, 5 ]
               - [ 45, 20, 4 ]
               - [ 6, 19, 2 ]
               - [ 43, 104, 5 ]
               - [ 29, 2, 1 ]
               - [ 59, 115, 5 ]
               - [ 39, 9, 1 ]
               - [ 30, 103, 5 ]
               - [ 75, 100, 1 ]
               - [ 60, 62, 7 ]
               - [ 70, 112, 1 ]
               - [ 39, 0, 0 ]
               - [ 60, 40, 1 ]
         -
            width: 37
            height: 57
            tl_x: 48
            tl_y: 52
            pyramid_level: 1
            features:
               - [ 4, 35, 7 ]
               - [ 10, 46, 7 ]
               - [ 25, 54, 6 ]
               - [ 29, 25, 0 ]
               - [ 1, 13, 1 ]
               - [ 31, 34, 7 ]
               - [ 36, 54, 1 ]
               - [ 25, 11, 5 ]
               - [ 14, 2, 1 ]
               - [ 36, 41, 6 ]
               - [ 9, 9, 5 ]
   -
      template_id: 3
      templates:
         -
            width: 81
            height: 111
            tl_x: 94
            tl_y: 104
            pyramid_level: 0
            features:
               - [ 6, 61, 7 ]
               - [ 16, 81, 7 ]
               - [ 23, 91, 6 ]
               - [ 36, 0, 7 ]
               - [ 1, 42, 0 ]
               - [ 1, 31, 0 ]
               - [ 59, 47, 0 ]
               - [ 58, 26, 6 ]
               - [ 48, 103, 5 ]
               - [ 18, 20, 5 ]
               - [ 67, 69, 6 ]
               - [ 78, 80, 6 ]
               - [ 30, 100, 6 ]
               - [ 63, 111, 6 ]
               - [ 25, 6, 1 ]
               - [ 47, 20, 5 ]
               - [ 81, 94, 0 ]
               - [ 35, 14, 1 ]
               - [ 78, 106, 1 ]
               - [ 11, 72, 7 ]
               - [ 61, 57, 7 ]
         -
            width: 40
            height: 55
            tl_x: 47
            tl_y: 52
            pyramid_level: 1
            features:
               - [ 11, 45, 6 ]
               - [ 5, 35, 7 ]
               - [ 34, 35, 6 ]
               - [ 29, 54, 5 ]
               - [ 26, 11, 5 ]
               - [ 40, 49, 1 ]
               - [ 8, 10, 4 ]
               - [ 18, 5, 1 ]
               - [ 30, 20, 1 ]
               - [ 20, 52, 4 ]
   -
      template_id: 4
      templates:
         -
            width: 86
            height: 109
            tl_x: 92
            tl_y: 104
            pyramid_level: 0
            features:
               - [ 8, 63, 7 ]
               - [ 1, 40, 0 ]
               - [ 20, 83, 6 ]
               - [ 33, 0, 7 ]
               - [ 55, 23, 5 ]
               - [ 72, 69, 6 ]
               - [ 60, 46, 0 ]
               - [ 34, 99, 6 ]
               - [ 54, 102, 4 ]
               - [ 16, 22, 4 ]
               - [ 2, 28, 1 ]
               - [ 33, 15, 1 ]
               - [ 23, 5, 1 ]
               - [ 70, 109, 5 ]
               - [ 86, 91, 0 ]
               - [ 61, 34, 1 ]
               - [ 84, 102, 1 ]
               - [ 14, 74, 7 ]
               - [ 43, 19, 4 ]
               - [ 63, 56, 7 ]
         -
            width: 43
            height: 54
            tl_x: 46
            tl_y: 52
            pyramid_level: 1
            features:
               - [ 30, 52, 5 ]
               - [ 12, 44, 6 ]
               - [ 39, 37, 6 ]
               - [ 7, 37, 7 ]
               - [ 30, 22, 0 ]
               - [ 28, 12, 5 ]
               - [ 11, 6, 0 ]
               - [ 42, 51, 1 ]
               - [ 1, 14, 1 ]
               - [ 34, 32, 6 ]
   -
      template_id: 5
      templates:
         -
            width: 90
            height: 107
            tl_x: 90
            tl_y: 104
            pyramid_level: 0
            features:
               - [ 11, 67, 7 ]
               - [ 28, 89, 6 ]
               - [ 30, 1, 7 ]
               - [ 3, 50, 7 ]
               - [ 38, 98, 6 ]
               - [ 76, 67, 6 ]
               - [ 18, 77, 6 ]
               - [ 61, 45, 0 ]
               - [ 54, 22, 5 ]
               - [ 38, 20, 4 ]
               - [ 61, 101, 4 ]
               - [ 1, 33, 0 ]
               - [ 85, 73, 5 ]
               - [ 21, 18, 7 ]
               - [ 78, 107, 5 ]
               - [ 7, 25, 3 ]
               - [ 68, 59, 6 ]
               - [ 61, 32, 1 ]
               - [ 90, 96, 0 ]
               - [ 32, 10, 0 ]
               - [ 21, 5, 1 ]
               - [ 46, 103, 5 ]
         -
            width: 45
            height: 53
            tl_x: 45
            tl_y: 52
            pyramid_level: 1
            features:
               - [ 11, 41, 6 ]
               - [ 19, 49, 6 ]
               - [ 40, 35, 6 ]
               - [ 45, 47, 0 ]
               - [ 35, 52, 5 ]
               - [ 27, 11, 5 ]
               - [ 31, 24, 7 ]
               - [ 10, 6, 0 ]
               - [ 1, 16, 1 ]
               - [ 27, 51, 3 ]
   -
      template_id: 6
      templates:
         -
            width: 95
