%YAML:1.0
---
class_id: "back0warp102.png"
pyramid_levels: 2
template_pyramids:
   -
      template_id: 0
      templates:
         -
            width: 93
            height: 109
            tl_x: 100
            tl_y: 104
            pyramid_level: 0
            features:
               - [ 4, 81, 7 ]
               - [ 42, 109, 3 ]
               - [ 51, 17, 1 ]
               - [ 14, 98, 6 ]
               - [ 87, 100, 2 ]
               - [ 93, 41, 2 ]
               - [ 21, 28, 3 ]
               - [ 62, 109, 5 ]
               - [ 71, 14, 1 ]
               - [ 3, 48, 1 ]
               - [ 84, 59, 1 ]
               - [ 10, 35, 2 ]
               - [ 38, 28, 4 ]
               - [ 25, 108, 6 ]
               - [ 92, 78, 6 ]
               - [ 63, 1, 3 ]
               - [ 1, 67, 0 ]
               - [ 89, 27, 5 ]
               - [ 66, 26, 3 ]
               - [ 75, 2, 0 ]
         -
            width: 46
            height: 54
            tl_x: 50
            tl_y: 52
            pyramid_level: 1
            features:
               - [ 24, 54, 4 ]
               - [ 5, 46, 7 ]
               - [ 19, 14, 4 ]
               - [ 44, 49, 2 ]
               - [ 31, 1, 2 ]
               - [ 46, 21, 2 ]
               - [ 6, 17, 2 ]
               - [ 42, 32, 0 ]
               - [ 39, 12, 4 ]
               - [ 1, 26, 1 ]
   -
      template_id: 1
      templates:
         -
            width: 93
            height: 114
            tl_x: 102
            tl_y: 100
            pyramid_level: 0
            features:
               - [ 49, 112, 3 ]
               - [ 7, 93, 7 ]
               - [ 84, 107, 2 ]
               - [ 16, 105, 6 ]
               - [ 45, 24, 1 ]
               - [ 0, 58, 1 ]
               - [ 33, 33, 4 ]
               - [ 0, 73, 0 ]
               - [ 73, 26, 4 ]
               - [ 93, 79, 5 ]
               - [ 28, 114, 6 ]
               - [ 90, 31, 6 ]
               - [ 67, 112, 4 ]
               - [ 83, 56, 0 ]
               - [ 19, 34, 3 ]
               - [ 67, 12, 1 ]
               - [ 51, 10, 2 ]
               - [ 7, 42, 2 ]
               - [ 88, 44, 2 ]
               - [ 84, 69, 7 ]
               - [ 62, 0, 3 ]
               - [ 60, 24, 2 ]
         -
            width: 46
            height: 57
            tl_x: 51
            tl_y: 50
            pyramid_level: 1
            features:
               - [ 25, 56, 3 ]
               - [ 6, 50, 6 ]
               - [ 3, 22, 2 ]
               - [ 43, 52, 2 ]
               - [ 23, 10, 1 ]
               - [ 44, 22, 1 ]
               - [ 36, 13, 4 ]
               - [ 42, 34, 7 ]
               - [ 1, 41, 7 ]
               - [ 14, 57, 5 ]
   -
      template_id: 2
      templates:
         -
            width: 94
            height: 114
            tl_x: 102
            tl_y: 102
            pyramid_level: 0
            features:
               - [ 56, 109, 3 ]
               - [ 1, 74, 7 ]
               - [ 9, 93, 7 ]
               - [ 19, 104, 6 ]
               - [ 70, 22, 3 ]
               - [ 87, 103, 2 ]
               - [ 16, 35, 3 ]
               - [ 42, 25, 0 ]
               - [ 71, 108, 4 ]
               - [ 62, 12, 1 ]
               - [ 87, 38, 1 ]
               - [ 34, 114, 5 ]
               - [ 5, 45, 1 ]
               - [ 83, 58, 7 ]
               - [ 85, 24, 5 ]
               - [ 93, 72, 5 ]
               - [ 52, 1, 2 ]
               - [ 94, 91, 1 ]
               - [ 0, 61, 0 ]
               - [ 44, 14, 1 ]
               - [ 27, 33, 4 ]
               - [ 56, 22, 2 ]
               - [ 64, 1, 0 ]
         -
            width: 47
            height: 57
            tl_x: 51
            tl_y: 51
            pyramid_level: 1
            features:
               - [ 5, 47, 6 ]
               - [ 47, 46, 1 ]
               - [ 15, 56, 5 ]
               - [ 35, 11, 4 ]
               - [ 31, 54, 4 ]
               - [ 1, 26, 1 ]
               - [ 43, 20, 1 ]
               - [ 22, 7, 1 ]
               - [ 10, 17, 3 ]
               - [ 45, 35, 6 ]
   -
      template_id: 3
      templates:
         -
            width: 99
            height: 118
            tl_x: 102
            tl_y: 98
            pyramid_level: 0
            features:
               - [ 63, 111, 3 ]
               - [ 3, 82, 7 ]
               - [ 11, 98, 6 ]
               - [ 67, 24, 3 ]
               - [ 92, 102, 1 ]
               - [ 40, 31, 7 ]
               - [ 23, 110, 6 ]
               - [ 4, 53, 1 ]
               - [ 27, 38, 3 ]
               - [ 86, 37, 1 ]
               - [ 1, 67, 0 ]
               - [ 94, 72, 5 ]
               - [ 37, 118, 5 ]
               - [ 83, 59, 7 ]
               - [ 41, 16, 1 ]
               - [ 52, 0, 2 ]
               - [ 99, 86, 1 ]
               - [ 54, 24, 1 ]
               - [ 80, 24, 5 ]
               - [ 59, 11, 0 ]
         -
            width: 49
            height: 59
            tl_x: 51
            tl_y: 49
            pyramid_level: 1
            features:
               - [ 47, 49, 1 ]
               - [ 5, 48, 7 ]
               - [ 28, 57, 3 ]
               - [ 13, 56, 5 ]
               - [ 1, 30, 1 ]
               - [ 14, 19, 4 ]
               - [ 43, 18, 1 ]
               - [ 24, 2, 2 ]
               - [ 47, 36, 5 ]
               - [ 34, 12, 3 ]
   -
      template_id: 4
      templates:
         -
            width: 98
            height: 117
            tl_x: 104
            tl_y: 100
            pyramid_level: 0
            features:
               - [ 64, 108, 3 ]
               - [ 3, 84, 7 ]
               - [ 61, 21, 3 ]
               - [ 35, 29, 7 ]
               - [ 94, 95, 1 ]
               - [ 27, 111, 5 ]
               - [ 23, 38, 3 ]
               - [ 52, 13, 0 ]
               - [ 11, 97, 6 ]
               - [ 81, 34, 1 ]
               - [ 2, 54, 1 ]
               - [ 94, 66, 5 ]
               - [ 0, 68, 0 ]
               - [ 41, 117, 5 ]
               - [ 35, 16, 1 ]
               - [ 78, 20, 5 ]
               - [ 98, 83, 1 ]
               - [ 81, 54, 7 ]
               - [ 43, 0, 2 ]
               - [ 12, 42, 3 ]
         -
            width: 49
            height: 58
            tl_x: 52
            tl_y: 50
            pyramid_level: 1
            features:
               - [ 6, 49, 6 ]
               - [ 8, 20, 3 ]
               - [ 32, 54, 3 ]
               - [ 26, 6, 0 ]
               - [ 19, 58, 5 ]
               - [ 48, 45, 1 ]
               - [ 0, 34, 0 ]
               - [ 40, 19, 0 ]
               - [ 47, 33, 5 ]
               - [ 17, 11, 0 ]
   -
      template_id: 5
      templates:
         -
            width: 101
            height: 118
            tl_x: 104
            tl_y: 98
            pyramid_level: 0
            features:
               - [ 69, 108, 3 ]
               - [ 57, 22, 3 ]
               - [ 82, 104, 4 ]
               - [ 5, 88, 7 ]
               - [ 19, 106, 6 ]
               - [ 98, 89, 1 ]
               - [ 21, 42, 3 ]
               - [ 80, 28, 1 ]
               - [ 29, 113, 5 ]
               - [ 32, 30, 7 ]
               - [ 79, 49, 0 ]
               - [ 2, 59, 1 ]
               - [ 95, 64, 5 ]
               - [ 9, 48, 2 ]
               - [ 1, 75, 0 ]
               - [ 42, 118, 5 ]
               - [ 32, 15, 1 ]
               - [ 39, 1, 2 ]
               - [ 48, 15, 0 ]
               - [ 73, 19, 4 ]
               - [ 101, 74, 0 ]
         -
            width: 50
            height: 59
            tl_x: 52
            tl_y: 49
            pyramid_level: 1
            features:
               - [ 18, 58, 5 ]
               - [ 11, 21, 3 ]
               - [ 24, 6, 0 ]
               - [ 39, 20, 0 ]
               - [ 37, 53, 3 ]
               - [ 50, 40, 0 ]
               - [ 1, 30, 1 ]
               - [ 5, 48, 6 ]
               - [ 45, 31, 5 ]
               - [ 38, 10, 5 ]
   -
      template_id: 6
      templates:
         -
            width: 100
            height: 113
