%YAML:1.0
---
class_id: "back0warp73.png"
pyramid_levels: 2
template_pyramids:
   -
      template_id: 0
      templates:
         -
            width: 49
            height: 116
            tl_x: 100
            tl_y: 108
            pyramid_level: 0
            features:
               - [ 2, 82, 7 ]
               - [ 8, 103, 7 ]
               - [ 3, 38, 1 ]
               - [ 28, 1, 1 ]
               - [ 48, 104, 1 ]
               - [ 44, 73, 7 ]
               - [ 44, 49, 1 ]
               - [ 33, 13, 1 ]
               - [ 49, 84, 7 ]
               - [ 48, 37, 1 ]
               - [ 44, 114, 1 ]
               - [ 28, 115, 6 ]
               - [ 23, 18, 0 ]
               - [ 47, 25, 6 ]
               - [ 15, 25, 4 ]
               - [ 18, 113, 3 ]
               - [ 4, 91, 7 ]
               - [ 1, 47, 0 ]
               - [ 7, 29, 1 ]
               - [ 25, 9, 1 ]
               - [ 36, 0, 1 ]
               - [ 35, 21, 3 ]
               - [ 1, 74, 0 ]
               - [ 43, 65, 0 ]
         -
            width: 24
            height: 58
            tl_x: 50
            tl_y: 54
            pyramid_level: 1
            features:
               - [ 2, 45, 7 ]
               - [ 24, 52, 1 ]
               - [ 1, 21, 1 ]
               - [ 24, 41, 7 ]
               - [ 22, 25, 1 ]
               - [ 15, 58, 6 ]
               - [ 17, 5, 1 ]
               - [ 23, 12, 6 ]
               - [ 24, 19, 1 ]
               - [ 21, 31, 0 ]
   -
      template_id: 1
      templates:
         -
            width: 52
            height: 114
            tl_x: 100
            tl_y: 108
            pyramid_level: 0
            features:
               - [ 52, 102, 1 ]
               - [ 4, 83, 7 ]
               - [ 12, 104, 7 ]
               - [ 2, 72, 0 ]
               - [ 2, 37, 1 ]
               - [ 49, 79, 7 ]
               - [ 7, 93, 7 ]
               - [ 31, 0, 0 ]
               - [ 0, 56, 0 ]
               - [ 44, 67, 7 ]
               - [ 48, 114, 1 ]
               - [ 47, 33, 1 ]
               - [ 44, 43, 1 ]
               - [ 21, 8, 1 ]
               - [ 33, 20, 3 ]
               - [ 43, 57, 0 ]
               - [ 32, 114, 5 ]
               - [ 12, 26, 4 ]
               - [ 44, 23, 6 ]
               - [ 30, 9, 0 ]
         -
            width: 26
            height: 57
            tl_x: 50
            tl_y: 54
            pyramid_level: 1
            features:
               - [ 2, 41, 7 ]
               - [ 6, 52, 7 ]
               - [ 26, 51, 1 ]
               - [ 25, 40, 6 ]
               - [ 1, 19, 1 ]
               - [ 23, 18, 1 ]
               - [ 15, 5, 1 ]
               - [ 16, 57, 5 ]
               - [ 21, 27, 0 ]
               - [ 6, 13, 4 ]
   -
      template_id: 2
      templates:
         -
            width: 56
            height: 122
            tl_x: 100
            tl_y: 102
            pyramid_level: 0
            features:
               - [ 2, 74, 0 ]
               - [ 0, 63, 0 ]
               - [ 0, 48, 0 ]
               - [ 26, 8, 0 ]
               - [ 18, 114, 7 ]
               - [ 10, 100, 7 ]
               - [ 6, 90, 7 ]
               - [ 53, 117, 1 ]
               - [ 46, 74, 7 ]
               - [ 43, 64, 7 ]
               - [ 43, 46, 0 ]
               - [ 52, 84, 6 ]
               - [ 24, 23, 1 ]
               - [ 56, 104, 0 ]
               - [ 4, 36, 2 ]
               - [ 42, 122, 5 ]
               - [ 42, 29, 6 ]
               - [ 27, 120, 3 ]
               - [ 17, 12, 0 ]
               - [ 42, 54, 0 ]
               - [ 45, 37, 1 ]
               - [ 21, 1, 1 ]
               - [ 16, 23, 0 ]
         -
            width: 28
            height: 61
            tl_x: 50
            tl_y: 51
            pyramid_level: 1
            features:
               - [ 0, 25, 0 ]
               - [ 6, 52, 7 ]
               - [ 26, 42, 6 ]
               - [ 22, 21, 1 ]
               - [ 27, 57, 1 ]
               - [ 13, 7, 0 ]
               - [ 5, 17, 4 ]
               - [ 22, 34, 7 ]
               - [ 19, 60, 5 ]
               - [ 19, 13, 5 ]
   -
      template_id: 3
      templates:
         -
            width: 62
            height: 112
            tl_x: 98
            tl_y: 110
            pyramid_level: 0
            features:
               - [ 5, 68, 7 ]
               - [ 10, 82, 7 ]
               - [ 2, 57, 7 ]
               - [ 24, 106, 6 ]
               - [ 23, 0, 0 ]
               - [ 15, 16, 0 ]
               - [ 61, 99, 0 ]
               - [ 1, 41, 0 ]
               - [ 48, 63, 7 ]
               - [ 16, 94, 7 ]
               - [ 54, 72, 6 ]
               - [ 3, 31, 1 ]
               - [ 44, 31, 0 ]
               - [ 29, 17, 3 ]
               - [ 44, 50, 0 ]
               - [ 59, 109, 1 ]
               - [ 46, 111, 5 ]
               - [ 40, 19, 6 ]
               - [ 35, 111, 3 ]
               - [ 62, 90, 0 ]
         -
            width: 31
            height: 56
            tl_x: 49
            tl_y: 55
            pyramid_level: 1
            features:
               - [ 12, 53, 6 ]
               - [ 5, 41, 7 ]
               - [ 23, 29, 7 ]
               - [ 22, 16, 0 ]
               - [ 27, 36, 6 ]
               - [ 30, 52, 0 ]
               - [ 1, 18, 1 ]
               - [ 12, 3, 0 ]
               - [ 24, 56, 5 ]
               - [ 19, 9, 5 ]
   -
      template_id: 4
      templates:
         -
            width: 65
            height: 112
            tl_x: 98
            tl_y: 108
            pyramid_level: 0
            features:
               - [ 7, 74, 7 ]
               - [ 3, 63, 7 ]
               - [ 12, 85, 7 ]
               - [ 0, 49, 0 ]
               - [ 18, 1, 0 ]
               - [ 18, 95, 6 ]
               - [ 1, 36, 1 ]
               - [ 42, 32, 0 ]
               - [ 64, 106, 0 ]
               - [ 49, 64, 7 ]
               - [ 30, 110, 6 ]
               - [ 42, 43, 0 ]
               - [ 12, 21, 7 ]
               - [ 51, 111, 5 ]
               - [ 61, 76, 6 ]
               - [ 65, 92, 0 ]
               - [ 26, 19, 3 ]
               - [ 37, 20, 6 ]
               - [ 44, 53, 7 ]
               - [ 10, 8, 0 ]
               - [ 40, 112, 2 ]
         -
            width: 32
            height: 56
            tl_x: 49
            tl_y: 54
            pyramid_level: 1
            features:
               - [ 21, 20, 0 ]
               - [ 0, 24, 0 ]
               - [ 23, 29, 7 ]
               - [ 10, 49, 6 ]
               - [ 29, 37, 6 ]
               - [ 32, 52, 0 ]
               - [ 26, 56, 5 ]
               - [ 5, 5, 0 ]
               - [ 18, 10, 5 ]
               - [ 14, 54, 6 ]
               - [ 20, 56, 3 ]
   -
      template_id: 5
      templates:
         -
            width: 70
            height: 106
            tl_x: 96
            tl_y: 112
            pyramid_level: 0
            features:
               - [ 6, 62, 7 ]
               - [ 12, 75, 7 ]
               - [ 35, 104, 6 ]
               - [ 20, 87, 6 ]
               - [ 1, 35, 0 ]
               - [ 16, 1, 7 ]
               - [ 2, 50, 7 ]
               - [ 70, 88, 0 ]
               - [ 43, 39, 7 ]
               - [ 10, 16, 7 ]
               - [ 58, 105, 5 ]
               - [ 53, 60, 6 ]
               - [ 42, 28, 0 ]
               - [ 47, 50, 7 ]
               - [ 63, 68, 5 ]
               - [ 37, 16, 5 ]
               - [ 25, 15, 2 ]
               - [ 69, 104, 1 ]
               - [ 26, 95, 6 ]
               - [ 9, 28, 4 ]
         -
            width: 35
            height: 53
            tl_x: 48
            tl_y: 56
            pyramid_level: 1
            features:
               - [ 21, 16, 0 ]
               - [ 1, 25, 7 ]
               - [ 35, 44, 0 ]
               - [ 30, 33, 6 ]
               - [ 9, 42, 6 ]
               - [ 15, 50, 6 ]
               - [ 30, 53, 5 ]
               - [ 4, 4, 0 ]
               - [ 23, 24, 7 ]
               - [ 18, 8, 5 ]
               - [ 1, 17, 1 ]
   -
