%YAML:1.0
---
class_id: "back0warp63.png"
pyramid_levels: 2
template_pyramids:
   -
      template_id: 0
      templates:
         -
            width: 73
            height: 119
            tl_x: 100
            tl_y: 104
            pyramid_level: 0
            features:
               - [ 42, 3, 2 ]
               - [ 1, 42, 1 ]
               - [ 10, 95, 7 ]
               - [ 36, 16, 1 ]
               - [ 67, 49, 1 ]
               - [ 3, 77, 7 ]
               - [ 52, 11, 1 ]
               - [ 5, 30, 1 ]
               - [ 61, 23, 5 ]
               - [ 14, 21, 3 ]
               - [ 38, 111, 5 ]
               - [ 70, 111, 1 ]
               - [ 73, 84, 6 ]
               - [ 73, 32, 6 ]
               - [ 21, 110, 5 ]
               - [ 51, 119, 6 ]
               - [ 65, 66, 0 ]
               - [ 55, 0, 0 ]
               - [ 25, 21, 5 ]
               - [ 38, 26, 4 ]
         -
            width: 36
            height: 59
            tl_x: 50
            tl_y: 52
            pyramid_level: 1
            features:
               - [ 1, 19, 1 ]
               - [ 7, 51, 7 ]
               - [ 1, 36, 7 ]
               - [ 35, 40, 7 ]
               - [ 19, 5, 1 ]
               - [ 20, 56, 5 ]
               - [ 33, 26, 1 ]
               - [ 34, 57, 2 ]
               - [ 31, 12, 5 ]
               - [ 10, 10, 4 ]
   -
      template_id: 1
      templates:
         -
            width: 80
            height: 115
            tl_x: 100
            tl_y: 106
            pyramid_level: 0
            features:
               - [ 37, 1, 1 ]
               - [ 1, 64, 0 ]
               - [ 60, 20, 5 ]
               - [ 18, 102, 6 ]
               - [ 1, 36, 1 ]
               - [ 11, 92, 7 ]
               - [ 75, 79, 6 ]
               - [ 66, 45, 1 ]
               - [ 6, 81, 7 ]
               - [ 47, 10, 1 ]
               - [ 43, 109, 5 ]
               - [ 55, 115, 6 ]
               - [ 14, 20, 4 ]
               - [ 71, 28, 6 ]
               - [ 67, 67, 7 ]
               - [ 75, 105, 1 ]
               - [ 27, 110, 4 ]
               - [ 32, 16, 0 ]
               - [ 80, 91, 1 ]
               - [ 64, 56, 0 ]
         -
            width: 40
            height: 57
            tl_x: 50
            tl_y: 53
            pyramid_level: 1
            features:
               - [ 2, 38, 7 ]
               - [ 9, 51, 6 ]
               - [ 0, 21, 0 ]
               - [ 37, 39, 6 ]
               - [ 19, 0, 2 ]
               - [ 25, 56, 5 ]
               - [ 33, 22, 1 ]
               - [ 9, 10, 4 ]
               - [ 38, 51, 1 ]
               - [ 30, 10, 5 ]
   -
      template_id: 2
      templates:
         -
            width: 85
            height: 118
            tl_x: 98
            tl_y: 102
            pyramid_level: 0
            features:
               - [ 4, 72, 7 ]
               - [ 20, 103, 6 ]
               - [ 1, 48, 0 ]
               - [ 31, 16, 0 ]
               - [ 70, 29, 6 ]
               - [ 80, 108, 1 ]
               - [ 67, 46, 1 ]
               - [ 9, 85, 7 ]
               - [ 57, 22, 5 ]
               - [ 11, 27, 3 ]
               - [ 79, 80, 6 ]
               - [ 29, 113, 6 ]
               - [ 47, 112, 4 ]
               - [ 37, 1, 2 ]
               - [ 45, 13, 1 ]
               - [ 63, 118, 5 ]
               - [ 68, 64, 7 ]
               - [ 36, 28, 3 ]
               - [ 85, 91, 0 ]
               - [ 3, 37, 1 ]
         -
            width: 42
            height: 59
            tl_x: 49
            tl_y: 51
            pyramid_level: 1
            features:
               - [ 12, 54, 6 ]
               - [ 3, 39, 7 ]
               - [ 1, 20, 1 ]
               - [ 27, 57, 5 ]
               - [ 17, 3, 1 ]
               - [ 34, 21, 1 ]
               - [ 40, 54, 1 ]
               - [ 27, 11, 4 ]
               - [ 36, 36, 7 ]
               - [ 10, 13, 4 ]
   -
      template_id: 3
      templates:
         -
            width: 87
            height: 116
            tl_x: 98
            tl_y: 102
            pyramid_level: 0
            features:
               - [ 5, 75, 7 ]
               - [ 0, 52, 0 ]
               - [ 30, 5, 1 ]
               - [ 29, 110, 6 ]
               - [ 27, 19, 0 ]
               - [ 49, 21, 3 ]
               - [ 41, 12, 0 ]
               - [ 11, 88, 7 ]
               - [ 7, 31, 2 ]
               - [ 41, 0, 7 ]
               - [ 66, 42, 0 ]
               - [ 66, 26, 6 ]
               - [ 77, 74, 6 ]
               - [ 18, 98, 6 ]
               - [ 68, 116, 5 ]
               - [ 84, 104, 1 ]
               - [ 45, 113, 3 ]
               - [ 67, 59, 7 ]
               - [ 87, 92, 0 ]
               - [ 1, 41, 1 ]
               - [ 56, 112, 5 ]
               - [ 20, 28, 4 ]
               - [ 34, 28, 3 ]
         -
            width: 43
            height: 58
            tl_x: 49
            tl_y: 51
            pyramid_level: 1
            features:
               - [ 0, 23, 0 ]
               - [ 5, 43, 7 ]
               - [ 14, 5, 1 ]
               - [ 33, 21, 1 ]
               - [ 42, 52, 1 ]
               - [ 31, 57, 5 ]
               - [ 40, 38, 6 ]
               - [ 16, 56, 6 ]
               - [ 24, 11, 4 ]
               - [ 8, 14, 4 ]
   -
      template_id: 4
      templates:
         -
            width: 92
            height: 106
            tl_x: 96
            tl_y: 108
            pyramid_level: 0
            features:
               - [ 8, 71, 7 ]
               - [ 2, 55, 7 ]
               - [ 26, 97, 6 ]
               - [ 1, 42, 0 ]
               - [ 27, 0, 1 ]
               - [ 53, 14, 4 ]
               - [ 66, 35, 0 ]
               - [ 37, 106, 6 ]
               - [ 90, 93, 1 ]
               - [ 39, 5, 0 ]
               - [ 65, 18, 5 ]
               - [ 26, 18, 7 ]
               - [ 16, 85, 6 ]
               - [ 85, 68, 5 ]
               - [ 65, 105, 4 ]
               - [ 6, 28, 2 ]
               - [ 70, 53, 7 ]
               - [ 52, 106, 3 ]
               - [ 92, 79, 0 ]
               - [ 43, 16, 3 ]
               - [ 76, 62, 6 ]
         -
            width: 46
            height: 53
            tl_x: 48
            tl_y: 54
            pyramid_level: 1
            features:
               - [ 17, 52, 6 ]
               - [ 33, 19, 0 ]
               - [ 41, 33, 5 ]
               - [ 27, 7, 4 ]
               - [ 45, 46, 0 ]
               - [ 13, 2, 1 ]
               - [ 7, 41, 7 ]
               - [ 1, 18, 1 ]
               - [ 35, 53, 5 ]
               - [ 26, 53, 3 ]
               - [ 8, 12, 4 ]
   -
      template_id: 5
      templates:
         -
            width: 94
            height: 111
            tl_x: 96
            tl_y: 104
            pyramid_level: 0
            features:
               - [ 10, 79, 7 ]
               - [ 1, 58, 0 ]
               - [ 22, 20, 0 ]
               - [ 22, 7, 1 ]
               - [ 32, 104, 6 ]
               - [ 45, 18, 3 ]
               - [ 93, 94, 0 ]
               - [ 63, 21, 5 ]
               - [ 64, 37, 0 ]
               - [ 42, 111, 6 ]
               - [ 62, 107, 4 ]
               - [ 0, 46, 0 ]
               - [ 33, 1, 7 ]
               - [ 77, 108, 5 ]
               - [ 85, 68, 5 ]
               - [ 7, 33, 3 ]
               - [ 70, 55, 7 ]
               - [ 94, 82, 0 ]
               - [ 34, 15, 1 ]
               - [ 29, 29, 3 ]
         -
            width: 47
            height: 55
            tl_x: 48
            tl_y: 52
            pyramid_level: 1
            features:
               - [ 0, 25, 0 ]
               - [ 19, 54, 6 ]
               - [ 8, 44, 6 ]
               - [ 32, 19, 0 ]
               - [ 11, 4, 1 ]
               - [ 38, 54, 4 ]
               - [ 23, 9, 3 ]
               - [ 39, 32, 6 ]
               - [ 47, 42, 0 ]
               - [ 5, 16, 3 ]
   -
      template_id: 6
      templates:
         -
            width: 98
            height: 106
            tl_x: 94
            tl_y: 110
