%YAML:1.0
---
class_id: "back0warp108.png"
pyramid_levels: 2
template_pyramids:
   -
      template_id: 0
      templates:
         -
            width: 62
            height: 105
            tl_x: 100
            tl_y: 100
            pyramid_level: 0
            features:
               - [ 1, 48, 7 ]
               - [ 4, 63, 7 ]
               - [ 62, 41, 7 ]
               - [ 56, 105, 2 ]
               - [ 57, 63, 1 ]
               - [ 59, 78, 7 ]
               - [ 51, 13, 1 ]
               - [ 9, 77, 7 ]
               - [ 15, 89, 6 ]
               - [ 1, 28, 0 ]
               - [ 62, 93, 1 ]
               - [ 51, 28, 5 ]
               - [ 38, 11, 1 ]
               - [ 21, 10, 5 ]
               - [ 44, 105, 5 ]
               - [ 26, 102, 5 ]
               - [ 6, 13, 2 ]
               - [ 46, 1, 3 ]
               - [ 32, 19, 6 ]
               - [ 61, 51, 1 ]
         -
            width: 31
            height: 52
            tl_x: 50
            tl_y: 50
            pyramid_level: 1
            features:
               - [ 2, 31, 7 ]
               - [ 30, 49, 1 ]
               - [ 9, 47, 7 ]
               - [ 29, 37, 7 ]
               - [ 1, 11, 1 ]
               - [ 29, 17, 6 ]
               - [ 26, 5, 0 ]
               - [ 12, 6, 6 ]
               - [ 21, 52, 5 ]
               - [ 30, 26, 1 ]
   -
      template_id: 1
      templates:
         -
            width: 66
            height: 103
            tl_x: 98
            tl_y: 100
            pyramid_level: 0
            features:
               - [ 7, 66, 7 ]
               - [ 13, 79, 7 ]
               - [ 63, 76, 7 ]
               - [ 49, 103, 5 ]
               - [ 50, 8, 0 ]
               - [ 2, 47, 0 ]
               - [ 2, 22, 1 ]
               - [ 19, 89, 6 ]
               - [ 60, 65, 7 ]
               - [ 61, 52, 1 ]
               - [ 56, 30, 6 ]
               - [ 64, 100, 1 ]
               - [ 19, 11, 5 ]
               - [ 36, 102, 3 ]
               - [ 36, 11, 0 ]
               - [ 46, 19, 2 ]
               - [ 1, 34, 0 ]
               - [ 26, 98, 6 ]
               - [ 28, 17, 6 ]
               - [ 43, 0, 3 ]
               - [ 9, 11, 3 ]
         -
            width: 33
            height: 51
            tl_x: 49
            tl_y: 50
            pyramid_level: 1
            features:
               - [ 4, 34, 7 ]
               - [ 10, 45, 6 ]
               - [ 33, 47, 1 ]
               - [ 30, 29, 0 ]
               - [ 1, 11, 1 ]
               - [ 12, 7, 5 ]
               - [ 28, 15, 6 ]
               - [ 25, 4, 0 ]
               - [ 23, 51, 5 ]
               - [ 31, 37, 7 ]
   -
      template_id: 2
      templates:
         -
            width: 72
            height: 100
            tl_x: 96
            tl_y: 102
            pyramid_level: 0
            features:
               - [ 3, 47, 7 ]
               - [ 10, 66, 7 ]
               - [ 69, 97, 1 ]
               - [ 62, 56, 0 ]
               - [ 68, 73, 6 ]
               - [ 62, 32, 6 ]
               - [ 23, 87, 6 ]
               - [ 1, 34, 0 ]
               - [ 50, 23, 5 ]
               - [ 16, 77, 7 ]
               - [ 54, 99, 5 ]
               - [ 48, 6, 0 ]
               - [ 34, 12, 0 ]
               - [ 64, 43, 1 ]
               - [ 37, 100, 5 ]
               - [ 22, 13, 5 ]
               - [ 4, 15, 1 ]
               - [ 37, 0, 2 ]
               - [ 72, 87, 1 ]
               - [ 6, 57, 7 ]
               - [ 1, 24, 0 ]
               - [ 29, 94, 6 ]
               - [ 41, 23, 4 ]
         -
            width: 36
            height: 50
            tl_x: 48
            tl_y: 51
            pyramid_level: 1
            features:
               - [ 3, 28, 7 ]
               - [ 35, 47, 1 ]
               - [ 12, 44, 6 ]
               - [ 32, 32, 7 ]
               - [ 12, 7, 5 ]
               - [ 26, 12, 5 ]
               - [ 32, 22, 1 ]
               - [ 1, 10, 1 ]
               - [ 25, 49, 4 ]
               - [ 24, 3, 0 ]
   -
      template_id: 3
      templates:
         -
            width: 77
            height: 94
            tl_x: 94
            tl_y: 106
            pyramid_level: 0
            features:
               - [ 5, 47, 7 ]
               - [ 13, 64, 7 ]
               - [ 63, 27, 6 ]
               - [ 64, 47, 0 ]
               - [ 75, 89, 1 ]
               - [ 22, 77, 6 ]
               - [ 77, 77, 0 ]
               - [ 68, 61, 7 ]
               - [ 31, 87, 6 ]
               - [ 1, 32, 0 ]
               - [ 49, 18, 5 ]
               - [ 39, 94, 6 ]
               - [ 62, 94, 5 ]
               - [ 18, 9, 5 ]
               - [ 65, 37, 1 ]
               - [ 46, 2, 0 ]
               - [ 28, 14, 5 ]
               - [ 2, 15, 1 ]
               - [ 33, 0, 1 ]
               - [ 53, 93, 3 ]
         -
            width: 38
            height: 47
            tl_x: 47
            tl_y: 53
            pyramid_level: 1
            features:
               - [ 4, 27, 7 ]
               - [ 38, 42, 0 ]
               - [ 15, 43, 6 ]
               - [ 10, 5, 5 ]
               - [ 32, 23, 0 ]
               - [ 29, 11, 6 ]
               - [ 25, 47, 3 ]
               - [ 23, 2, 0 ]
               - [ 0, 12, 0 ]
               - [ 36, 33, 6 ]
   -
      template_id: 4
      templates:
         -
            width: 81
            height: 99
            tl_x: 92
            tl_y: 102
            pyramid_level: 0
            features:
               - [ 7, 54, 7 ]
               - [ 2, 40, 7 ]
               - [ 66, 49, 7 ]
               - [ 18, 72, 6 ]
               - [ 36, 91, 6 ]
               - [ 64, 30, 6 ]
               - [ 81, 87, 0 ]
               - [ 57, 24, 5 ]
               - [ 73, 65, 6 ]
               - [ 48, 21, 4 ]
               - [ 66, 95, 5 ]
               - [ 25, 18, 5 ]
               - [ 66, 39, 1 ]
               - [ 28, 84, 6 ]
               - [ 44, 7, 0 ]
               - [ 50, 99, 4 ]
               - [ 1, 24, 0 ]
               - [ 13, 14, 4 ]
               - [ 32, 1, 1 ]
               - [ 13, 65, 7 ]
               - [ 31, 12, 0 ]
         -
            width: 40
            height: 49
            tl_x: 46
            tl_y: 51
            pyramid_level: 1
            features:
               - [ 9, 36, 6 ]
               - [ 26, 11, 5 ]
               - [ 38, 34, 6 ]
               - [ 15, 43, 6 ]
               - [ 34, 48, 4 ]
               - [ 10, 8, 5 ]
               - [ 33, 20, 0 ]
               - [ 22, 4, 0 ]
               - [ 1, 11, 1 ]
               - [ 20, 47, 6 ]
               - [ 40, 45, 1 ]
               - [ 16, 1, 1 ]
   -
      template_id: 5
      templates:
         -
            width: 86
            height: 100
            tl_x: 90
            tl_y: 100
            pyramid_level: 0
            features:
               - [ 9, 58, 7 ]
               - [ 3, 45, 7 ]
               - [ 21, 75, 6 ]
               - [ 32, 86, 6 ]
               - [ 64, 30, 6 ]
               - [ 68, 50, 7 ]
               - [ 73, 95, 4 ]
               - [ 41, 93, 5 ]
               - [ 75, 63, 6 ]
               - [ 85, 90, 0 ]
               - [ 55, 24, 5 ]
               - [ 42, 9, 0 ]
               - [ 29, 13, 0 ]
               - [ 14, 19, 4 ]
               - [ 56, 100, 4 ]
               - [ 1, 27, 1 ]
               - [ 44, 23, 4 ]
               - [ 32, 0, 2 ]
               - [ 82, 69, 6 ]
               - [ 26, 22, 5 ]
               - [ 1, 36, 0 ]
               - [ 86, 81, 0 ]
         -
            width: 43
            height: 50
            tl_x: 45
            tl_y: 50
            pyramid_level: 1
            features:
               - [ 16, 43, 6 ]
               - [ 7, 33, 7 ]
               - [ 38, 32, 6 ]
               - [ 43, 40, 0 ]
               - [ 9, 10, 5 ]
               - [ 21, 5, 0 ]
               - [ 27, 12, 5 ]
               - [ 32, 48, 3 ]
               - [ 33, 20, 0 ]
               - [ 23, 48, 5 ]
               - [ 1, 13, 1 ]
   -
      template_id: 6
