%YAML:1.0
---
class_id: "back0warp1.png"
pyramid_levels: 2
template_pyramids:
   -
      template_id: 0
      templates:
         -
            width: 53
            height: 96
            tl_x: 100
            tl_y: 104
            pyramid_level: 0
            features:
               - [ 2, 21, 7 ]
               - [ 47, 77, 7 ]
               - [ 6, 35, 7 ]
               - [ 37, 36, 6 ]
               - [ 9, 44, 7 ]
               - [ 19, 11, 7 ]
               - [ 36, 89, 7 ]
               - [ 27, 72, 7 ]
               - [ 46, 51, 7 ]
               - [ 14, 55, 7 ]
               - [ 53, 91, 7 ]
               - [ 40, 96, 7 ]
               - [ 32, 81, 7 ]
               - [ 44, 66, 0 ]
               - [ 22, 65, 6 ]
               - [ 12, 1, 6 ]
               - [ 1, 0, 1 ]
               - [ 35, 22, 7 ]
               - [ 50, 84, 7 ]
               - [ 41, 42, 7 ]
         -
            width: 26
            height: 48
            tl_x: 50
            tl_y: 52
            pyramid_level: 1
            features:
               - [ 3, 18, 7 ]
               - [ 25, 42, 7 ]
               - [ 6, 26, 7 ]
               - [ 14, 37, 7 ]
               - [ 20, 20, 7 ]
               - [ 7, 2, 6 ]
               - [ 22, 33, 0 ]
               - [ 17, 10, 6 ]
               - [ 1, 11, 7 ]
               - [ 19, 46, 7 ]
   -
      template_id: 1
      templates:
         -
            width: 61
            height: 91
            tl_x: 96
            tl_y: 106
            pyramid_level: 0
            features:
               - [ 43, 37, 6 ]
               - [ 33, 70, 6 ]
               - [ 10, 38, 7 ]
               - [ 52, 70, 7 ]
               - [ 57, 80, 7 ]
               - [ 22, 13, 6 ]
               - [ 15, 49, 7 ]
               - [ 5, 26, 7 ]
               - [ 12, 1, 6 ]
               - [ 41, 82, 7 ]
               - [ 50, 47, 7 ]
               - [ 23, 59, 6 ]
               - [ 2, 16, 7 ]
               - [ 47, 91, 6 ]
               - [ 34, 17, 6 ]
               - [ 61, 87, 7 ]
               - [ 49, 60, 0 ]
               - [ 37, 76, 6 ]
               - [ 1, 0, 1 ]
               - [ 18, 8, 6 ]
               - [ 39, 32, 6 ]
         -
            width: 30
            height: 45
            tl_x: 48
            tl_y: 53
            pyramid_level: 1
            features:
               - [ 26, 35, 7 ]
               - [ 6, 21, 7 ]
               - [ 24, 22, 7 ]
               - [ 23, 45, 6 ]
               - [ 3, 14, 7 ]
               - [ 17, 36, 6 ]
               - [ 10, 28, 6 ]
               - [ 9, 4, 6 ]
               - [ 17, 8, 6 ]
               - [ 28, 39, 7 ]
   -
      template_id: 2
      templates:
         -
            width: 68
            height: 90
            tl_x: 92
            tl_y: 108
            pyramid_level: 0
            features:
               - [ 12, 1, 6 ]
               - [ 40, 28, 6 ]
               - [ 23, 12, 6 ]
               - [ 46, 34, 6 ]
               - [ 62, 73, 7 ]
               - [ 57, 90, 6 ]
               - [ 68, 82, 6 ]
               - [ 43, 73, 6 ]
               - [ 54, 44, 7 ]
               - [ 56, 62, 7 ]
               - [ 37, 16, 6 ]
               - [ 22, 52, 6 ]
               - [ 15, 41, 7 ]
               - [ 10, 32, 7 ]
               - [ 4, 18, 7 ]
               - [ 34, 63, 6 ]
               - [ 51, 83, 6 ]
               - [ 1, 1, 1 ]
               - [ 28, 58, 6 ]
               - [ 18, 7, 6 ]
         -
            width: 34
            height: 45
            tl_x: 46
            tl_y: 54
            pyramid_level: 1
            features:
               - [ 9, 23, 7 ]
               - [ 25, 41, 6 ]
               - [ 5, 16, 7 ]
               - [ 23, 17, 6 ]
               - [ 30, 35, 7 ]
               - [ 22, 37, 6 ]
               - [ 9, 3, 6 ]
               - [ 27, 22, 7 ]
               - [ 17, 7, 5 ]
               - [ 28, 31, 7 ]
   -
      template_id: 3
      templates:
         -
            width: 75
            height: 87
            tl_x: 88
            tl_y: 110
            pyramid_level: 0
            features:
               - [ 12, 1, 5 ]
               - [ 4, 15, 7 ]
               - [ 44, 27, 6 ]
               - [ 23, 10, 6 ]
               - [ 52, 34, 6 ]
               - [ 75, 77, 6 ]
               - [ 63, 61, 7 ]
               - [ 67, 67, 6 ]
               - [ 37, 13, 5 ]
               - [ 34, 57, 5 ]
               - [ 13, 32, 7 ]
               - [ 55, 76, 6 ]
               - [ 41, 62, 6 ]
               - [ 59, 42, 6 ]
               - [ 20, 43, 6 ]
               - [ 49, 70, 6 ]
               - [ 66, 87, 6 ]
               - [ 1, 4, 0 ]
               - [ 25, 50, 6 ]
               - [ 61, 83, 6 ]
         -
            width: 37
            height: 43
            tl_x: 44
            tl_y: 55
            pyramid_level: 1
            features:
               - [ 8, 2, 6 ]
               - [ 15, 27, 6 ]
               - [ 7, 17, 7 ]
               - [ 25, 16, 6 ]
               - [ 34, 34, 6 ]
               - [ 30, 41, 6 ]
               - [ 23, 33, 6 ]
               - [ 18, 6, 5 ]
               - [ 4, 12, 7 ]
               - [ 11, 23, 6 ]
               - [ 19, 30, 6 ]
               - [ 37, 38, 6 ]
   -
      template_id: 4
      templates:
         -
            width: 82
            height: 80
            tl_x: 86
            tl_y: 112
            pyramid_level: 0
            features:
               - [ 7, 0, 5 ]
               - [ 4, 17, 7 ]
               - [ 78, 70, 6 ]
               - [ 65, 55, 6 ]
               - [ 16, 35, 6 ]
               - [ 52, 30, 6 ]
               - [ 9, 25, 7 ]
               - [ 17, 6, 6 ]
               - [ 29, 50, 6 ]
               - [ 58, 71, 6 ]
               - [ 35, 11, 5 ]
               - [ 68, 80, 6 ]
               - [ 50, 64, 6 ]
               - [ 0, 7, 7 ]
               - [ 59, 36, 6 ]
               - [ 82, 80, 1 ]
               - [ 45, 25, 5 ]
               - [ 36, 55, 5 ]
               - [ 24, 11, 6 ]
               - [ 61, 47, 0 ]
         -
            width: 41
            height: 40
            tl_x: 43
            tl_y: 56
            pyramid_level: 1
            features:
               - [ 34, 40, 6 ]
               - [ 4, 12, 7 ]
               - [ 10, 20, 6 ]
               - [ 19, 28, 5 ]
               - [ 7, 2, 5 ]
               - [ 26, 15, 6 ]
               - [ 37, 33, 6 ]
               - [ 26, 33, 6 ]
               - [ 19, 6, 6 ]
               - [ 33, 28, 6 ]
   -
      template_id: 5
      templates:
         -
            width: 89
            height: 74
            tl_x: 82
            tl_y: 116
            pyramid_level: 0
            features:
               - [ 12, 1, 5 ]
               - [ 38, 8, 5 ]
               - [ 21, 6, 5 ]
               - [ 71, 50, 6 ]
               - [ 43, 52, 5 ]
               - [ 14, 27, 6 ]
               - [ 51, 56, 5 ]
               - [ 64, 32, 6 ]
               - [ 30, 44, 6 ]
               - [ 23, 37, 6 ]
               - [ 50, 22, 5 ]
               - [ 86, 64, 6 ]
               - [ 78, 57, 6 ]
               - [ 68, 68, 6 ]
               - [ 57, 60, 6 ]
               - [ 76, 74, 5 ]
               - [ 56, 26, 6 ]
               - [ 1, 6, 7 ]
               - [ 89, 73, 1 ]
               - [ 37, 49, 5 ]
               - [ 10, 22, 6 ]
         -
            width: 44
            height: 37
            tl_x: 41
            tl_y: 58
            pyramid_level: 1
            features:
               - [ 5, 11, 6 ]
               - [ 30, 31, 6 ]
               - [ 9, 2, 5 ]
               - [ 12, 19, 6 ]
               - [ 25, 11, 5 ]
               - [ 38, 37, 5 ]
               - [ 35, 24, 6 ]
               - [ 19, 4, 5 ]
               - [ 42, 31, 6 ]
               - [ 24, 27, 5 ]
               - [ 31, 15, 6 ]
   -
      template_id: 6
      templates:
         -
            width: 94
            height: 66
            tl_x: 80
            tl_y: 120
            pyramid_level: 0
            features:
