%YAML:1.0
---
class_id: "back0warp29.png"
pyramid_levels: 2
template_pyramids:
   -
      template_id: 0
      templates:
         -
            width: 95
            height: 94
            tl_x: 102
            tl_y: 102
            pyramid_level: 0
            features:
               - [ 38, 12, 5 ]
               - [ 0, 25, 1 ]
               - [ 73, 18, 5 ]
               - [ 47, 86, 5 ]
               - [ 27, 8, 5 ]
               - [ 85, 25, 6 ]
               - [ 13, 72, 6 ]
               - [ 81, 54, 7 ]
               - [ 16, 8, 3 ]
               - [ 66, 3, 1 ]
               - [ 54, 0, 3 ]
               - [ 0, 46, 7 ]
               - [ 28, 85, 5 ]
               - [ 90, 66, 6 ]
               - [ 64, 94, 5 ]
               - [ 80, 42, 1 ]
               - [ 95, 78, 1 ]
               - [ 87, 91, 2 ]
               - [ 19, 80, 6 ]
               - [ 7, 63, 7 ]
         -
            width: 47
            height: 47
            tl_x: 51
            tl_y: 51
            pyramid_level: 1
            features:
               - [ 44, 32, 6 ]
               - [ 0, 13, 1 ]
               - [ 9, 4, 4 ]
               - [ 8, 38, 6 ]
               - [ 28, 45, 5 ]
               - [ 1, 26, 7 ]
               - [ 36, 9, 5 ]
               - [ 27, 0, 3 ]
               - [ 43, 46, 2 ]
               - [ 40, 21, 1 ]
   -
      template_id: 1
      templates:
         -
            width: 98
            height: 94
            tl_x: 100
            tl_y: 102
            pyramid_level: 0
            features:
               - [ 38, 13, 5 ]
               - [ 25, 10, 4 ]
               - [ 64, 2, 0 ]
               - [ 73, 16, 5 ]
               - [ 85, 22, 6 ]
               - [ 18, 76, 6 ]
               - [ 2, 50, 7 ]
               - [ 53, 86, 4 ]
               - [ 12, 12, 3 ]
               - [ 0, 29, 1 ]
               - [ 7, 61, 7 ]
               - [ 50, 1, 2 ]
               - [ 30, 86, 5 ]
               - [ 73, 94, 5 ]
               - [ 96, 64, 5 ]
               - [ 82, 47, 7 ]
               - [ 83, 34, 1 ]
               - [ 60, 15, 4 ]
               - [ 97, 80, 1 ]
               - [ 49, 13, 4 ]
         -
            width: 49
            height: 47
            tl_x: 50
            tl_y: 51
            pyramid_level: 1
            features:
               - [ 36, 8, 5 ]
               - [ 10, 5, 4 ]
               - [ 9, 38, 6 ]
               - [ 1, 25, 7 ]
               - [ 26, 43, 4 ]
               - [ 0, 16, 0 ]
               - [ 42, 26, 7 ]
               - [ 49, 39, 1 ]
               - [ 26, 0, 3 ]
               - [ 16, 43, 4 ]
               - [ 41, 18, 1 ]
   -
      template_id: 2
      templates:
         -
            width: 103
            height: 91
            tl_x: 98
            tl_y: 102
            pyramid_level: 0
            features:
               - [ 36, 14, 4 ]
               - [ 23, 79, 6 ]
               - [ 71, 14, 4 ]
               - [ 62, 1, 0 ]
               - [ 17, 13, 3 ]
               - [ 93, 56, 6 ]
               - [ 14, 70, 6 ]
               - [ 1, 42, 7 ]
               - [ 48, 1, 2 ]
               - [ 65, 87, 5 ]
               - [ 84, 45, 7 ]
               - [ 38, 88, 4 ]
               - [ 4, 23, 1 ]
               - [ 77, 91, 5 ]
               - [ 6, 57, 7 ]
               - [ 86, 27, 2 ]
               - [ 103, 72, 1 ]
               - [ 96, 86, 1 ]
               - [ 48, 13, 4 ]
               - [ 60, 14, 4 ]
         -
            width: 51
            height: 45
            tl_x: 49
            tl_y: 51
            pyramid_level: 1
            features:
               - [ 12, 40, 6 ]
               - [ 35, 7, 4 ]
               - [ 12, 6, 4 ]
               - [ 34, 44, 5 ]
               - [ 48, 29, 5 ]
               - [ 3, 29, 7 ]
               - [ 1, 14, 1 ]
               - [ 48, 43, 2 ]
               - [ 25, 0, 2 ]
               - [ 41, 19, 0 ]
   -
      template_id: 3
      templates:
         -
            width: 105
            height: 89
            tl_x: 98
            tl_y: 102
            pyramid_level: 0
            features:
               - [ 18, 15, 4 ]
               - [ 40, 10, 0 ]
               - [ 95, 53, 5 ]
               - [ 27, 82, 6 ]
               - [ 0, 44, 0 ]
               - [ 16, 73, 6 ]
               - [ 73, 13, 4 ]
               - [ 58, 0, 0 ]
               - [ 59, 85, 4 ]
               - [ 58, 13, 4 ]
               - [ 5, 58, 7 ]
               - [ 41, 89, 4 ]
               - [ 84, 43, 7 ]
               - [ 6, 21, 2 ]
               - [ 82, 89, 5 ]
               - [ 70, 86, 5 ]
               - [ 85, 23, 1 ]
               - [ 105, 67, 1 ]
               - [ 1, 30, 1 ]
               - [ 10, 66, 6 ]
               - [ 81, 34, 0 ]
               - [ 102, 76, 1 ]
         -
            width: 52
            height: 44
            tl_x: 49
            tl_y: 51
            pyramid_level: 1
            features:
               - [ 2, 28, 7 ]
               - [ 38, 7, 5 ]
               - [ 35, 43, 4 ]
               - [ 12, 40, 6 ]
               - [ 48, 27, 5 ]
               - [ 7, 8, 3 ]
               - [ 23, 44, 3 ]
               - [ 50, 40, 1 ]
               - [ 21, 2, 1 ]
               - [ 0, 20, 0 ]
               - [ 42, 21, 7 ]
               - [ 29, 1, 0 ]
   -
      template_id: 4
      templates:
         -
            width: 108
            height: 91
            tl_x: 96
            tl_y: 100
            pyramid_level: 0
            features:
               - [ 66, 13, 4 ]
               - [ 18, 20, 3 ]
               - [ 1, 45, 0 ]
               - [ 82, 16, 5 ]
               - [ 47, 0, 3 ]
               - [ 39, 12, 0 ]
               - [ 30, 85, 5 ]
               - [ 64, 86, 4 ]
               - [ 87, 44, 6 ]
               - [ 101, 53, 5 ]
               - [ 82, 34, 0 ]
               - [ 8, 64, 7 ]
               - [ 54, 9, 1 ]
               - [ 14, 72, 6 ]
               - [ 82, 87, 4 ]
               - [ 2, 35, 1 ]
               - [ 50, 91, 3 ]
               - [ 108, 66, 0 ]
               - [ 105, 77, 1 ]
               - [ 32, 19, 4 ]
               - [ 9, 24, 2 ]
               - [ 38, 90, 5 ]
               - [ 46, 19, 3 ]
         -
            width: 54
            height: 45
            tl_x: 48
            tl_y: 50
            pyramid_level: 1
            features:
               - [ 16, 43, 5 ]
               - [ 37, 43, 4 ]
               - [ 38, 7, 5 ]
               - [ 10, 10, 4 ]
               - [ 4, 32, 7 ]
               - [ 49, 26, 5 ]
               - [ 1, 18, 1 ]
               - [ 53, 37, 1 ]
               - [ 22, 1, 2 ]
               - [ 26, 45, 3 ]
   -
      template_id: 5
      templates:
         -
            width: 109
            height: 88
            tl_x: 96
            tl_y: 104
            pyramid_level: 0
            features:
               - [ 63, 8, 4 ]
               - [ 31, 17, 4 ]
               - [ 13, 20, 3 ]
               - [ 1, 47, 0 ]
               - [ 50, 88, 4 ]
               - [ 33, 83, 5 ]
               - [ 15, 70, 6 ]
               - [ 67, 81, 4 ]
               - [ 77, 9, 5 ]
               - [ 39, 0, 2 ]
               - [ 99, 44, 5 ]
               - [ 50, 6, 1 ]
               - [ 86, 37, 6 ]
               - [ 6, 59, 7 ]
               - [ 90, 81, 4 ]
               - [ 3, 29, 1 ]
               - [ 80, 26, 0 ]
               - [ 109, 59, 0 ]
               - [ 105, 74, 1 ]
               - [ 23, 77, 6 ]
               - [ 77, 80, 4 ]
         -
            width: 54
            height: 44
            tl_x: 48
            tl_y: 52
            pyramid_level: 1
            features:
               - [ 32, 4, 4 ]
               - [ 11, 9, 4 ]
               - [ 39, 40, 4 ]
               - [ 18, 42, 5 ]
               - [ 47, 21, 5 ]
               - [ 5, 32, 6 ]
               - [ 54, 32, 1 ]
               - [ 0, 21, 0 ]
               - [ 40, 12, 0 ]
               - [ 19, 1, 1 ]
   -
      template_id: 6
      templates:
         -
