%YAML:1.0
---
class_id: "back0warp120.png"
pyramid_levels: 2
template_pyramids:
   -
      template_id: 0
      templates:
         -
            width: 62
            height: 96
            tl_x: 100
            tl_y: 100
            pyramid_level: 0
            features:
               - [ 4, 46, 7 ]
               - [ 62, 41, 7 ]
               - [ 61, 80, 7 ]
               - [ 10, 64, 7 ]
               - [ 22, 85, 6 ]
               - [ 15, 74, 7 ]
               - [ 39, 92, 5 ]
               - [ 57, 61, 1 ]
               - [ 61, 92, 1 ]
               - [ 53, 29, 6 ]
               - [ 32, 15, 6 ]
               - [ 52, 11, 0 ]
               - [ 25, 8, 6 ]
               - [ 2, 37, 0 ]
               - [ 1, 16, 0 ]
               - [ 14, 1, 4 ]
               - [ 41, 3, 2 ]
               - [ 5, 5, 2 ]
               - [ 42, 20, 4 ]
               - [ 7, 56, 7 ]
               - [ 1, 29, 0 ]
               - [ 57, 69, 0 ]
               - [ 49, 1, 4 ]
         -
            width: 31
            height: 48
            tl_x: 50
            tl_y: 50
            pyramid_level: 1
            features:
               - [ 5, 32, 7 ]
               - [ 2, 23, 7 ]
               - [ 29, 36, 7 ]
               - [ 10, 41, 7 ]
               - [ 22, 48, 6 ]
               - [ 1, 6, 1 ]
               - [ 26, 5, 0 ]
               - [ 29, 17, 6 ]
               - [ 10, 2, 6 ]
               - [ 29, 29, 1 ]
               - [ 29, 48, 2 ]
               - [ 19, 4, 1 ]
   -
      template_id: 1
      templates:
         -
            width: 68
            height: 97
            tl_x: 98
            tl_y: 100
            pyramid_level: 0
            features:
               - [ 7, 52, 7 ]
               - [ 13, 65, 7 ]
               - [ 62, 71, 7 ]
               - [ 20, 6, 5 ]
               - [ 60, 59, 0 ]
               - [ 27, 86, 6 ]
               - [ 63, 38, 7 ]
               - [ 53, 97, 6 ]
               - [ 1, 30, 0 ]
               - [ 54, 28, 5 ]
               - [ 68, 85, 1 ]
               - [ 51, 5, 0 ]
               - [ 31, 15, 6 ]
               - [ 9, 3, 3 ]
               - [ 0, 19, 0 ]
               - [ 47, 18, 2 ]
               - [ 18, 74, 7 ]
               - [ 3, 40, 7 ]
               - [ 63, 49, 1 ]
               - [ 63, 95, 2 ]
               - [ 42, 0, 3 ]
         -
            width: 34
            height: 48
            tl_x: 49
            tl_y: 50
            pyramid_level: 1
            features:
               - [ 2, 22, 7 ]
               - [ 27, 14, 6 ]
               - [ 8, 35, 7 ]
               - [ 31, 35, 7 ]
               - [ 10, 3, 5 ]
               - [ 33, 45, 1 ]
               - [ 23, 46, 5 ]
               - [ 25, 5, 0 ]
               - [ 31, 26, 1 ]
               - [ 1, 5, 1 ]
   -
      template_id: 2
      templates:
         -
            width: 71
            height: 93
            tl_x: 96
            tl_y: 102
            pyramid_level: 0
            features:
               - [ 59, 93, 5 ]
               - [ 67, 69, 7 ]
               - [ 64, 34, 7 ]
               - [ 9, 52, 7 ]
               - [ 1, 30, 7 ]
               - [ 22, 73, 6 ]
               - [ 49, 3, 0 ]
               - [ 31, 83, 6 ]
               - [ 52, 23, 5 ]
               - [ 15, 63, 6 ]
               - [ 49, 88, 5 ]
               - [ 71, 86, 1 ]
               - [ 15, 4, 5 ]
               - [ 63, 52, 0 ]
               - [ 25, 10, 6 ]
               - [ 0, 19, 0 ]
               - [ 37, 0, 2 ]
               - [ 3, 6, 2 ]
               - [ 4, 40, 7 ]
               - [ 46, 15, 2 ]
         -
            width: 35
            height: 46
            tl_x: 48
            tl_y: 51
            pyramid_level: 1
            features:
               - [ 5, 27, 7 ]
               - [ 15, 41, 6 ]
               - [ 11, 4, 6 ]
               - [ 32, 31, 7 ]
               - [ 0, 10, 0 ]
               - [ 35, 44, 1 ]
               - [ 28, 13, 6 ]
               - [ 24, 44, 5 ]
               - [ 32, 23, 1 ]
               - [ 24, 5, 1 ]
   -
      template_id: 3
      templates:
         -
            width: 78
            height: 91
            tl_x: 92
            tl_y: 102
            pyramid_level: 0
            features:
               - [ 3, 32, 7 ]
               - [ 49, 3, 0 ]
               - [ 12, 52, 7 ]
               - [ 76, 70, 6 ]
               - [ 67, 91, 5 ]
               - [ 31, 77, 6 ]
               - [ 67, 51, 0 ]
               - [ 66, 31, 6 ]
               - [ 40, 85, 6 ]
               - [ 78, 83, 1 ]
               - [ 56, 23, 5 ]
               - [ 22, 67, 6 ]
               - [ 16, 6, 5 ]
               - [ 27, 12, 5 ]
               - [ 54, 86, 4 ]
               - [ 1, 16, 0 ]
               - [ 36, 1, 1 ]
               - [ 70, 62, 7 ]
               - [ 69, 41, 1 ]
               - [ 7, 6, 3 ]
         -
            width: 39
            height: 45
            tl_x: 46
            tl_y: 51
            pyramid_level: 1
            features:
               - [ 15, 38, 6 ]
               - [ 5, 24, 7 ]
               - [ 12, 5, 5 ]
               - [ 30, 44, 5 ]
               - [ 37, 34, 6 ]
               - [ 27, 11, 5 ]
               - [ 34, 22, 1 ]
               - [ 1, 7, 1 ]
               - [ 24, 1, 7 ]
               - [ 10, 32, 6 ]
               - [ 39, 41, 1 ]
               - [ 21, 43, 5 ]
   -
      template_id: 4
      templates:
         -
            width: 83
            height: 86
            tl_x: 90
            tl_y: 102
            pyramid_level: 0
            features:
               - [ 4, 36, 7 ]
               - [ 11, 49, 7 ]
               - [ 47, 2, 7 ]
               - [ 73, 59, 7 ]
               - [ 81, 68, 6 ]
               - [ 54, 21, 5 ]
               - [ 69, 48, 0 ]
               - [ 45, 85, 5 ]
               - [ 62, 85, 4 ]
               - [ 36, 78, 6 ]
               - [ 83, 79, 1 ]
               - [ 23, 12, 5 ]
               - [ 1, 25, 0 ]
               - [ 67, 29, 6 ]
               - [ 26, 69, 6 ]
               - [ 34, 12, 7 ]
               - [ 9, 8, 4 ]
               - [ 34, 1, 1 ]
               - [ 17, 58, 6 ]
               - [ 47, 12, 1 ]
               - [ 1, 15, 1 ]
         -
            width: 41
            height: 43
            tl_x: 45
            tl_y: 51
            pyramid_level: 1
            features:
               - [ 7, 27, 6 ]
               - [ 18, 39, 6 ]
               - [ 33, 43, 5 ]
               - [ 37, 30, 7 ]
               - [ 28, 11, 5 ]
               - [ 9, 5, 5 ]
               - [ 35, 20, 0 ]
               - [ 0, 10, 0 ]
               - [ 41, 41, 1 ]
               - [ 17, 2, 0 ]
   -
      template_id: 5
      templates:
         -
            width: 88
            height: 83
            tl_x: 88
            tl_y: 104
            pyramid_level: 0
            features:
               - [ 71, 44, 7 ]
               - [ 45, 0, 7 ]
               - [ 13, 50, 7 ]
               - [ 5, 37, 7 ]
               - [ 84, 62, 6 ]
               - [ 67, 25, 6 ]
               - [ 76, 83, 5 ]
               - [ 40, 76, 5 ]
               - [ 30, 68, 6 ]
               - [ 13, 9, 4 ]
               - [ 23, 12, 5 ]
               - [ 49, 82, 5 ]
               - [ 53, 18, 5 ]
               - [ 86, 80, 1 ]
               - [ 1, 26, 7 ]
               - [ 59, 83, 3 ]
               - [ 32, 0, 1 ]
               - [ 1, 14, 1 ]
               - [ 75, 53, 7 ]
               - [ 71, 34, 1 ]
         -
            width: 44
            height: 41
            tl_x: 44
            tl_y: 52
            pyramid_level: 1
            features:
               - [ 20, 38, 5 ]
               - [ 10, 29, 6 ]
               - [ 36, 41, 5 ]
               - [ 38, 27, 6 ]
               - [ 11, 6, 5 ]
               - [ 27, 9, 5 ]
               - [ 44, 36, 0 ]
               - [ 0, 11, 0 ]
               - [ 23, 2, 0 ]
               - [ 35, 19, 0 ]
   -
      template_id: 6
      templates:
         -
            width: 92
