%YAML:1.0
---
class_id: "back0warp107.png"
pyramid_levels: 2
template_pyramids:
   -
      template_id: 0
      templates:
         -
            width: 71
            height: 106
            tl_x: 102
            tl_y: 100
            pyramid_level: 0
            features:
               - [ 0, 59, 7 ]
               - [ 70, 82, 7 ]
               - [ 66, 59, 1 ]
               - [ 50, 106, 5 ]
               - [ 9, 82, 7 ]
               - [ 58, 13, 1 ]
               - [ 42, 12, 1 ]
               - [ 17, 94, 6 ]
               - [ 3, 69, 7 ]
               - [ 69, 36, 6 ]
               - [ 71, 94, 1 ]
               - [ 58, 28, 5 ]
               - [ 28, 16, 5 ]
               - [ 65, 104, 2 ]
               - [ 71, 49, 2 ]
               - [ 1, 23, 1 ]
               - [ 27, 103, 5 ]
               - [ 48, 3, 2 ]
               - [ 12, 12, 3 ]
               - [ 51, 22, 3 ]
               - [ 57, 1, 5 ]
         -
            width: 35
            height: 53
            tl_x: 51
            tl_y: 50
            pyramid_level: 1
            features:
               - [ 3, 38, 7 ]
               - [ 35, 48, 1 ]
               - [ 25, 53, 5 ]
               - [ 35, 19, 7 ]
               - [ 33, 29, 1 ]
               - [ 29, 6, 1 ]
               - [ 0, 13, 1 ]
               - [ 10, 49, 6 ]
               - [ 12, 7, 5 ]
               - [ 0, 29, 0 ]
               - [ 34, 39, 7 ]
   -
      template_id: 1
      templates:
         -
            width: 79
            height: 96
            tl_x: 98
            tl_y: 108
            pyramid_level: 0
            features:
               - [ 74, 68, 6 ]
               - [ 6, 58, 7 ]
               - [ 70, 56, 7 ]
               - [ 59, 0, 0 ]
               - [ 62, 19, 5 ]
               - [ 29, 92, 6 ]
               - [ 18, 80, 6 ]
               - [ 79, 81, 1 ]
               - [ 57, 96, 5 ]
               - [ 74, 92, 1 ]
               - [ 42, 95, 3 ]
               - [ 11, 69, 7 ]
               - [ 36, 13, 6 ]
               - [ 75, 37, 1 ]
               - [ 23, 6, 5 ]
               - [ 2, 19, 1 ]
               - [ 43, 1, 1 ]
               - [ 1, 33, 0 ]
               - [ 54, 11, 2 ]
               - [ 8, 9, 2 ]
         -
            width: 39
            height: 48
            tl_x: 49
            tl_y: 54
            pyramid_level: 1
            features:
               - [ 3, 29, 7 ]
               - [ 35, 25, 0 ]
               - [ 9, 40, 6 ]
               - [ 38, 44, 1 ]
               - [ 32, 10, 5 ]
               - [ 28, 48, 5 ]
               - [ 1, 10, 1 ]
               - [ 21, 2, 1 ]
               - [ 11, 3, 5 ]
               - [ 37, 34, 7 ]
               - [ 19, 48, 4 ]
   -
      template_id: 2
      templates:
         -
            width: 82
            height: 99
            tl_x: 98
            tl_y: 104
            pyramid_level: 0
            features:
               - [ 70, 52, 0 ]
               - [ 7, 65, 7 ]
               - [ 77, 70, 6 ]
               - [ 73, 31, 6 ]
               - [ 18, 82, 6 ]
               - [ 64, 99, 5 ]
               - [ 33, 97, 6 ]
               - [ 20, 12, 5 ]
               - [ 54, 7, 1 ]
               - [ 38, 11, 0 ]
               - [ 59, 21, 5 ]
               - [ 78, 92, 1 ]
               - [ 72, 42, 1 ]
               - [ 82, 81, 0 ]
               - [ 0, 26, 0 ]
               - [ 41, 0, 1 ]
               - [ 48, 98, 3 ]
               - [ 7, 14, 3 ]
               - [ 44, 22, 4 ]
               - [ 26, 91, 6 ]
               - [ 30, 16, 5 ]
         -
            width: 41
            height: 49
            tl_x: 49
            tl_y: 52
            pyramid_level: 1
            features:
               - [ 3, 31, 7 ]
               - [ 9, 41, 6 ]
               - [ 39, 46, 1 ]
               - [ 35, 25, 0 ]
               - [ 24, 49, 3 ]
               - [ 27, 3, 0 ]
               - [ 13, 7, 5 ]
               - [ 0, 13, 0 ]
               - [ 33, 12, 5 ]
               - [ 39, 36, 6 ]
   -
      template_id: 3
      templates:
         -
            width: 86
            height: 102
            tl_x: 96
            tl_y: 102
            pyramid_level: 0
            features:
               - [ 7, 63, 7 ]
               - [ 72, 51, 0 ]
               - [ 71, 99, 5 ]
               - [ 23, 86, 6 ]
               - [ 32, 94, 6 ]
               - [ 70, 27, 6 ]
               - [ 37, 16, 7 ]
               - [ 86, 82, 0 ]
               - [ 47, 102, 4 ]
               - [ 0, 32, 0 ]
               - [ 14, 75, 6 ]
               - [ 55, 21, 4 ]
               - [ 77, 65, 7 ]
               - [ 52, 0, 0 ]
               - [ 74, 39, 1 ]
               - [ 23, 17, 5 ]
               - [ 82, 95, 1 ]
               - [ 40, 0, 2 ]
               - [ 11, 16, 3 ]
               - [ 57, 98, 3 ]
               - [ 3, 22, 2 ]
               - [ 45, 23, 3 ]
         -
            width: 43
            height: 51
            tl_x: 48
            tl_y: 51
            pyramid_level: 1
            features:
               - [ 6, 36, 7 ]
               - [ 16, 47, 6 ]
               - [ 36, 24, 0 ]
               - [ 42, 45, 1 ]
               - [ 9, 8, 4 ]
               - [ 29, 49, 4 ]
               - [ 30, 11, 5 ]
               - [ 0, 18, 0 ]
               - [ 19, 2, 1 ]
               - [ 41, 35, 6 ]
   -
      template_id: 4
      templates:
         -
            width: 90
            height: 105
            tl_x: 94
            tl_y: 98
            pyramid_level: 0
            features:
               - [ 38, 99, 5 ]
               - [ 74, 53, 0 ]
               - [ 11, 72, 7 ]
               - [ 75, 100, 4 ]
               - [ 87, 72, 5 ]
               - [ 70, 29, 6 ]
               - [ 54, 105, 3 ]
               - [ 65, 100, 3 ]
               - [ 36, 21, 7 ]
               - [ 56, 24, 4 ]
               - [ 74, 42, 1 ]
               - [ 90, 85, 0 ]
               - [ 17, 22, 4 ]
               - [ 24, 88, 6 ]
               - [ 50, 6, 0 ]
               - [ 2, 51, 7 ]
               - [ 36, 7, 1 ]
               - [ 0, 40, 0 ]
               - [ 3, 29, 1 ]
               - [ 88, 94, 1 ]
               - [ 49, 18, 1 ]
               - [ 42, 0, 3 ]
         -
            width: 45
            height: 52
            tl_x: 47
            tl_y: 49
            pyramid_level: 1
            features:
               - [ 7, 38, 6 ]
               - [ 36, 50, 4 ]
               - [ 45, 42, 0 ]
               - [ 20, 50, 5 ]
               - [ 37, 21, 1 ]
               - [ 9, 11, 4 ]
               - [ 25, 5, 0 ]
               - [ 0, 21, 0 ]
               - [ 13, 45, 6 ]
               - [ 29, 12, 4 ]
               - [ 41, 34, 6 ]
   -
      template_id: 5
      templates:
         -
            width: 94
            height: 104
            tl_x: 92
            tl_y: 98
            pyramid_level: 0
            features:
               - [ 75, 49, 7 ]
               - [ 43, 99, 5 ]
               - [ 17, 78, 6 ]
               - [ 80, 97, 4 ]
               - [ 87, 66, 5 ]
               - [ 70, 27, 5 ]
               - [ 60, 104, 3 ]
               - [ 34, 18, 0 ]
               - [ 48, 7, 7 ]
               - [ 32, 92, 6 ]
               - [ 70, 98, 3 ]
               - [ 56, 23, 4 ]
               - [ 1, 44, 0 ]
               - [ 23, 25, 4 ]
               - [ 75, 38, 1 ]
               - [ 94, 82, 0 ]
               - [ 34, 7, 1 ]
               - [ 2, 34, 1 ]
               - [ 9, 26, 3 ]
               - [ 25, 86, 6 ]
               - [ 79, 58, 7 ]
               - [ 94, 73, 0 ]
               - [ 47, 19, 1 ]
               - [ 40, 0, 3 ]
         -
            width: 47
            height: 52
            tl_x: 46
            tl_y: 49
            pyramid_level: 1
            features:
               - [ 47, 41, 0 ]
               - [ 24, 4, 0 ]
               - [ 16, 46, 6 ]
               - [ 34, 13, 5 ]
               - [ 39, 28, 7 ]
               - [ 33, 50, 3 ]
               - [ 17, 8, 0 ]
