%YAML:1.0
---
class_id: "back0warp6.png"
pyramid_levels: 2
template_pyramids:
   -
      template_id: 0
      templates:
         -
            width: 102
            height: 63
            tl_x: 100
            tl_y: 102
            pyramid_level: 0
            features:
               - [ 68, 61, 5 ]
               - [ 80, 11, 5 ]
               - [ 15, 5, 3 ]
               - [ 33, 4, 5 ]
               - [ 46, 7, 5 ]
               - [ 58, 0, 3 ]
               - [ 98, 42, 5 ]
               - [ 53, 57, 4 ]
               - [ 10, 43, 6 ]
               - [ 19, 51, 6 ]
               - [ 90, 63, 3 ]
               - [ 1, 19, 1 ]
               - [ 88, 33, 7 ]
               - [ 33, 57, 4 ]
               - [ 3, 33, 7 ]
               - [ 91, 21, 2 ]
               - [ 69, 5, 2 ]
               - [ 102, 52, 2 ]
               - [ 57, 10, 4 ]
               - [ 25, 3, 4 ]
         -
            width: 51
            height: 31
            tl_x: 50
            tl_y: 51
            pyramid_level: 1
            features:
               - [ 42, 6, 5 ]
               - [ 21, 3, 5 ]
               - [ 11, 2, 4 ]
               - [ 29, 29, 5 ]
               - [ 49, 21, 5 ]
               - [ 1, 15, 7 ]
               - [ 14, 28, 5 ]
               - [ 47, 30, 2 ]
               - [ 29, 0, 3 ]
               - [ 22, 28, 4 ]
               - [ 1, 8, 1 ]
   -
      template_id: 1
      templates:
         -
            width: 102
            height: 65
            tl_x: 100
            tl_y: 98
            pyramid_level: 0
            features:
               - [ 40, 11, 4 ]
               - [ 22, 10, 4 ]
               - [ 85, 14, 5 ]
               - [ 74, 12, 4 ]
               - [ 6, 17, 2 ]
               - [ 64, 1, 4 ]
               - [ 88, 34, 6 ]
               - [ 99, 42, 5 ]
               - [ 0, 27, 0 ]
               - [ 44, 61, 4 ]
               - [ 64, 62, 5 ]
               - [ 76, 65, 5 ]
               - [ 31, 62, 4 ]
               - [ 52, 6, 2 ]
               - [ 21, 58, 6 ]
               - [ 99, 58, 2 ]
               - [ 2, 39, 7 ]
               - [ 10, 50, 6 ]
               - [ 31, 10, 4 ]
               - [ 53, 61, 4 ]
               - [ 87, 25, 1 ]
         -
            width: 51
            height: 32
            tl_x: 50
            tl_y: 49
            pyramid_level: 1
            features:
               - [ 11, 5, 4 ]
               - [ 32, 31, 5 ]
               - [ 20, 31, 4 ]
               - [ 9, 28, 6 ]
               - [ 42, 7, 5 ]
               - [ 51, 27, 2 ]
               - [ 1, 11, 1 ]
               - [ 21, 6, 4 ]
               - [ 2, 21, 7 ]
               - [ 46, 19, 6 ]
   -
      template_id: 2
      templates:
         -
            width: 106
            height: 64
            tl_x: 100
            tl_y: 98
            pyramid_level: 0
            features:
               - [ 19, 13, 4 ]
               - [ 59, 1, 3 ]
               - [ 35, 64, 4 ]
               - [ 85, 12, 5 ]
               - [ 32, 12, 4 ]
               - [ 74, 62, 4 ]
               - [ 99, 38, 5 ]
               - [ 15, 56, 5 ]
               - [ 50, 61, 4 ]
               - [ 95, 60, 3 ]
               - [ 69, 10, 4 ]
               - [ 4, 22, 2 ]
               - [ 1, 40, 7 ]
               - [ 106, 44, 0 ]
               - [ 8, 50, 6 ]
               - [ 88, 31, 6 ]
               - [ 54, 10, 4 ]
               - [ 11, 16, 3 ]
               - [ 66, 61, 4 ]
               - [ 22, 60, 5 ]
               - [ 87, 20, 2 ]
               - [ 0, 29, 1 ]
         -
            width: 53
            height: 32
            tl_x: 50
            tl_y: 49
            pyramid_level: 1
            features:
               - [ 37, 31, 4 ]
               - [ 17, 6, 4 ]
               - [ 23, 31, 3 ]
               - [ 8, 7, 3 ]
               - [ 11, 30, 5 ]
               - [ 4, 25, 6 ]
               - [ 47, 18, 5 ]
               - [ 38, 5, 4 ]
               - [ 51, 26, 1 ]
               - [ 43, 11, 1 ]
   -
      template_id: 3
      templates:
         -
            width: 104
            height: 65
            tl_x: 100
            tl_y: 98
            pyramid_level: 0
            features:
               - [ 17, 16, 3 ]
               - [ 57, 0, 3 ]
               - [ 66, 9, 4 ]
               - [ 50, 62, 3 ]
               - [ 82, 9, 4 ]
               - [ 76, 60, 4 ]
               - [ 99, 34, 5 ]
               - [ 29, 14, 4 ]
               - [ 85, 18, 1 ]
               - [ 25, 63, 5 ]
               - [ 3, 26, 1 ]
               - [ 46, 8, 1 ]
               - [ 97, 56, 2 ]
               - [ 87, 28, 6 ]
               - [ 39, 65, 4 ]
               - [ 0, 40, 7 ]
               - [ 66, 60, 4 ]
               - [ 104, 46, 1 ]
               - [ 9, 53, 6 ]
               - [ 58, 60, 4 ]
               - [ 9, 20, 3 ]
               - [ 17, 59, 5 ]
         -
            width: 52
            height: 32
            tl_x: 50
            tl_y: 49
            pyramid_level: 1
            features:
               - [ 15, 7, 4 ]
               - [ 29, 30, 4 ]
               - [ 38, 30, 4 ]
               - [ 6, 9, 3 ]
               - [ 47, 16, 5 ]
               - [ 14, 32, 5 ]
               - [ 52, 23, 1 ]
               - [ 6, 28, 6 ]
               - [ 37, 4, 4 ]
               - [ 22, 32, 3 ]
               - [ 1, 14, 1 ]
               - [ 43, 9, 1 ]
   -
      template_id: 4
      templates:
         -
            width: 106
            height: 67
            tl_x: 100
            tl_y: 98
            pyramid_level: 0
            features:
               - [ 16, 19, 3 ]
               - [ 64, 8, 3 ]
               - [ 54, 0, 3 ]
               - [ 58, 60, 3 ]
               - [ 39, 67, 3 ]
               - [ 27, 16, 4 ]
               - [ 77, 58, 4 ]
               - [ 3, 29, 1 ]
               - [ 100, 30, 4 ]
               - [ 83, 7, 4 ]
               - [ 27, 65, 5 ]
               - [ 15, 60, 5 ]
               - [ 88, 26, 5 ]
               - [ 99, 52, 2 ]
               - [ 4, 51, 6 ]
               - [ 0, 42, 7 ]
               - [ 106, 38, 1 ]
               - [ 49, 14, 3 ]
               - [ 50, 63, 3 ]
               - [ 35, 15, 4 ]
               - [ 47, 4, 2 ]
               - [ 69, 58, 4 ]
         -
            width: 53
            height: 33
            tl_x: 50
            tl_y: 49
            pyramid_level: 1
            features:
               - [ 38, 29, 4 ]
               - [ 29, 30, 3 ]
               - [ 13, 8, 4 ]
               - [ 12, 32, 5 ]
               - [ 21, 33, 3 ]
               - [ 46, 14, 5 ]
               - [ 52, 22, 1 ]
               - [ 38, 3, 4 ]
               - [ 7, 10, 3 ]
               - [ 6, 29, 6 ]
               - [ 42, 8, 1 ]
   -
      template_id: 5
      templates:
         -
            width: 102
            height: 68
            tl_x: 102
            tl_y: 98
            pyramid_level: 0
            features:
               - [ 13, 22, 3 ]
               - [ 49, 0, 3 ]
               - [ 40, 68, 3 ]
               - [ 60, 7, 3 ]
               - [ 59, 59, 3 ]
               - [ 25, 18, 3 ]
               - [ 0, 35, 1 ]
               - [ 75, 56, 4 ]
               - [ 100, 26, 4 ]
               - [ 35, 16, 3 ]
               - [ 20, 65, 5 ]
               - [ 41, 6, 2 ]
               - [ 74, 4, 4 ]
               - [ 87, 24, 5 ]
               - [ 7, 58, 6 ]
               - [ 0, 50, 7 ]
               - [ 101, 43, 1 ]
               - [ 49, 64, 3 ]
               - [ 80, 11, 1 ]
               - [ 31, 68, 5 ]
               - [ 46, 14, 3 ]
         -
            width: 51
            height: 34
            tl_x: 51
            tl_y: 49
            pyramid_level: 1
            features:
               - [ 12, 9, 3 ]
               - [ 37, 28, 4 ]
               - [ 12, 33, 5 ]
               - [ 26, 31, 3 ]
               - [ 32, 3, 3 ]
               - [ 51, 20, 1 ]
               - [ 44, 12, 5 ]
               - [ 0, 18, 1 ]
               - [ 2, 28, 6 ]
