%YAML:1.0
---
class_id: "back0warp136.png"
pyramid_levels: 2
template_pyramids:
   -
      template_id: 0
      templates:
         -
            width: 83
            height: 87
            tl_x: 100
            tl_y: 106
            pyramid_level: 0
            features:
               - [ 44, 21, 1 ]
               - [ 33, 87, 3 ]
               - [ 75, 35, 1 ]
               - [ 52, 79, 3 ]
               - [ 65, 18, 3 ]
               - [ 83, 23, 2 ]
               - [ 22, 37, 3 ]
               - [ 71, 69, 2 ]
               - [ 6, 50, 2 ]
               - [ 10, 85, 5 ]
               - [ 57, 2, 2 ]
               - [ 49, 11, 2 ]
               - [ 67, 1, 1 ]
               - [ 80, 58, 2 ]
               - [ 2, 75, 7 ]
               - [ 1, 62, 1 ]
               - [ 34, 33, 3 ]
               - [ 76, 14, 4 ]
               - [ 74, 45, 7 ]
               - [ 64, 75, 2 ]
               - [ 50, 28, 2 ]
         -
            width: 41
            height: 43
            tl_x: 50
            tl_y: 53
            pyramid_level: 1
            features:
               - [ 21, 41, 3 ]
               - [ 15, 17, 3 ]
               - [ 36, 34, 2 ]
               - [ 2, 27, 1 ]
               - [ 41, 12, 2 ]
               - [ 25, 5, 2 ]
               - [ 6, 43, 5 ]
               - [ 28, 39, 3 ]
               - [ 7, 21, 2 ]
               - [ 1, 37, 7 ]
               - [ 35, 8, 3 ]
   -
      template_id: 1
      templates:
         -
            width: 79
            height: 91
            tl_x: 102
            tl_y: 104
            pyramid_level: 0
            features:
               - [ 33, 91, 3 ]
               - [ 41, 20, 1 ]
               - [ 63, 17, 3 ]
               - [ 54, 80, 3 ]
               - [ 19, 41, 3 ]
               - [ 43, 84, 3 ]
               - [ 4, 57, 1 ]
               - [ 31, 36, 3 ]
               - [ 65, 75, 2 ]
               - [ 79, 22, 1 ]
               - [ 73, 32, 1 ]
               - [ 11, 89, 5 ]
               - [ 1, 68, 0 ]
               - [ 46, 10, 1 ]
               - [ 74, 65, 2 ]
               - [ 77, 48, 4 ]
               - [ 3, 81, 7 ]
               - [ 54, 0, 2 ]
               - [ 73, 13, 3 ]
               - [ 11, 47, 2 ]
         -
            width: 39
            height: 45
            tl_x: 51
            tl_y: 52
            pyramid_level: 1
            features:
               - [ 33, 37, 2 ]
               - [ 20, 43, 3 ]
               - [ 16, 18, 3 ]
               - [ 37, 15, 1 ]
               - [ 1, 31, 1 ]
               - [ 23, 5, 1 ]
               - [ 6, 23, 2 ]
               - [ 1, 39, 7 ]
               - [ 35, 7, 3 ]
               - [ 38, 31, 1 ]
   -
      template_id: 2
      templates:
         -
            width: 74
            height: 94
            tl_x: 106
            tl_y: 102
            pyramid_level: 0
            features:
               - [ 41, 87, 2 ]
               - [ 15, 45, 3 ]
               - [ 36, 18, 1 ]
               - [ 68, 70, 2 ]
               - [ 12, 94, 5 ]
               - [ 52, 81, 3 ]
               - [ 74, 60, 1 ]
               - [ 4, 57, 2 ]
               - [ 58, 16, 3 ]
               - [ 71, 24, 1 ]
               - [ 0, 81, 7 ]
               - [ 67, 35, 0 ]
               - [ 31, 37, 3 ]
               - [ 45, 3, 2 ]
               - [ 73, 47, 4 ]
               - [ 69, 12, 4 ]
               - [ 34, 27, 0 ]
               - [ 0, 66, 1 ]
               - [ 49, 16, 1 ]
               - [ 61, 77, 3 ]
               - [ 54, 0, 0 ]
         -
            width: 37
            height: 47
            tl_x: 53
            tl_y: 51
            pyramid_level: 1
            features:
               - [ 20, 44, 2 ]
               - [ 37, 30, 1 ]
               - [ 7, 23, 2 ]
               - [ 20, 5, 1 ]
               - [ 36, 11, 1 ]
               - [ 33, 36, 2 ]
               - [ 0, 33, 1 ]
               - [ 6, 47, 5 ]
               - [ 34, 21, 7 ]
               - [ 31, 7, 3 ]
   -
      template_id: 3
      templates:
         -
            width: 75
            height: 96
            tl_x: 108
            tl_y: 102
            pyramid_level: 0
            features:
               - [ 42, 87, 2 ]
               - [ 3, 60, 1 ]
               - [ 64, 33, 0 ]
               - [ 68, 19, 1 ]
               - [ 13, 47, 2 ]
               - [ 69, 66, 1 ]
               - [ 0, 79, 0 ]
               - [ 32, 17, 1 ]
               - [ 63, 74, 2 ]
               - [ 45, 14, 1 ]
               - [ 54, 79, 3 ]
               - [ 14, 96, 5 ]
               - [ 4, 89, 6 ]
               - [ 24, 40, 3 ]
               - [ 75, 52, 1 ]
               - [ 30, 28, 0 ]
               - [ 41, 0, 1 ]
               - [ 59, 11, 3 ]
               - [ 0, 69, 0 ]
               - [ 39, 30, 2 ]
         -
            width: 37
            height: 48
            tl_x: 54
            tl_y: 51
            pyramid_level: 1
            features:
               - [ 35, 32, 1 ]
               - [ 23, 42, 2 ]
               - [ 0, 35, 0 ]
               - [ 6, 24, 2 ]
               - [ 16, 9, 1 ]
               - [ 33, 12, 1 ]
               - [ 7, 48, 5 ]
               - [ 29, 6, 3 ]
               - [ 2, 29, 1 ]
               - [ 23, 5, 0 ]
   -
      template_id: 4
      templates:
         -
            width: 73
            height: 98
            tl_x: 110
            tl_y: 102
            pyramid_level: 0
            features:
               - [ 64, 15, 1 ]
               - [ 27, 20, 1 ]
               - [ 40, 14, 1 ]
               - [ 54, 78, 2 ]
               - [ 40, 91, 2 ]
               - [ 68, 64, 1 ]
               - [ 2, 85, 7 ]
               - [ 27, 98, 4 ]
               - [ 2, 64, 1 ]
               - [ 61, 28, 0 ]
               - [ 73, 50, 1 ]
               - [ 33, 3, 1 ]
               - [ 11, 49, 2 ]
               - [ 23, 40, 3 ]
               - [ 0, 74, 0 ]
               - [ 54, 9, 3 ]
               - [ 14, 97, 5 ]
               - [ 32, 29, 1 ]
               - [ 62, 73, 2 ]
               - [ 69, 41, 4 ]
               - [ 42, 0, 0 ]
         -
            width: 36
            height: 49
            tl_x: 55
            tl_y: 51
            pyramid_level: 1
            features:
               - [ 14, 8, 1 ]
               - [ 27, 39, 3 ]
               - [ 1, 32, 1 ]
               - [ 10, 21, 2 ]
               - [ 35, 29, 1 ]
               - [ 31, 11, 1 ]
               - [ 9, 49, 4 ]
               - [ 25, 6, 2 ]
               - [ 31, 18, 7 ]
               - [ 32, 35, 2 ]
               - [ 16, 2, 1 ]
   -
      template_id: 5
      templates:
         -
            width: 70
            height: 102
            tl_x: 112
            tl_y: 100
            pyramid_level: 0
            features:
               - [ 23, 30, 0 ]
               - [ 44, 89, 1 ]
               - [ 65, 68, 1 ]
               - [ 56, 77, 2 ]
               - [ 42, 16, 2 ]
               - [ 2, 67, 1 ]
               - [ 4, 91, 7 ]
               - [ 59, 15, 1 ]
               - [ 70, 54, 1 ]
               - [ 24, 15, 1 ]
               - [ 28, 101, 3 ]
               - [ 9, 54, 2 ]
               - [ 57, 28, 0 ]
               - [ 1, 82, 0 ]
               - [ 19, 101, 4 ]
               - [ 22, 42, 2 ]
               - [ 29, 1, 1 ]
               - [ 66, 40, 4 ]
               - [ 53, 7, 3 ]
               - [ 36, 10, 0 ]
               - [ 15, 48, 2 ]
               - [ 59, 36, 7 ]
         -
            width: 35
            height: 51
            tl_x: 56
            tl_y: 50
            pyramid_level: 1
            features:
               - [ 21, 46, 2 ]
               - [ 12, 8, 1 ]
               - [ 29, 10, 0 ]
               - [ 33, 33, 1 ]
               - [ 1, 34, 1 ]
               - [ 23, 6, 2 ]
               - [ 4, 48, 6 ]
               - [ 10, 22, 2 ]
               - [ 11, 51, 4 ]
               - [ 25, 41, 2 ]
               - [ 35, 27, 1 ]
               - [ 29, 16, 7 ]
   -
      template_id: 6
      templates:
         -
