%YAML:1.0
---
class_id: "back0warp67.png"
pyramid_levels: 2
template_pyramids:
   -
      template_id: 0
      templates:
         -
            width: 95
            height: 112
            tl_x: 102
            tl_y: 104
            pyramid_level: 0
            features:
               - [ 51, 13, 1 ]
               - [ 22, 21, 3 ]
               - [ 38, 22, 5 ]
               - [ 56, 111, 5 ]
               - [ 84, 59, 7 ]
               - [ 80, 22, 5 ]
               - [ 0, 46, 1 ]
               - [ 42, 112, 3 ]
               - [ 7, 92, 7 ]
               - [ 18, 106, 6 ]
               - [ 66, 22, 3 ]
               - [ 84, 110, 2 ]
               - [ 95, 93, 1 ]
               - [ 93, 77, 6 ]
               - [ 1, 78, 7 ]
               - [ 61, 0, 3 ]
               - [ 90, 40, 2 ]
               - [ 5, 34, 1 ]
               - [ 53, 26, 4 ]
               - [ 72, 5, 1 ]
         -
            width: 47
            height: 56
            tl_x: 51
            tl_y: 52
            pyramid_level: 1
            features:
               - [ 18, 11, 4 ]
               - [ 21, 56, 3 ]
               - [ 8, 52, 6 ]
               - [ 45, 51, 1 ]
               - [ 0, 23, 1 ]
               - [ 42, 30, 0 ]
               - [ 39, 11, 4 ]
               - [ 0, 37, 7 ]
               - [ 28, 2, 2 ]
               - [ 6, 13, 2 ]
   -
      template_id: 1
      templates:
         -
            width: 100
            height: 118
            tl_x: 100
            tl_y: 102
            pyramid_level: 0
            features:
               - [ 37, 25, 4 ]
               - [ 50, 12, 1 ]
               - [ 19, 106, 6 ]
               - [ 86, 58, 7 ]
               - [ 53, 113, 3 ]
               - [ 74, 21, 4 ]
               - [ 24, 25, 4 ]
               - [ 86, 113, 2 ]
               - [ 1, 55, 0 ]
               - [ 67, 113, 4 ]
               - [ 9, 92, 7 ]
               - [ 100, 91, 1 ]
               - [ 40, 118, 4 ]
               - [ 58, 1, 2 ]
               - [ 98, 76, 6 ]
               - [ 2, 73, 0 ]
               - [ 7, 37, 1 ]
               - [ 93, 35, 2 ]
               - [ 54, 27, 3 ]
               - [ 28, 114, 6 ]
               - [ 87, 46, 1 ]
               - [ 95, 102, 1 ]
               - [ 70, 1, 0 ]
         -
            width: 50
            height: 59
            tl_x: 50
            tl_y: 51
            pyramid_level: 1
            features:
               - [ 36, 57, 5 ]
               - [ 13, 56, 6 ]
               - [ 5, 47, 7 ]
               - [ 48, 50, 1 ]
               - [ 1, 25, 1 ]
               - [ 8, 14, 3 ]
               - [ 44, 32, 7 ]
               - [ 41, 11, 5 ]
               - [ 25, 6, 1 ]
               - [ 25, 57, 3 ]
   -
      template_id: 2
      templates:
         -
            width: 103
            height: 119
            tl_x: 100
            tl_y: 102
            pyramid_level: 0
            features:
               - [ 23, 27, 4 ]
               - [ 67, 20, 4 ]
               - [ 63, 111, 4 ]
               - [ 28, 112, 6 ]
               - [ 45, 21, 0 ]
               - [ 86, 55, 7 ]
               - [ 1, 60, 0 ]
               - [ 79, 112, 5 ]
               - [ 95, 105, 2 ]
               - [ 51, 3, 2 ]
               - [ 17, 102, 6 ]
               - [ 98, 71, 6 ]
               - [ 103, 86, 1 ]
               - [ 87, 39, 1 ]
               - [ 8, 89, 7 ]
               - [ 65, 0, 0 ]
               - [ 81, 20, 5 ]
               - [ 3, 46, 1 ]
               - [ 49, 117, 3 ]
               - [ 4, 79, 7 ]
               - [ 39, 119, 5 ]
         -
            width: 51
            height: 59
            tl_x: 50
            tl_y: 51
            pyramid_level: 1
            features:
               - [ 14, 56, 6 ]
               - [ 30, 56, 3 ]
               - [ 16, 13, 4 ]
               - [ 44, 30, 7 ]
               - [ 1, 25, 1 ]
               - [ 51, 44, 1 ]
               - [ 35, 10, 4 ]
               - [ 5, 46, 7 ]
               - [ 24, 4, 1 ]
               - [ 44, 18, 1 ]
   -
      template_id: 3
      templates:
         -
            width: 105
            height: 115
            tl_x: 100
            tl_y: 104
            pyramid_level: 0
            features:
               - [ 21, 27, 3 ]
               - [ 63, 17, 3 ]
               - [ 67, 108, 3 ]
               - [ 42, 20, 7 ]
               - [ 1, 61, 0 ]
               - [ 33, 112, 5 ]
               - [ 87, 53, 7 ]
               - [ 45, 3, 1 ]
               - [ 95, 104, 2 ]
               - [ 20, 102, 6 ]
               - [ 105, 80, 0 ]
               - [ 85, 35, 0 ]
               - [ 9, 35, 2 ]
               - [ 80, 16, 5 ]
               - [ 12, 92, 7 ]
               - [ 102, 66, 5 ]
               - [ 6, 81, 7 ]
               - [ 54, 115, 2 ]
               - [ 60, 1, 0 ]
               - [ 78, 107, 4 ]
               - [ 101, 94, 1 ]
               - [ 2, 50, 0 ]
         -
            width: 52
            height: 57
            tl_x: 50
            tl_y: 52
            pyramid_level: 1
            features:
               - [ 15, 13, 4 ]
               - [ 34, 54, 3 ]
               - [ 52, 42, 1 ]
               - [ 15, 55, 5 ]
               - [ 33, 8, 3 ]
               - [ 22, 3, 1 ]
               - [ 1, 25, 0 ]
               - [ 43, 25, 7 ]
               - [ 6, 46, 6 ]
               - [ 43, 16, 1 ]
               - [ 6, 16, 2 ]
               - [ 49, 32, 5 ]
   -
      template_id: 4
      templates:
         -
            width: 104
            height: 114
            tl_x: 102
            tl_y: 108
            pyramid_level: 0
            features:
               - [ 16, 26, 3 ]
               - [ 60, 11, 3 ]
               - [ 68, 103, 3 ]
               - [ 0, 62, 7 ]
               - [ 37, 17, 7 ]
               - [ 37, 110, 5 ]
               - [ 83, 43, 7 ]
               - [ 38, 1, 1 ]
               - [ 23, 101, 6 ]
               - [ 101, 89, 1 ]
               - [ 81, 28, 0 ]
               - [ 104, 77, 0 ]
               - [ 99, 57, 5 ]
               - [ 13, 91, 6 ]
               - [ 85, 100, 4 ]
               - [ 3, 38, 1 ]
               - [ 76, 10, 5 ]
               - [ 6, 80, 7 ]
               - [ 53, 2, 0 ]
               - [ 47, 114, 4 ]
               - [ 84, 17, 1 ]
         -
            width: 52
            height: 57
            tl_x: 51
            tl_y: 54
            pyramid_level: 1
            features:
               - [ 36, 51, 3 ]
               - [ 13, 12, 4 ]
               - [ 52, 38, 0 ]
               - [ 17, 54, 5 ]
               - [ 32, 5, 3 ]
               - [ 0, 24, 0 ]
               - [ 41, 12, 1 ]
               - [ 7, 46, 6 ]
               - [ 19, 1, 1 ]
               - [ 42, 22, 7 ]
   -
      template_id: 5
      templates:
         -
            width: 106
            height: 118
            tl_x: 102
            tl_y: 102
            pyramid_level: 0
            features:
               - [ 14, 35, 3 ]
               - [ 59, 15, 3 ]
               - [ 72, 107, 3 ]
               - [ 1, 72, 7 ]
               - [ 43, 117, 5 ]
               - [ 33, 22, 7 ]
               - [ 80, 41, 7 ]
               - [ 88, 103, 4 ]
               - [ 34, 7, 1 ]
               - [ 101, 97, 1 ]
               - [ 26, 108, 6 ]
               - [ 106, 76, 0 ]
               - [ 89, 54, 6 ]
               - [ 2, 48, 1 ]
               - [ 77, 15, 5 ]
               - [ 14, 97, 6 ]
               - [ 48, 1, 0 ]
               - [ 46, 17, 1 ]
               - [ 101, 59, 4 ]
               - [ 62, 116, 2 ]
         -
            width: 53
            height: 59
            tl_x: 51
            tl_y: 51
            pyramid_level: 1
            features:
               - [ 13, 54, 6 ]
               - [ 41, 52, 4 ]
               - [ 12, 16, 3 ]
               - [ 52, 45, 1 ]
               - [ 31, 7, 3 ]
               - [ 40, 20, 7 ]
               - [ 0, 33, 0 ]
               - [ 49, 29, 5 ]
               - [ 17, 4, 1 ]
               - [ 23, 59, 5 ]
   -
