%YAML:1.0
---
class_id: "back0warp97.png"
pyramid_levels: 2
template_pyramids:
   -
      template_id: 0
      templates:
         -
            width: 49
            height: 110
            tl_x: 100
            tl_y: 114
            pyramid_level: 0
            features:
               - [ 26, 7, 1 ]
               - [ 4, 99, 7 ]
               - [ 3, 50, 1 ]
               - [ 36, 0, 1 ]
               - [ 1, 86, 7 ]
               - [ 1, 60, 1 ]
               - [ 47, 30, 1 ]
               - [ 49, 80, 1 ]
               - [ 44, 40, 1 ]
               - [ 10, 110, 6 ]
               - [ 41, 101, 1 ]
               - [ 21, 109, 2 ]
               - [ 36, 17, 2 ]
               - [ 45, 91, 1 ]
               - [ 43, 59, 0 ]
               - [ 9, 37, 2 ]
               - [ 23, 20, 0 ]
               - [ 32, 108, 4 ]
               - [ 21, 31, 3 ]
               - [ 42, 50, 0 ]
         -
            width: 24
            height: 55
            tl_x: 50
            tl_y: 57
            pyramid_level: 1
            features:
               - [ 1, 27, 0 ]
               - [ 2, 49, 7 ]
               - [ 22, 20, 1 ]
               - [ 22, 47, 1 ]
               - [ 10, 55, 3 ]
               - [ 22, 31, 7 ]
               - [ 9, 16, 3 ]
               - [ 13, 3, 1 ]
               - [ 21, 7, 4 ]
               - [ 3, 21, 1 ]
               - [ 24, 14, 1 ]
               - [ 24, 41, 1 ]
   -
      template_id: 1
      templates:
         -
            width: 50
            height: 116
            tl_x: 102
            tl_y: 108
            pyramid_level: 0
            features:
               - [ 21, 10, 1 ]
               - [ 5, 103, 7 ]
               - [ 0, 69, 0 ]
               - [ 2, 93, 7 ]
               - [ 44, 31, 1 ]
               - [ 1, 58, 1 ]
               - [ 41, 44, 0 ]
               - [ 24, 1, 1 ]
               - [ 48, 90, 1 ]
               - [ 10, 113, 7 ]
               - [ 50, 79, 0 ]
               - [ 41, 61, 0 ]
               - [ 45, 101, 1 ]
               - [ 32, 21, 2 ]
               - [ 19, 23, 0 ]
               - [ 5, 46, 1 ]
               - [ 23, 116, 2 ]
               - [ 39, 112, 2 ]
               - [ 45, 71, 6 ]
               - [ 29, 10, 0 ]
               - [ 11, 40, 3 ]
         -
            width: 25
            height: 58
            tl_x: 51
            tl_y: 54
            pyramid_level: 1
            features:
               - [ 1, 27, 1 ]
               - [ 22, 16, 1 ]
               - [ 24, 45, 1 ]
               - [ 4, 55, 7 ]
               - [ 21, 32, 7 ]
               - [ 6, 20, 3 ]
               - [ 12, 58, 2 ]
               - [ 10, 6, 1 ]
               - [ 22, 52, 1 ]
               - [ 19, 9, 4 ]
   -
      template_id: 2
      templates:
         -
            width: 52
            height: 111
            tl_x: 102
            tl_y: 112
            pyramid_level: 0
            features:
               - [ 4, 86, 7 ]
               - [ 2, 74, 0 ]
               - [ 11, 104, 7 ]
               - [ 18, 1, 1 ]
               - [ 41, 54, 7 ]
               - [ 16, 13, 0 ]
               - [ 1, 63, 0 ]
               - [ 40, 39, 0 ]
               - [ 16, 22, 0 ]
               - [ 52, 75, 0 ]
               - [ 3, 47, 1 ]
               - [ 29, 111, 2 ]
               - [ 25, 8, 0 ]
               - [ 42, 24, 1 ]
               - [ 47, 101, 1 ]
               - [ 50, 89, 0 ]
               - [ 10, 37, 3 ]
               - [ 39, 108, 4 ]
               - [ 28, 18, 2 ]
               - [ 44, 62, 7 ]
         -
            width: 26
            height: 55
            tl_x: 51
            tl_y: 56
            pyramid_level: 1
            features:
               - [ 20, 20, 0 ]
               - [ 4, 49, 7 ]
               - [ 21, 12, 0 ]
               - [ 24, 49, 1 ]
               - [ 1, 26, 0 ]
               - [ 21, 28, 7 ]
               - [ 19, 54, 4 ]
               - [ 6, 18, 3 ]
               - [ 8, 5, 0 ]
               - [ 17, 7, 3 ]
   -
      template_id: 3
      templates:
         -
            width: 52
            height: 120
            tl_x: 104
            tl_y: 106
            pyramid_level: 0
            features:
               - [ 6, 97, 7 ]
               - [ 1, 78, 7 ]
               - [ 40, 61, 7 ]
               - [ 11, 13, 0 ]
               - [ 15, 113, 6 ]
               - [ 1, 54, 1 ]
               - [ 0, 66, 0 ]
               - [ 13, 1, 1 ]
               - [ 37, 46, 0 ]
               - [ 52, 81, 0 ]
               - [ 11, 23, 0 ]
               - [ 37, 33, 0 ]
               - [ 49, 105, 1 ]
               - [ 24, 22, 2 ]
               - [ 31, 118, 2 ]
               - [ 51, 93, 0 ]
               - [ 6, 45, 2 ]
               - [ 47, 70, 5 ]
               - [ 22, 120, 6 ]
               - [ 42, 112, 4 ]
         -
            width: 26
            height: 60
            tl_x: 52
            tl_y: 53
            pyramid_level: 1
            features:
               - [ 0, 33, 0 ]
               - [ 25, 50, 0 ]
               - [ 19, 27, 7 ]
               - [ 26, 42, 0 ]
               - [ 8, 57, 6 ]
               - [ 1, 26, 1 ]
               - [ 20, 56, 3 ]
               - [ 5, 8, 0 ]
               - [ 15, 9, 4 ]
               - [ 18, 21, 0 ]
   -
      template_id: 4
      templates:
         -
            width: 54
            height: 114
            tl_x: 104
            tl_y: 110
            pyramid_level: 0
            features:
               - [ 4, 79, 7 ]
               - [ 9, 93, 7 ]
               - [ 40, 55, 7 ]
               - [ 14, 1, 7 ]
               - [ 9, 26, 7 ]
               - [ 15, 103, 6 ]
               - [ 1, 67, 0 ]
               - [ 7, 11, 0 ]
               - [ 25, 114, 6 ]
               - [ 36, 42, 0 ]
               - [ 53, 99, 1 ]
               - [ 35, 21, 0 ]
               - [ 54, 84, 0 ]
               - [ 1, 50, 0 ]
               - [ 36, 113, 1 ]
               - [ 21, 18, 1 ]
               - [ 49, 64, 5 ]
               - [ 9, 39, 2 ]
               - [ 35, 33, 0 ]
               - [ 54, 75, 0 ]
               - [ 43, 107, 3 ]
               - [ 29, 13, 4 ]
         -
            width: 27
            height: 57
            tl_x: 52
            tl_y: 55
            pyramid_level: 1
            features:
               - [ 18, 21, 0 ]
               - [ 27, 45, 0 ]
               - [ 27, 39, 0 ]
               - [ 8, 52, 6 ]
               - [ 0, 29, 0 ]
               - [ 21, 54, 3 ]
               - [ 17, 13, 0 ]
               - [ 13, 7, 3 ]
               - [ 3, 5, 0 ]
               - [ 1, 24, 1 ]
               - [ 8, 5, 0 ]
               - [ 4, 10, 0 ]
   -
      template_id: 5
      templates:
         -
            width: 57
            height: 114
            tl_x: 104
            tl_y: 110
            pyramid_level: 0
            features:
               - [ 6, 80, 7 ]
               - [ 12, 93, 7 ]
               - [ 9, 1, 7 ]
               - [ 3, 71, 7 ]
               - [ 19, 103, 6 ]
               - [ 36, 45, 7 ]
               - [ 55, 70, 0 ]
               - [ 31, 114, 5 ]
               - [ 4, 16, 0 ]
               - [ 57, 94, 0 ]
               - [ 33, 32, 0 ]
               - [ 42, 110, 1 ]
               - [ 32, 21, 0 ]
               - [ 7, 28, 7 ]
               - [ 1, 50, 1 ]
               - [ 18, 18, 1 ]
               - [ 48, 61, 5 ]
               - [ 8, 40, 2 ]
               - [ 51, 104, 3 ]
               - [ 40, 53, 7 ]
               - [ 1, 63, 0 ]
               - [ 3, 7, 0 ]
               - [ 11, 9, 7 ]
               - [ 28, 13, 5 ]
         -
            width: 28
            height: 57
            tl_x: 52
            tl_y: 55
            pyramid_level: 1
            features:
               - [ 9, 51, 6 ]
               - [ 28, 39, 0 ]
               - [ 1, 34, 7 ]
               - [ 16, 12, 0 ]
               - [ 19, 25, 7 ]
               - [ 3, 21, 2 ]
               - [ 21, 55, 2 ]
               - [ 28, 49, 1 ]
               - [ 2, 8, 0 ]
