%YAML:1.0
---
class_id: "back0warp7.png"
pyramid_levels: 2
template_pyramids:
   -
      template_id: 0
      templates:
         -
            width: 100
            height: 62
            tl_x: 100
            tl_y: 100
            pyramid_level: 0
            features:
               - [ 87, 12, 5 ]
               - [ 43, 62, 3 ]
               - [ 65, 1, 3 ]
               - [ 19, 13, 3 ]
               - [ 99, 39, 5 ]
               - [ 36, 11, 4 ]
               - [ 47, 12, 4 ]
               - [ 60, 61, 4 ]
               - [ 7, 20, 2 ]
               - [ 1, 29, 1 ]
               - [ 89, 62, 3 ]
               - [ 89, 32, 7 ]
               - [ 20, 61, 5 ]
               - [ 100, 52, 2 ]
               - [ 8, 52, 6 ]
               - [ 73, 11, 4 ]
               - [ 1, 41, 7 ]
               - [ 60, 13, 4 ]
               - [ 27, 11, 4 ]
               - [ 54, 7, 2 ]
               - [ 92, 19, 2 ]
         -
            width: 50
            height: 31
            tl_x: 50
            tl_y: 50
            pyramid_level: 1
            features:
               - [ 8, 7, 3 ]
               - [ 50, 26, 2 ]
               - [ 8, 29, 5 ]
               - [ 22, 6, 4 ]
               - [ 43, 6, 5 ]
               - [ 1, 21, 7 ]
               - [ 47, 18, 5 ]
               - [ 27, 30, 4 ]
               - [ 31, 1, 3 ]
               - [ 2, 12, 2 ]
   -
      template_id: 1
      templates:
         -
            width: 105
            height: 63
            tl_x: 100
            tl_y: 100
            pyramid_level: 0
            features:
               - [ 18, 16, 3 ]
               - [ 63, 0, 3 ]
               - [ 86, 9, 4 ]
               - [ 72, 9, 4 ]
               - [ 45, 63, 3 ]
               - [ 7, 23, 2 ]
               - [ 52, 7, 1 ]
               - [ 99, 35, 5 ]
               - [ 66, 61, 4 ]
               - [ 98, 53, 2 ]
               - [ 28, 13, 4 ]
               - [ 1, 33, 1 ]
               - [ 90, 30, 6 ]
               - [ 10, 56, 6 ]
               - [ 41, 12, 4 ]
               - [ 105, 42, 1 ]
               - [ 2, 45, 7 ]
               - [ 88, 19, 1 ]
               - [ 20, 62, 5 ]
               - [ 53, 61, 4 ]
               - [ 58, 13, 3 ]
         -
            width: 52
            height: 31
            tl_x: 50
            tl_y: 50
            pyramid_level: 1
            features:
               - [ 9, 8, 3 ]
               - [ 24, 31, 3 ]
               - [ 50, 25, 2 ]
               - [ 48, 17, 5 ]
               - [ 10, 31, 5 ]
               - [ 39, 4, 4 ]
               - [ 20, 6, 4 ]
               - [ 29, 1, 3 ]
               - [ 31, 30, 4 ]
               - [ 4, 27, 6 ]
               - [ 44, 10, 1 ]
   -
      template_id: 2
      templates:
         -
            width: 103
            height: 67
            tl_x: 102
            tl_y: 100
            pyramid_level: 0
            features:
               - [ 69, 7, 4 ]
               - [ 15, 19, 3 ]
               - [ 34, 14, 4 ]
               - [ 54, 1, 3 ]
               - [ 79, 6, 4 ]
               - [ 98, 31, 5 ]
               - [ 47, 63, 3 ]
               - [ 25, 15, 3 ]
               - [ 99, 47, 1 ]
               - [ 58, 60, 4 ]
               - [ 0, 35, 1 ]
               - [ 92, 55, 2 ]
               - [ 5, 26, 2 ]
               - [ 25, 67, 5 ]
               - [ 1, 49, 7 ]
               - [ 43, 13, 4 ]
               - [ 11, 60, 6 ]
               - [ 84, 19, 0 ]
               - [ 55, 12, 3 ]
               - [ 103, 39, 1 ]
         -
            width: 51
            height: 33
            tl_x: 51
            tl_y: 50
            pyramid_level: 1
            features:
               - [ 25, 31, 3 ]
               - [ 17, 7, 4 ]
               - [ 5, 11, 2 ]
               - [ 38, 3, 4 ]
               - [ 47, 15, 5 ]
               - [ 49, 24, 2 ]
               - [ 9, 32, 5 ]
               - [ 0, 18, 1 ]
               - [ 28, 0, 3 ]
               - [ 3, 28, 6 ]
               - [ 42, 9, 0 ]
   -
      template_id: 3
      templates:
         -
            width: 104
            height: 69
            tl_x: 102
            tl_y: 100
            pyramid_level: 0
            features:
               - [ 69, 5, 3 ]
               - [ 35, 15, 3 ]
               - [ 14, 22, 3 ]
               - [ 68, 58, 4 ]
               - [ 50, 2, 2 ]
               - [ 83, 4, 4 ]
               - [ 48, 64, 3 ]
               - [ 25, 17, 3 ]
               - [ 98, 27, 4 ]
               - [ 0, 43, 0 ]
               - [ 101, 41, 1 ]
               - [ 5, 30, 2 ]
               - [ 28, 69, 5 ]
               - [ 94, 51, 2 ]
               - [ 58, 60, 3 ]
               - [ 85, 22, 6 ]
               - [ 13, 63, 5 ]
               - [ 3, 54, 7 ]
               - [ 53, 12, 3 ]
               - [ 104, 33, 1 ]
               - [ 62, 1, 1 ]
               - [ 83, 14, 1 ]
         -
            width: 52
            height: 34
            tl_x: 51
            tl_y: 50
            pyramid_level: 1
            features:
               - [ 34, 29, 4 ]
               - [ 37, 2, 4 ]
               - [ 7, 11, 3 ]
               - [ 15, 8, 4 ]
               - [ 47, 13, 5 ]
               - [ 13, 34, 5 ]
               - [ 1, 18, 1 ]
               - [ 25, 1, 2 ]
               - [ 51, 19, 1 ]
               - [ 6, 31, 5 ]
   -
      template_id: 4
      templates:
         -
            width: 101
            height: 73
            tl_x: 102
            tl_y: 98
            pyramid_level: 0
            features:
               - [ 65, 6, 3 ]
               - [ 35, 18, 3 ]
               - [ 50, 67, 3 ]
               - [ 68, 59, 4 ]
               - [ 18, 24, 3 ]
               - [ 53, 0, 3 ]
               - [ 44, 9, 1 ]
               - [ 79, 3, 4 ]
               - [ 98, 25, 4 ]
               - [ 101, 40, 1 ]
               - [ 1, 49, 0 ]
               - [ 32, 73, 4 ]
               - [ 4, 38, 1 ]
               - [ 77, 57, 4 ]
               - [ 95, 50, 2 ]
               - [ 20, 70, 5 ]
               - [ 84, 21, 6 ]
               - [ 8, 63, 6 ]
               - [ 11, 29, 2 ]
               - [ 51, 14, 3 ]
         -
            width: 50
            height: 36
            tl_x: 51
            tl_y: 49
            pyramid_level: 1
            features:
               - [ 36, 2, 4 ]
               - [ 14, 36, 5 ]
               - [ 5, 15, 2 ]
               - [ 50, 21, 1 ]
               - [ 18, 9, 3 ]
               - [ 32, 30, 3 ]
               - [ 46, 12, 4 ]
               - [ 25, 1, 2 ]
               - [ 1, 22, 1 ]
               - [ 6, 33, 5 ]
   -
      template_id: 5
      templates:
         -
            width: 100
            height: 74
            tl_x: 104
            tl_y: 98
            pyramid_level: 0
            features:
               - [ 60, 5, 3 ]
               - [ 30, 20, 3 ]
               - [ 69, 57, 3 ]
               - [ 73, 1, 4 ]
               - [ 93, 21, 4 ]
               - [ 14, 28, 2 ]
               - [ 48, 0, 2 ]
               - [ 52, 66, 2 ]
               - [ 100, 33, 1 ]
               - [ 6, 36, 2 ]
               - [ 1, 47, 0 ]
               - [ 40, 9, 1 ]
               - [ 97, 42, 1 ]
               - [ 31, 74, 4 ]
               - [ 84, 20, 5 ]
               - [ 19, 72, 5 ]
               - [ 8, 66, 6 ]
               - [ 77, 12, 0 ]
               - [ 22, 23, 3 ]
               - [ 1, 55, 7 ]
         -
            width: 50
            height: 37
            tl_x: 52
            tl_y: 49
            pyramid_level: 1
            features:
               - [ 15, 10, 3 ]
               - [ 33, 29, 3 ]
               - [ 15, 37, 4 ]
               - [ 50, 16, 1 ]
               - [ 34, 1, 3 ]
               - [ 3, 18, 2 ]
               - [ 4, 33, 6 ]
               - [ 43, 10, 5 ]
               - [ 22, 2, 2 ]
               - [ 39, 5, 0 ]
   -
      template_id: 6
      templates:
         -
            width: 98
            height: 76
            tl_x: 106
            tl_y: 98
