%YAML:1.0
---
class_id: "back0warp48.png"
pyramid_levels: 2
template_pyramids:
   -
      template_id: 0
      templates:
         -
            width: 64
            height: 112
            tl_x: 100
            tl_y: 110
            pyramid_level: 0
            features:
               - [ 4, 50, 1 ]
               - [ 1, 63, 1 ]
               - [ 59, 79, 1 ]
               - [ 58, 41, 7 ]
               - [ 58, 26, 1 ]
               - [ 49, 1, 1 ]
               - [ 62, 69, 1 ]
               - [ 10, 36, 1 ]
               - [ 61, 17, 1 ]
               - [ 39, 5, 1 ]
               - [ 22, 23, 3 ]
               - [ 38, 97, 2 ]
               - [ 53, 90, 2 ]
               - [ 28, 108, 1 ]
               - [ 1, 88, 7 ]
               - [ 32, 20, 4 ]
               - [ 55, 8, 4 ]
               - [ 15, 112, 6 ]
               - [ 6, 102, 7 ]
               - [ 64, 61, 1 ]
               - [ 15, 29, 2 ]
         -
            width: 32
            height: 56
            tl_x: 50
            tl_y: 55
            pyramid_level: 1
            features:
               - [ 2, 25, 1 ]
               - [ 30, 38, 1 ]
               - [ 29, 14, 0 ]
               - [ 8, 14, 2 ]
               - [ 15, 53, 2 ]
               - [ 22, 47, 3 ]
               - [ 3, 51, 7 ]
               - [ 31, 24, 6 ]
               - [ 20, 1, 1 ]
               - [ 28, 4, 4 ]
   -
      template_id: 1
      templates:
         -
            width: 62
            height: 114
            tl_x: 102
            tl_y: 104
            pyramid_level: 0
            features:
               - [ 0, 72, 0 ]
               - [ 55, 45, 7 ]
               - [ 56, 91, 1 ]
               - [ 62, 68, 0 ]
               - [ 2, 58, 1 ]
               - [ 55, 23, 1 ]
               - [ 60, 79, 1 ]
               - [ 43, 1, 0 ]
               - [ 32, 14, 0 ]
               - [ 18, 30, 3 ]
               - [ 5, 48, 1 ]
               - [ 31, 114, 1 ]
               - [ 2, 96, 7 ]
               - [ 10, 38, 1 ]
               - [ 54, 35, 0 ]
               - [ 38, 104, 2 ]
               - [ 29, 26, 3 ]
               - [ 45, 14, 3 ]
               - [ 11, 114, 6 ]
               - [ 54, 13, 5 ]
               - [ 61, 52, 5 ]
         -
            width: 31
            height: 57
            tl_x: 51
            tl_y: 52
            pyramid_level: 1
            features:
               - [ 1, 29, 1 ]
               - [ 31, 35, 0 ]
               - [ 27, 14, 0 ]
               - [ 5, 19, 1 ]
               - [ 16, 56, 1 ]
               - [ 4, 55, 7 ]
               - [ 17, 3, 1 ]
               - [ 29, 43, 1 ]
               - [ 22, 50, 3 ]
               - [ 25, 6, 4 ]
   -
      template_id: 2
      templates:
         -
            width: 63
            height: 123
            tl_x: 102
            tl_y: 102
            pyramid_level: 0
            features:
               - [ 2, 63, 0 ]
               - [ 33, 1, 1 ]
               - [ 51, 30, 0 ]
               - [ 53, 43, 7 ]
               - [ 62, 76, 0 ]
               - [ 60, 87, 1 ]
               - [ 63, 62, 0 ]
               - [ 6, 47, 1 ]
               - [ 36, 116, 1 ]
               - [ 17, 32, 3 ]
               - [ 28, 18, 0 ]
               - [ 1, 79, 0 ]
               - [ 41, 15, 2 ]
               - [ 42, 105, 2 ]
               - [ 5, 99, 7 ]
               - [ 51, 98, 3 ]
               - [ 13, 114, 6 ]
               - [ 25, 123, 5 ]
               - [ 51, 14, 5 ]
               - [ 27, 28, 3 ]
         -
            width: 31
            height: 61
            tl_x: 51
            tl_y: 51
            pyramid_level: 1
            features:
               - [ 26, 12, 0 ]
               - [ 1, 31, 0 ]
               - [ 31, 38, 0 ]
               - [ 19, 56, 1 ]
               - [ 26, 20, 7 ]
               - [ 9, 16, 3 ]
               - [ 24, 50, 3 ]
               - [ 12, 61, 5 ]
               - [ 14, 6, 0 ]
               - [ 1, 37, 0 ]
               - [ 22, 7, 3 ]
   -
      template_id: 3
      templates:
         -
            width: 61
            height: 119
            tl_x: 104
            tl_y: 106
            pyramid_level: 0
            features:
               - [ 47, 29, 7 ]
               - [ 1, 78, 0 ]
               - [ 31, 0, 0 ]
               - [ 60, 82, 1 ]
               - [ 61, 73, 0 ]
               - [ 61, 55, 0 ]
               - [ 0, 64, 0 ]
               - [ 4, 42, 1 ]
               - [ 51, 40, 6 ]
               - [ 23, 5, 1 ]
               - [ 47, 14, 0 ]
               - [ 44, 100, 2 ]
               - [ 1, 54, 0 ]
               - [ 37, 115, 1 ]
               - [ 11, 31, 2 ]
               - [ 7, 99, 7 ]
               - [ 37, 9, 2 ]
               - [ 18, 114, 6 ]
               - [ 28, 119, 5 ]
               - [ 18, 26, 3 ]
               - [ 50, 94, 2 ]
         -
            width: 30
            height: 59
            tl_x: 52
            tl_y: 53
            pyramid_level: 1
            features:
               - [ 0, 33, 0 ]
               - [ 30, 40, 0 ]
               - [ 20, 54, 1 ]
               - [ 24, 17, 7 ]
               - [ 2, 21, 1 ]
               - [ 8, 56, 6 ]
               - [ 9, 13, 3 ]
               - [ 11, 4, 0 ]
               - [ 20, 4, 4 ]
               - [ 25, 47, 2 ]
   -
      template_id: 4
      templates:
         -
            width: 62
            height: 119
            tl_x: 104
            tl_y: 106
            pyramid_level: 0
            features:
               - [ 2, 74, 7 ]
               - [ 44, 26, 7 ]
               - [ 26, 0, 0 ]
               - [ 62, 62, 0 ]
               - [ 1, 64, 0 ]
               - [ 62, 79, 0 ]
               - [ 2, 48, 0 ]
               - [ 31, 10, 2 ]
               - [ 48, 98, 1 ]
               - [ 43, 15, 0 ]
               - [ 43, 112, 1 ]
               - [ 13, 29, 2 ]
               - [ 19, 15, 0 ]
               - [ 11, 101, 7 ]
               - [ 55, 42, 5 ]
               - [ 57, 89, 3 ]
               - [ 34, 119, 5 ]
               - [ 20, 112, 6 ]
               - [ 61, 53, 0 ]
               - [ 47, 35, 7 ]
               - [ 6, 36, 1 ]
         -
            width: 31
            height: 59
            tl_x: 52
            tl_y: 53
            pyramid_level: 1
            features:
               - [ 1, 37, 0 ]
               - [ 31, 31, 0 ]
               - [ 22, 12, 0 ]
               - [ 1, 24, 1 ]
               - [ 22, 54, 1 ]
               - [ 31, 40, 0 ]
               - [ 9, 55, 6 ]
               - [ 6, 15, 2 ]
               - [ 9, 3, 0 ]
               - [ 17, 4, 3 ]
   -
      template_id: 5
      templates:
         -
            width: 64
            height: 118
            tl_x: 104
            tl_y: 106
            pyramid_level: 0
            features:
               - [ 5, 82, 7 ]
               - [ 45, 33, 7 ]
               - [ 15, 0, 1 ]
               - [ 61, 53, 0 ]
               - [ 40, 19, 0 ]
               - [ 1, 62, 0 ]
               - [ 63, 64, 0 ]
               - [ 2, 46, 1 ]
               - [ 7, 34, 2 ]
               - [ 64, 76, 0 ]
               - [ 15, 15, 7 ]
               - [ 27, 10, 2 ]
               - [ 46, 115, 1 ]
               - [ 49, 104, 1 ]
               - [ 11, 95, 7 ]
               - [ 57, 89, 2 ]
               - [ 54, 40, 5 ]
               - [ 20, 108, 6 ]
               - [ 33, 117, 5 ]
               - [ 3, 74, 0 ]
               - [ 39, 11, 0 ]
         -
            width: 32
            height: 59
            tl_x: 52
            tl_y: 53
            pyramid_level: 1
            features:
               - [ 1, 35, 0 ]
               - [ 31, 29, 0 ]
               - [ 20, 9, 0 ]
               - [ 1, 23, 1 ]
               - [ 25, 51, 1 ]
               - [ 9, 53, 6 ]
               - [ 19, 59, 4 ]
               - [ 7, 4, 0 ]
               - [ 32, 38, 0 ]
               - [ 6, 15, 2 ]
   -
      template_id: 6
      templates:
         -
            width: 65
            height: 115
            tl_x: 104
