%YAML:1.0
---
class_id: "back0warp140.png"
pyramid_levels: 2
template_pyramids:
   -
      template_id: 0
      templates:
         -
            width: 92
            height: 73
            tl_x: 100
            tl_y: 102
            pyramid_level: 0
            features:
               - [ 60, 72, 5 ]
               - [ 21, 62, 6 ]
               - [ 39, 15, 5 ]
               - [ 33, 69, 5 ]
               - [ 82, 73, 3 ]
               - [ 92, 37, 3 ]
               - [ 92, 60, 6 ]
               - [ 84, 22, 5 ]
               - [ 28, 12, 4 ]
               - [ 8, 49, 6 ]
               - [ 1, 35, 7 ]
               - [ 16, 12, 3 ]
               - [ 67, 0, 3 ]
               - [ 73, 20, 4 ]
               - [ 53, 10, 1 ]
               - [ 85, 51, 7 ]
               - [ 2, 22, 1 ]
               - [ 78, 5, 1 ]
               - [ 57, 21, 4 ]
               - [ 51, 70, 4 ]
               - [ 42, 70, 4 ]
         -
            width: 46
            height: 36
            tl_x: 50
            tl_y: 51
            pyramid_level: 1
            features:
               - [ 12, 32, 5 ]
               - [ 18, 7, 5 ]
               - [ 30, 36, 5 ]
               - [ 8, 6, 3 ]
               - [ 34, 0, 3 ]
               - [ 3, 23, 7 ]
               - [ 44, 12, 5 ]
               - [ 42, 36, 3 ]
               - [ 43, 22, 1 ]
               - [ 1, 12, 1 ]
   -
      template_id: 1
      templates:
         -
            width: 95
            height: 75
            tl_x: 100
            tl_y: 98
            pyramid_level: 0
            features:
               - [ 63, 75, 4 ]
               - [ 40, 75, 4 ]
               - [ 37, 20, 5 ]
               - [ 20, 66, 6 ]
               - [ 26, 18, 4 ]
               - [ 87, 73, 2 ]
               - [ 1, 43, 7 ]
               - [ 72, 22, 4 ]
               - [ 95, 29, 6 ]
               - [ 14, 19, 3 ]
               - [ 7, 54, 6 ]
               - [ 86, 52, 7 ]
               - [ 94, 60, 5 ]
               - [ 70, 1, 4 ]
               - [ 51, 74, 4 ]
               - [ 50, 16, 1 ]
               - [ 1, 30, 1 ]
               - [ 59, 24, 4 ]
               - [ 82, 23, 5 ]
               - [ 60, 4, 3 ]
         -
            width: 47
            height: 37
            tl_x: 50
            tl_y: 49
            pyramid_level: 1
            features:
               - [ 28, 37, 4 ]
               - [ 18, 10, 5 ]
               - [ 15, 36, 5 ]
               - [ 44, 36, 2 ]
               - [ 45, 13, 5 ]
               - [ 33, 1, 3 ]
               - [ 2, 25, 7 ]
               - [ 6, 10, 3 ]
               - [ 43, 25, 0 ]
               - [ 26, 6, 1 ]
   -
      template_id: 2
      templates:
         -
            width: 94
            height: 76
            tl_x: 100
            tl_y: 98
            pyramid_level: 0
            features:
               - [ 29, 72, 5 ]
               - [ 69, 74, 4 ]
               - [ 88, 71, 2 ]
               - [ 93, 55, 5 ]
               - [ 17, 65, 6 ]
               - [ 78, 20, 4 ]
               - [ 33, 21, 4 ]
               - [ 91, 34, 2 ]
               - [ 16, 21, 3 ]
               - [ 48, 75, 3 ]
               - [ 6, 55, 6 ]
               - [ 70, 11, 1 ]
               - [ 64, 0, 3 ]
               - [ 44, 23, 4 ]
               - [ 0, 40, 0 ]
               - [ 49, 12, 1 ]
               - [ 3, 29, 2 ]
               - [ 92, 24, 5 ]
               - [ 66, 21, 4 ]
               - [ 54, 24, 4 ]
         -
            width: 47
            height: 38
            tl_x: 50
            tl_y: 49
            pyramid_level: 1
            features:
               - [ 34, 37, 4 ]
               - [ 11, 34, 5 ]
               - [ 39, 10, 4 ]
               - [ 27, 3, 2 ]
               - [ 12, 10, 4 ]
               - [ 2, 26, 7 ]
               - [ 47, 33, 2 ]
               - [ 43, 22, 0 ]
               - [ 21, 38, 4 ]
               - [ 2, 14, 2 ]
   -
      template_id: 3
      templates:
         -
            width: 96
            height: 78
            tl_x: 100
            tl_y: 96
            pyramid_level: 0
            features:
               - [ 30, 75, 5 ]
               - [ 66, 74, 4 ]
               - [ 19, 25, 4 ]
               - [ 91, 32, 2 ]
               - [ 48, 78, 4 ]
               - [ 90, 70, 2 ]
               - [ 76, 20, 4 ]
               - [ 96, 54, 5 ]
               - [ 11, 64, 6 ]
               - [ 35, 25, 4 ]
               - [ 2, 53, 7 ]
               - [ 46, 16, 1 ]
               - [ 63, 0, 3 ]
               - [ 67, 12, 1 ]
               - [ 7, 30, 3 ]
               - [ 0, 41, 0 ]
               - [ 87, 47, 7 ]
               - [ 52, 6, 2 ]
               - [ 52, 26, 3 ]
               - [ 86, 21, 5 ]
         -
            width: 48
            height: 39
            tl_x: 50
            tl_y: 48
            pyramid_level: 1
            features:
               - [ 14, 37, 5 ]
               - [ 38, 10, 4 ]
               - [ 32, 37, 4 ]
               - [ 2, 28, 7 ]
               - [ 23, 39, 4 ]
               - [ 47, 33, 2 ]
               - [ 8, 13, 3 ]
               - [ 44, 18, 1 ]
               - [ 1, 18, 1 ]
               - [ 7, 33, 6 ]
               - [ 46, 26, 5 ]
   -
      template_id: 4
      templates:
         -
            width: 96
            height: 80
            tl_x: 100
            tl_y: 94
            pyramid_level: 0
            features:
               - [ 66, 75, 3 ]
               - [ 28, 77, 5 ]
               - [ 39, 80, 5 ]
               - [ 22, 29, 4 ]
               - [ 68, 21, 3 ]
               - [ 94, 51, 5 ]
               - [ 33, 28, 4 ]
               - [ 91, 29, 2 ]
               - [ 14, 70, 6 ]
               - [ 51, 80, 3 ]
               - [ 3, 59, 7 ]
               - [ 86, 39, 0 ]
               - [ 49, 8, 2 ]
               - [ 0, 47, 0 ]
               - [ 59, 1, 3 ]
               - [ 95, 65, 2 ]
               - [ 7, 35, 2 ]
               - [ 44, 18, 0 ]
               - [ 50, 28, 3 ]
               - [ 85, 20, 5 ]
         -
            width: 48
            height: 40
            tl_x: 50
            tl_y: 47
            pyramid_level: 1
            features:
               - [ 19, 40, 5 ]
               - [ 7, 35, 6 ]
               - [ 16, 14, 4 ]
               - [ 36, 10, 4 ]
               - [ 31, 38, 3 ]
               - [ 48, 32, 2 ]
               - [ 27, 2, 3 ]
               - [ 3, 18, 2 ]
               - [ 44, 17, 1 ]
               - [ 46, 25, 5 ]
               - [ 22, 9, 0 ]
   -
      template_id: 5
      templates:
         -
            width: 99
            height: 81
            tl_x: 100
            tl_y: 94
            pyramid_level: 0
            features:
               - [ 50, 81, 3 ]
               - [ 67, 74, 3 ]
               - [ 31, 79, 5 ]
               - [ 67, 19, 3 ]
               - [ 23, 31, 4 ]
               - [ 16, 73, 5 ]
               - [ 89, 26, 1 ]
               - [ 94, 47, 5 ]
               - [ 6, 65, 6 ]
               - [ 39, 29, 4 ]
               - [ 56, 0, 3 ]
               - [ 99, 57, 1 ]
               - [ 46, 8, 2 ]
               - [ 4, 41, 2 ]
               - [ 82, 17, 4 ]
               - [ 85, 36, 0 ]
               - [ 1, 52, 0 ]
               - [ 49, 28, 3 ]
               - [ 76, 72, 4 ]
               - [ 61, 12, 1 ]
         -
            width: 49
            height: 40
            tl_x: 50
            tl_y: 47
            pyramid_level: 1
            features:
               - [ 14, 39, 5 ]
               - [ 15, 15, 4 ]
               - [ 36, 9, 3 ]
               - [ 48, 31, 2 ]
               - [ 34, 37, 3 ]
               - [ 5, 18, 2 ]
               - [ 24, 3, 2 ]
               - [ 44, 14, 1 ]
               - [ 46, 23, 5 ]
               - [ 31, 4, 0 ]
   -
      template_id: 6
      templates:
         -
            width: 99
            height: 80
            tl_x: 102
            tl_y: 96
            pyramid_level: 0
            features:
               - [ 75, 68, 3 ]
