%YAML:1.0
---
class_id: "back0warp111.png"
pyramid_levels: 2
template_pyramids:
   -
      template_id: 0
      templates:
         -
            width: 74
            height: 108
            tl_x: 100
            tl_y: 106
            pyramid_level: 0
            features:
               - [ 3, 59, 1 ]
               - [ 37, 23, 1 ]
               - [ 66, 91, 1 ]
               - [ 43, 9, 1 ]
               - [ 64, 53, 1 ]
               - [ 52, 105, 3 ]
               - [ 4, 97, 7 ]
               - [ 54, 24, 3 ]
               - [ 17, 41, 3 ]
               - [ 37, 106, 3 ]
               - [ 12, 108, 6 ]
               - [ 74, 30, 2 ]
               - [ 67, 43, 1 ]
               - [ 72, 80, 1 ]
               - [ 55, 9, 1 ]
               - [ 70, 69, 5 ]
               - [ 33, 37, 4 ]
               - [ 65, 20, 4 ]
               - [ 10, 47, 2 ]
               - [ 57, 0, 0 ]
               - [ 1, 88, 0 ]
         -
            width: 37
            height: 54
            tl_x: 50
            tl_y: 53
            pyramid_level: 1
            features:
               - [ 1, 31, 1 ]
               - [ 35, 42, 1 ]
               - [ 1, 46, 7 ]
               - [ 33, 23, 1 ]
               - [ 10, 20, 3 ]
               - [ 20, 53, 4 ]
               - [ 22, 4, 1 ]
               - [ 33, 10, 4 ]
               - [ 6, 54, 6 ]
               - [ 30, 50, 2 ]
   -
      template_id: 1
      templates:
         -
            width: 73
            height: 114
            tl_x: 102
            tl_y: 104
            pyramid_level: 0
            features:
               - [ 62, 99, 2 ]
               - [ 37, 11, 1 ]
               - [ 14, 45, 3 ]
               - [ 6, 102, 7 ]
               - [ 45, 21, 1 ]
               - [ 18, 114, 5 ]
               - [ 62, 56, 7 ]
               - [ 40, 108, 3 ]
               - [ 4, 57, 1 ]
               - [ 64, 42, 1 ]
               - [ 32, 27, 0 ]
               - [ 73, 77, 1 ]
               - [ 69, 30, 1 ]
               - [ 44, 0, 2 ]
               - [ 0, 72, 0 ]
               - [ 59, 20, 3 ]
               - [ 27, 40, 3 ]
               - [ 1, 90, 7 ]
               - [ 68, 89, 1 ]
               - [ 51, 106, 4 ]
               - [ 49, 10, 1 ]
         -
            width: 36
            height: 57
            tl_x: 51
            tl_y: 52
            pyramid_level: 1
            features:
               - [ 1, 32, 1 ]
               - [ 3, 51, 7 ]
               - [ 8, 22, 3 ]
               - [ 36, 40, 1 ]
               - [ 31, 26, 0 ]
               - [ 18, 55, 3 ]
               - [ 17, 9, 1 ]
               - [ 34, 16, 1 ]
               - [ 30, 51, 2 ]
               - [ 9, 57, 5 ]
   -
      template_id: 2
      templates:
         -
            width: 70
            height: 118
            tl_x: 104
            tl_y: 102
            pyramid_level: 0
            features:
               - [ 11, 49, 2 ]
               - [ 1, 66, 1 ]
               - [ 31, 13, 1 ]
               - [ 63, 100, 2 ]
               - [ 33, 117, 2 ]
               - [ 48, 23, 2 ]
               - [ 7, 105, 6 ]
               - [ 28, 25, 0 ]
               - [ 47, 108, 3 ]
               - [ 70, 84, 1 ]
               - [ 20, 117, 5 ]
               - [ 60, 56, 7 ]
               - [ 62, 37, 1 ]
               - [ 43, 11, 0 ]
               - [ 38, 0, 1 ]
               - [ 24, 43, 3 ]
               - [ 0, 81, 0 ]
               - [ 67, 67, 5 ]
               - [ 64, 21, 5 ]
               - [ 32, 35, 2 ]
         -
            width: 35
            height: 59
            tl_x: 52
            tl_y: 51
            pyramid_level: 1
            features:
               - [ 24, 54, 3 ]
               - [ 0, 37, 0 ]
               - [ 34, 45, 1 ]
               - [ 8, 23, 3 ]
               - [ 15, 8, 1 ]
               - [ 30, 23, 0 ]
               - [ 11, 59, 5 ]
               - [ 4, 53, 6 ]
               - [ 25, 11, 3 ]
               - [ 2, 29, 1 ]
               - [ 31, 31, 7 ]
   -
      template_id: 3
      templates:
         -
            width: 72
            height: 108
            tl_x: 106
            tl_y: 112
            pyramid_level: 0
            features:
               - [ 23, 20, 0 ]
               - [ 64, 88, 1 ]
               - [ 9, 97, 6 ]
               - [ 69, 75, 1 ]
               - [ 0, 58, 0 ]
               - [ 26, 1, 1 ]
               - [ 5, 45, 1 ]
               - [ 43, 12, 2 ]
               - [ 48, 97, 3 ]
               - [ 57, 40, 0 ]
               - [ 23, 108, 5 ]
               - [ 36, 107, 2 ]
               - [ 0, 74, 0 ]
               - [ 66, 54, 5 ]
               - [ 59, 21, 1 ]
               - [ 20, 34, 3 ]
               - [ 37, 0, 0 ]
               - [ 58, 8, 5 ]
               - [ 72, 62, 0 ]
               - [ 31, 27, 2 ]
         -
            width: 36
            height: 54
            tl_x: 53
            tl_y: 56
            pyramid_level: 1
            features:
               - [ 35, 36, 1 ]
               - [ 0, 30, 0 ]
               - [ 6, 50, 6 ]
               - [ 26, 48, 3 ]
               - [ 29, 13, 0 ]
               - [ 13, 1, 1 ]
               - [ 8, 18, 3 ]
               - [ 29, 22, 7 ]
               - [ 23, 5, 3 ]
               - [ 19, 52, 2 ]
   -
      template_id: 4
      templates:
         -
            width: 73
            height: 119
            tl_x: 106
            tl_y: 102
            pyramid_level: 0
            features:
               - [ 68, 94, 1 ]
               - [ 22, 11, 1 ]
               - [ 21, 33, 0 ]
               - [ 56, 47, 0 ]
               - [ 1, 71, 0 ]
               - [ 71, 83, 1 ]
               - [ 8, 53, 2 ]
               - [ 32, 20, 1 ]
               - [ 30, 119, 5 ]
               - [ 54, 105, 3 ]
               - [ 45, 111, 2 ]
               - [ 14, 110, 6 ]
               - [ 58, 22, 1 ]
               - [ 26, 0, 1 ]
               - [ 66, 61, 5 ]
               - [ 73, 71, 0 ]
               - [ 56, 32, 0 ]
               - [ 16, 47, 3 ]
               - [ 33, 10, 0 ]
               - [ 3, 62, 1 ]
         -
            width: 36
            height: 59
            tl_x: 53
            tl_y: 51
            pyramid_level: 1
            features:
               - [ 11, 6, 1 ]
               - [ 35, 44, 1 ]
               - [ 1, 33, 1 ]
               - [ 28, 16, 0 ]
               - [ 28, 52, 3 ]
               - [ 14, 59, 5 ]
               - [ 5, 52, 6 ]
               - [ 30, 28, 6 ]
               - [ 6, 25, 2 ]
               - [ 22, 9, 3 ]
   -
      template_id: 5
      templates:
         -
            width: 72
            height: 118
            tl_x: 108
            tl_y: 102
            pyramid_level: 0
            features:
               - [ 16, 30, 0 ]
               - [ 53, 45, 7 ]
               - [ 69, 91, 1 ]
               - [ 71, 79, 0 ]
               - [ 32, 24, 2 ]
               - [ 50, 107, 2 ]
               - [ 1, 82, 7 ]
               - [ 5, 56, 2 ]
               - [ 18, 112, 6 ]
               - [ 16, 12, 0 ]
               - [ 29, 118, 5 ]
               - [ 1, 67, 0 ]
               - [ 62, 100, 3 ]
               - [ 72, 69, 0 ]
               - [ 17, 46, 3 ]
               - [ 19, 1, 1 ]
               - [ 53, 19, 0 ]
               - [ 64, 58, 4 ]
               - [ 40, 16, 3 ]
               - [ 26, 7, 7 ]
               - [ 11, 105, 6 ]
         -
            width: 36
            height: 59
            tl_x: 54
            tl_y: 51
            pyramid_level: 1
            features:
               - [ 26, 13, 0 ]
               - [ 1, 32, 1 ]
               - [ 8, 6, 0 ]
               - [ 35, 43, 0 ]
               - [ 36, 34, 0 ]
               - [ 9, 56, 6 ]
               - [ 29, 51, 3 ]
               - [ 7, 24, 2 ]
               - [ 27, 24, 7 ]
               - [ 18, 10, 2 ]
               - [ 8, 14, 0 ]
   -
      template_id: 6
      templates:
         -
            width: 71
            height: 115
            tl_x: 110
            tl_y: 104
