%YAML:1.0
---
class_id: "back0warp84.png"
pyramid_levels: 2
template_pyramids:
   -
      template_id: 0
      templates:
         -
            width: 62
            height: 110
            tl_x: 100
            tl_y: 106
            pyramid_level: 0
            features:
               - [ 59, 43, 1 ]
               - [ 1, 71, 7 ]
               - [ 57, 102, 1 ]
               - [ 1, 42, 1 ]
               - [ 58, 66, 7 ]
               - [ 62, 88, 1 ]
               - [ 62, 30, 7 ]
               - [ 51, 2, 1 ]
               - [ 57, 53, 0 ]
               - [ 5, 87, 7 ]
               - [ 38, 9, 1 ]
               - [ 47, 14, 1 ]
               - [ 18, 110, 6 ]
               - [ 9, 97, 7 ]
               - [ 32, 110, 3 ]
               - [ 5, 27, 1 ]
               - [ 31, 19, 5 ]
               - [ 12, 18, 2 ]
               - [ 45, 108, 5 ]
               - [ 42, 0, 2 ]
               - [ 22, 15, 5 ]
         -
            width: 31
            height: 55
            tl_x: 50
            tl_y: 53
            pyramid_level: 1
            features:
               - [ 29, 24, 0 ]
               - [ 1, 38, 7 ]
               - [ 30, 47, 1 ]
               - [ 5, 49, 7 ]
               - [ 1, 18, 1 ]
               - [ 29, 33, 7 ]
               - [ 19, 4, 1 ]
               - [ 16, 55, 3 ]
               - [ 29, 12, 6 ]
               - [ 5, 10, 2 ]
   -
      template_id: 1
      templates:
         -
            width: 64
            height: 118
            tl_x: 100
            tl_y: 100
            pyramid_level: 0
            features:
               - [ 59, 70, 7 ]
               - [ 0, 50, 0 ]
               - [ 2, 76, 0 ]
               - [ 61, 106, 1 ]
               - [ 64, 94, 1 ]
               - [ 34, 15, 0 ]
               - [ 58, 47, 1 ]
               - [ 8, 96, 7 ]
               - [ 54, 27, 5 ]
               - [ 45, 15, 1 ]
               - [ 23, 117, 6 ]
               - [ 13, 105, 7 ]
               - [ 18, 22, 4 ]
               - [ 6, 29, 2 ]
               - [ 28, 25, 5 ]
               - [ 34, 118, 2 ]
               - [ 41, 1, 3 ]
               - [ 45, 112, 4 ]
               - [ 57, 61, 7 ]
               - [ 4, 85, 7 ]
               - [ 60, 34, 7 ]
               - [ 2, 38, 1 ]
         -
            width: 32
            height: 59
            tl_x: 50
            tl_y: 50
            pyramid_level: 1
            features:
               - [ 32, 47, 1 ]
               - [ 2, 42, 7 ]
               - [ 29, 23, 1 ]
               - [ 10, 57, 6 ]
               - [ 29, 33, 7 ]
               - [ 1, 19, 1 ]
               - [ 23, 5, 0 ]
               - [ 12, 12, 5 ]
               - [ 23, 56, 4 ]
               - [ 26, 13, 5 ]
   -
      template_id: 2
      templates:
         -
            width: 68
            height: 114
            tl_x: 98
            tl_y: 102
            pyramid_level: 0
            features:
               - [ 5, 76, 7 ]
               - [ 1, 54, 0 ]
               - [ 68, 96, 1 ]
               - [ 62, 66, 7 ]
               - [ 13, 95, 7 ]
               - [ 59, 40, 1 ]
               - [ 59, 29, 6 ]
               - [ 32, 14, 0 ]
               - [ 20, 106, 6 ]
               - [ 43, 12, 0 ]
               - [ 47, 22, 4 ]
               - [ 28, 24, 5 ]
               - [ 2, 39, 0 ]
               - [ 56, 109, 4 ]
               - [ 8, 26, 2 ]
               - [ 34, 3, 1 ]
               - [ 45, 112, 2 ]
               - [ 59, 57, 7 ]
               - [ 43, 0, 0 ]
               - [ 16, 21, 4 ]
         -
            width: 34
            height: 57
            tl_x: 49
            tl_y: 51
            pyramid_level: 1
            features:
               - [ 34, 48, 0 ]
               - [ 14, 57, 6 ]
               - [ 29, 24, 0 ]
               - [ 1, 20, 0 ]
               - [ 11, 11, 5 ]
               - [ 33, 36, 6 ]
               - [ 17, 2, 1 ]
               - [ 28, 13, 6 ]
               - [ 24, 55, 3 ]
               - [ 8, 50, 7 ]
   -
      template_id: 3
      templates:
         -
            width: 70
            height: 117
            tl_x: 98
            tl_y: 100
            pyramid_level: 0
            features:
               - [ 1, 59, 7 ]
               - [ 7, 81, 7 ]
               - [ 70, 102, 1 ]
               - [ 57, 48, 0 ]
               - [ 39, 8, 0 ]
               - [ 17, 100, 7 ]
               - [ 28, 17, 0 ]
               - [ 62, 65, 7 ]
               - [ 58, 36, 1 ]
               - [ 43, 23, 4 ]
               - [ 1, 41, 1 ]
               - [ 31, 115, 6 ]
               - [ 53, 110, 3 ]
               - [ 23, 26, 5 ]
               - [ 13, 25, 4 ]
               - [ 33, 0, 2 ]
               - [ 52, 25, 6 ]
               - [ 46, 117, 2 ]
               - [ 24, 109, 6 ]
               - [ 63, 109, 4 ]
         -
            width: 35
            height: 58
            tl_x: 49
            tl_y: 50
            pyramid_level: 1
            features:
               - [ 5, 44, 7 ]
               - [ 30, 30, 7 ]
               - [ 14, 6, 0 ]
               - [ 15, 57, 6 ]
               - [ 35, 50, 1 ]
               - [ 29, 19, 0 ]
               - [ 0, 24, 0 ]
               - [ 24, 57, 2 ]
               - [ 2, 16, 1 ]
               - [ 25, 12, 5 ]
               - [ 10, 13, 4 ]
   -
      template_id: 4
      templates:
         -
            width: 76
            height: 111
            tl_x: 96
            tl_y: 104
            pyramid_level: 0
            features:
               - [ 11, 80, 7 ]
               - [ 3, 58, 7 ]
               - [ 76, 83, 0 ]
               - [ 58, 42, 0 ]
               - [ 63, 56, 7 ]
               - [ 70, 64, 6 ]
               - [ 75, 97, 1 ]
               - [ 53, 21, 6 ]
               - [ 36, 2, 0 ]
               - [ 26, 13, 0 ]
               - [ 36, 14, 1 ]
               - [ 38, 111, 5 ]
               - [ 23, 98, 6 ]
               - [ 1, 41, 0 ]
               - [ 54, 110, 1 ]
               - [ 12, 23, 3 ]
               - [ 22, 23, 4 ]
               - [ 63, 103, 4 ]
               - [ 17, 90, 7 ]
               - [ 58, 29, 0 ]
               - [ 27, 1, 1 ]
               - [ 30, 105, 6 ]
               - [ 3, 32, 1 ]
         -
            width: 38
            height: 55
            tl_x: 48
            tl_y: 52
            pyramid_level: 1
            features:
               - [ 29, 20, 0 ]
               - [ 38, 41, 0 ]
               - [ 13, 5, 0 ]
               - [ 27, 55, 2 ]
               - [ 10, 47, 6 ]
               - [ 18, 55, 5 ]
               - [ 1, 18, 1 ]
               - [ 26, 10, 5 ]
               - [ 31, 27, 7 ]
               - [ 33, 51, 4 ]
               - [ 9, 11, 4 ]
   -
      template_id: 5
      templates:
         -
            width: 78
            height: 112
            tl_x: 96
            tl_y: 104
            pyramid_level: 0
            features:
               - [ 13, 82, 7 ]
               - [ 3, 60, 7 ]
               - [ 78, 79, 0 ]
               - [ 63, 54, 7 ]
               - [ 56, 37, 0 ]
               - [ 53, 22, 6 ]
               - [ 31, 1, 7 ]
               - [ 78, 94, 1 ]
               - [ 26, 98, 6 ]
               - [ 38, 18, 3 ]
               - [ 22, 12, 7 ]
               - [ 0, 44, 0 ]
               - [ 34, 105, 6 ]
               - [ 45, 112, 5 ]
               - [ 60, 106, 2 ]
               - [ 10, 25, 3 ]
               - [ 68, 100, 3 ]
               - [ 22, 25, 4 ]
               - [ 22, 2, 1 ]
               - [ 1, 35, 1 ]
               - [ 33, 10, 0 ]
         -
            width: 39
            height: 56
            tl_x: 48
            tl_y: 52
            pyramid_level: 1
            features:
               - [ 39, 40, 0 ]
               - [ 28, 18, 0 ]
               - [ 31, 26, 7 ]
               - [ 21, 55, 5 ]
               - [ 12, 48, 6 ]
               - [ 0, 21, 0 ]
               - [ 11, 6, 0 ]
               - [ 25, 10, 5 ]
               - [ 30, 53, 2 ]
               - [ 7, 12, 4 ]
   -
      template_id: 6
