%YAML:1.0
---
class_id: "back0warp41.png"
pyramid_levels: 2
template_pyramids:
   -
      template_id: 0
      templates:
         -
            width: 94
            height: 108
            tl_x: 100
            tl_y: 100
            pyramid_level: 0
            features:
               - [ 36, 17, 5 ]
               - [ 48, 11, 1 ]
               - [ 12, 18, 2 ]
               - [ 83, 65, 7 ]
               - [ 84, 27, 6 ]
               - [ 81, 49, 1 ]
               - [ 2, 60, 7 ]
               - [ 69, 21, 4 ]
               - [ 15, 87, 6 ]
               - [ 1, 37, 1 ]
               - [ 27, 99, 5 ]
               - [ 46, 99, 4 ]
               - [ 8, 76, 7 ]
               - [ 60, 1, 3 ]
               - [ 66, 108, 6 ]
               - [ 94, 78, 6 ]
               - [ 90, 98, 1 ]
               - [ 53, 22, 4 ]
               - [ 25, 14, 4 ]
               - [ 89, 37, 2 ]
         -
            width: 47
            height: 54
            tl_x: 50
            tl_y: 50
            pyramid_level: 1
            features:
               - [ 2, 33, 7 ]
               - [ 37, 11, 5 ]
               - [ 2, 14, 1 ]
               - [ 25, 50, 5 ]
               - [ 45, 37, 6 ]
               - [ 16, 8, 5 ]
               - [ 10, 47, 6 ]
               - [ 29, 1, 3 ]
               - [ 45, 49, 1 ]
               - [ 41, 23, 1 ]
   -
      template_id: 1
      templates:
         -
            width: 100
            height: 104
            tl_x: 98
            tl_y: 102
            pyramid_level: 0
            features:
               - [ 38, 17, 5 ]
               - [ 7, 68, 7 ]
               - [ 21, 89, 6 ]
               - [ 1, 43, 0 ]
               - [ 52, 97, 4 ]
               - [ 47, 7, 1 ]
               - [ 14, 17, 3 ]
               - [ 72, 18, 4 ]
               - [ 83, 41, 1 ]
               - [ 64, 7, 1 ]
               - [ 87, 62, 6 ]
               - [ 65, 101, 5 ]
               - [ 86, 24, 6 ]
               - [ 34, 99, 4 ]
               - [ 99, 73, 5 ]
               - [ 5, 27, 1 ]
               - [ 86, 104, 3 ]
               - [ 51, 20, 4 ]
               - [ 13, 79, 7 ]
               - [ 26, 15, 4 ]
               - [ 99, 85, 1 ]
         -
            width: 50
            height: 52
            tl_x: 49
            tl_y: 51
            pyramid_level: 1
            features:
               - [ 3, 33, 7 ]
               - [ 36, 9, 4 ]
               - [ 17, 8, 5 ]
               - [ 11, 45, 6 ]
               - [ 31, 50, 5 ]
               - [ 42, 28, 7 ]
               - [ 1, 18, 0 ]
               - [ 27, 0, 3 ]
               - [ 50, 41, 1 ]
               - [ 21, 49, 4 ]
   -
      template_id: 2
      templates:
         -
            width: 101
            height: 105
            tl_x: 98
            tl_y: 100
            pyramid_level: 0
            features:
               - [ 22, 19, 4 ]
               - [ 66, 18, 4 ]
               - [ 2, 58, 0 ]
               - [ 42, 13, 1 ]
               - [ 85, 57, 7 ]
               - [ 83, 23, 5 ]
               - [ 8, 25, 2 ]
               - [ 9, 75, 7 ]
               - [ 96, 68, 6 ]
               - [ 52, 0, 3 ]
               - [ 58, 99, 4 ]
               - [ 26, 95, 6 ]
               - [ 37, 102, 4 ]
               - [ 79, 105, 5 ]
               - [ 82, 40, 1 ]
               - [ 1, 42, 0 ]
               - [ 101, 85, 1 ]
               - [ 95, 97, 1 ]
               - [ 33, 20, 4 ]
               - [ 49, 22, 3 ]
         -
            width: 50
            height: 52
            tl_x: 49
            tl_y: 50
            pyramid_level: 1
            features:
               - [ 32, 50, 5 ]
               - [ 7, 41, 6 ]
               - [ 16, 10, 4 ]
               - [ 34, 9, 4 ]
               - [ 48, 34, 6 ]
               - [ 19, 51, 4 ]
               - [ 1, 18, 1 ]
               - [ 41, 21, 0 ]
               - [ 49, 46, 1 ]
               - [ 25, 1, 2 ]
   -
      template_id: 3
      templates:
         -
            width: 104
            height: 105
            tl_x: 98
            tl_y: 98
            pyramid_level: 0
            features:
               - [ 0, 55, 0 ]
               - [ 63, 19, 4 ]
               - [ 28, 98, 6 ]
               - [ 33, 24, 4 ]
               - [ 97, 66, 5 ]
               - [ 17, 24, 4 ]
               - [ 11, 81, 7 ]
               - [ 81, 23, 5 ]
               - [ 85, 56, 6 ]
               - [ 6, 30, 2 ]
               - [ 43, 105, 4 ]
               - [ 62, 100, 4 ]
               - [ 39, 13, 0 ]
               - [ 80, 42, 0 ]
               - [ 49, 1, 3 ]
               - [ 79, 103, 5 ]
               - [ 97, 98, 1 ]
               - [ 104, 79, 0 ]
               - [ 55, 11, 1 ]
               - [ 1, 40, 1 ]
         -
            width: 52
            height: 52
            tl_x: 49
            tl_y: 49
            pyramid_level: 1
            features:
               - [ 14, 49, 6 ]
               - [ 37, 51, 5 ]
               - [ 9, 12, 4 ]
               - [ 4, 38, 7 ]
               - [ 47, 32, 5 ]
               - [ 37, 10, 5 ]
               - [ 50, 46, 1 ]
               - [ 20, 5, 1 ]
               - [ 26, 51, 3 ]
               - [ 40, 21, 0 ]
   -
      template_id: 4
      templates:
         -
            width: 104
            height: 104
            tl_x: 98
            tl_y: 100
            pyramid_level: 0
            features:
               - [ 0, 57, 7 ]
               - [ 60, 16, 3 ]
               - [ 35, 14, 0 ]
               - [ 4, 32, 2 ]
               - [ 13, 82, 6 ]
               - [ 77, 18, 5 ]
               - [ 15, 25, 3 ]
               - [ 66, 97, 4 ]
               - [ 32, 98, 5 ]
               - [ 51, 9, 1 ]
               - [ 96, 59, 5 ]
               - [ 79, 39, 0 ]
               - [ 46, 104, 4 ]
               - [ 43, 0, 2 ]
               - [ 85, 99, 5 ]
               - [ 86, 53, 6 ]
               - [ 104, 81, 0 ]
               - [ 40, 24, 3 ]
               - [ 80, 29, 1 ]
               - [ 101, 91, 1 ]
         -
            width: 52
            height: 52
            tl_x: 49
            tl_y: 50
            pyramid_level: 1
            features:
               - [ 12, 12, 4 ]
               - [ 16, 49, 5 ]
               - [ 49, 30, 5 ]
               - [ 30, 8, 4 ]
               - [ 5, 39, 6 ]
               - [ 39, 49, 4 ]
               - [ 0, 21, 0 ]
               - [ 51, 44, 1 ]
               - [ 40, 15, 1 ]
               - [ 28, 50, 3 ]
   -
      template_id: 5
      templates:
         -
            width: 107
            height: 100
            tl_x: 98
            tl_y: 104
            pyramid_level: 0
            features:
               - [ 0, 57, 7 ]
               - [ 51, 13, 3 ]
               - [ 13, 24, 3 ]
               - [ 85, 45, 6 ]
               - [ 74, 12, 5 ]
               - [ 98, 52, 5 ]
               - [ 9, 74, 6 ]
               - [ 35, 95, 5 ]
               - [ 3, 31, 2 ]
               - [ 68, 92, 3 ]
               - [ 51, 100, 3 ]
               - [ 34, 2, 1 ]
               - [ 22, 87, 6 ]
               - [ 77, 31, 0 ]
               - [ 89, 92, 4 ]
               - [ 32, 16, 7 ]
               - [ 47, 0, 0 ]
               - [ 107, 63, 0 ]
               - [ 104, 82, 1 ]
               - [ 24, 22, 4 ]
         -
            width: 53
            height: 50
            tl_x: 49
            tl_y: 52
            pyramid_level: 1
            features:
               - [ 11, 11, 4 ]
               - [ 18, 48, 5 ]
               - [ 8, 41, 6 ]
               - [ 34, 46, 3 ]
               - [ 49, 26, 5 ]
               - [ 32, 5, 4 ]
               - [ 39, 17, 7 ]
               - [ 0, 19, 1 ]
               - [ 52, 40, 1 ]
               - [ 17, 1, 1 ]
   -
      template_id: 6
      templates:
         -
            width: 110
            height: 102
            tl_x: 96
            tl_y: 102
            pyramid_level: 0
            features:
               - [ 3, 64, 7 ]
               - [ 50, 15, 3 ]
