%YAML:1.0
---
class_id: "back0warp69.png"
pyramid_levels: 2
template_pyramids:
   -
      template_id: 0
      templates:
         -
            width: 92
            height: 118
            tl_x: 100
            tl_y: 100
            pyramid_level: 0
            features:
               - [ 52, 20, 1 ]
               - [ 92, 93, 1 ]
               - [ 7, 41, 1 ]
               - [ 85, 48, 1 ]
               - [ 70, 15, 1 ]
               - [ 88, 30, 6 ]
               - [ 1, 72, 7 ]
               - [ 58, 8, 2 ]
               - [ 89, 76, 6 ]
               - [ 14, 107, 6 ]
               - [ 83, 110, 2 ]
               - [ 44, 117, 3 ]
               - [ 40, 26, 5 ]
               - [ 67, 116, 5 ]
               - [ 83, 63, 0 ]
               - [ 2, 55, 0 ]
               - [ 7, 95, 7 ]
               - [ 16, 30, 2 ]
               - [ 68, 1, 3 ]
               - [ 3, 84, 7 ]
               - [ 66, 26, 3 ]
         -
            width: 46
            height: 59
            tl_x: 50
            tl_y: 50
            pyramid_level: 1
            features:
               - [ 6, 52, 7 ]
               - [ 45, 49, 1 ]
               - [ 20, 13, 4 ]
               - [ 2, 24, 1 ]
               - [ 43, 23, 1 ]
               - [ 1, 40, 0 ]
               - [ 33, 58, 4 ]
               - [ 21, 59, 3 ]
               - [ 29, 4, 2 ]
               - [ 42, 34, 7 ]
   -
      template_id: 1
      templates:
         -
            width: 92
            height: 114
            tl_x: 102
            tl_y: 104
            pyramid_level: 0
            features:
               - [ 47, 13, 1 ]
               - [ 0, 72, 7 ]
               - [ 92, 87, 1 ]
               - [ 42, 24, 4 ]
               - [ 54, 0, 2 ]
               - [ 64, 9, 1 ]
               - [ 82, 22, 6 ]
               - [ 47, 113, 3 ]
               - [ 15, 104, 6 ]
               - [ 26, 114, 6 ]
               - [ 81, 43, 1 ]
               - [ 70, 110, 4 ]
               - [ 85, 103, 1 ]
               - [ 5, 37, 1 ]
               - [ 81, 56, 7 ]
               - [ 8, 94, 7 ]
               - [ 86, 67, 6 ]
               - [ 22, 23, 3 ]
               - [ 0, 51, 0 ]
               - [ 3, 84, 7 ]
               - [ 59, 109, 4 ]
         -
            width: 46
            height: 57
            tl_x: 51
            tl_y: 52
            pyramid_level: 1
            features:
               - [ 13, 57, 6 ]
               - [ 46, 44, 1 ]
               - [ 1, 22, 1 ]
               - [ 24, 5, 1 ]
               - [ 41, 20, 1 ]
               - [ 1, 40, 7 ]
               - [ 34, 55, 4 ]
               - [ 23, 57, 3 ]
               - [ 10, 12, 3 ]
               - [ 6, 50, 6 ]
               - [ 45, 35, 6 ]
               - [ 41, 11, 5 ]
   -
      template_id: 2
      templates:
         -
            width: 95
            height: 116
            tl_x: 102
            tl_y: 100
            pyramid_level: 0
            features:
               - [ 43, 19, 0 ]
               - [ 95, 85, 1 ]
               - [ 24, 115, 5 ]
               - [ 88, 68, 6 ]
               - [ 2, 48, 1 ]
               - [ 84, 32, 1 ]
               - [ 1, 78, 7 ]
               - [ 58, 15, 1 ]
               - [ 59, 113, 3 ]
               - [ 89, 103, 1 ]
               - [ 14, 105, 6 ]
               - [ 76, 112, 4 ]
               - [ 20, 29, 3 ]
               - [ 74, 21, 4 ]
               - [ 53, 0, 2 ]
               - [ 0, 64, 0 ]
               - [ 33, 28, 4 ]
               - [ 81, 57, 7 ]
               - [ 7, 94, 7 ]
               - [ 9, 36, 2 ]
         -
            width: 47
            height: 58
            tl_x: 51
            tl_y: 50
            pyramid_level: 1
            features:
               - [ 14, 14, 4 ]
               - [ 2, 22, 1 ]
               - [ 41, 18, 1 ]
               - [ 32, 56, 4 ]
               - [ 47, 44, 1 ]
               - [ 13, 58, 6 ]
               - [ 2, 44, 7 ]
               - [ 30, 5, 1 ]
               - [ 41, 30, 7 ]
               - [ 6, 51, 6 ]
               - [ 22, 7, 1 ]
   -
      template_id: 3
      templates:
         -
            width: 97
            height: 114
            tl_x: 102
            tl_y: 104
            pyramid_level: 0
            features:
               - [ 2, 76, 7 ]
               - [ 1, 48, 1 ]
               - [ 39, 15, 0 ]
               - [ 75, 16, 5 ]
               - [ 43, 1, 1 ]
               - [ 31, 114, 5 ]
               - [ 54, 10, 1 ]
               - [ 65, 107, 3 ]
               - [ 97, 76, 0 ]
               - [ 88, 60, 5 ]
               - [ 92, 96, 1 ]
               - [ 78, 37, 0 ]
               - [ 80, 105, 4 ]
               - [ 80, 49, 7 ]
               - [ 7, 88, 7 ]
               - [ 22, 26, 4 ]
               - [ 15, 100, 6 ]
               - [ 0, 63, 0 ]
               - [ 11, 31, 2 ]
               - [ 34, 25, 4 ]
               - [ 46, 24, 3 ]
         -
            width: 48
            height: 57
            tl_x: 51
            tl_y: 52
            pyramid_level: 1
            features:
               - [ 3, 43, 7 ]
               - [ 14, 56, 5 ]
               - [ 48, 41, 0 ]
               - [ 1, 23, 1 ]
               - [ 40, 14, 1 ]
               - [ 12, 13, 4 ]
               - [ 20, 4, 1 ]
               - [ 35, 53, 4 ]
               - [ 42, 28, 6 ]
               - [ 31, 8, 3 ]
   -
      template_id: 4
      templates:
         -
            width: 98
            height: 125
            tl_x: 102
            tl_y: 98
            pyramid_level: 0
            features:
               - [ 36, 25, 7 ]
               - [ 4, 86, 7 ]
               - [ 34, 120, 5 ]
               - [ 98, 81, 0 ]
               - [ 78, 28, 1 ]
               - [ 1, 55, 1 ]
               - [ 38, 8, 1 ]
               - [ 50, 15, 1 ]
               - [ 68, 112, 3 ]
               - [ 89, 63, 5 ]
               - [ 90, 106, 3 ]
               - [ 25, 33, 3 ]
               - [ 77, 46, 7 ]
               - [ 58, 121, 2 ]
               - [ 50, 1, 7 ]
               - [ 13, 102, 6 ]
               - [ 9, 40, 2 ]
               - [ 69, 19, 5 ]
               - [ 96, 95, 0 ]
               - [ 46, 125, 5 ]
               - [ 1, 74, 7 ]
               - [ 21, 111, 6 ]
         -
            width: 49
            height: 62
            tl_x: 51
            tl_y: 49
            pyramid_level: 1
            features:
               - [ 49, 42, 0 ]
               - [ 17, 60, 5 ]
               - [ 19, 4, 1 ]
               - [ 0, 30, 0 ]
               - [ 41, 54, 4 ]
               - [ 30, 59, 2 ]
               - [ 10, 17, 3 ]
               - [ 40, 27, 7 ]
               - [ 36, 10, 5 ]
               - [ 10, 55, 6 ]
               - [ 38, 19, 0 ]
               - [ 3, 22, 2 ]
   -
      template_id: 5
      templates:
         -
            width: 99
            height: 120
            tl_x: 102
            tl_y: 100
            pyramid_level: 0
            features:
               - [ 32, 20, 0 ]
               - [ 10, 94, 7 ]
               - [ 26, 32, 4 ]
               - [ 75, 23, 1 ]
               - [ 0, 60, 0 ]
               - [ 40, 119, 5 ]
               - [ 33, 7, 1 ]
               - [ 46, 12, 0 ]
               - [ 89, 57, 5 ]
               - [ 99, 85, 0 ]
               - [ 73, 107, 3 ]
               - [ 92, 101, 3 ]
               - [ 78, 47, 6 ]
               - [ 27, 112, 6 ]
               - [ 2, 76, 7 ]
               - [ 6, 43, 2 ]
               - [ 66, 15, 4 ]
               - [ 64, 116, 2 ]
               - [ 45, 0, 7 ]
               - [ 74, 33, 0 ]
               - [ 14, 36, 3 ]
               - [ 16, 102, 6 ]
               - [ 99, 75, 0 ]
         -
            width: 49
            height: 60
            tl_x: 51
            tl_y: 50
            pyramid_level: 1
            features:
               - [ 21, 60, 5 ]
               - [ 37, 16, 0 ]
               - [ 13, 16, 3 ]
               - [ 1, 38, 7 ]
               - [ 41, 52, 3 ]
               - [ 10, 53, 6 ]
