%YAML:1.0
---
class_id: "back0warp123.png"
pyramid_levels: 2
template_pyramids:
   -
      template_id: 0
      templates:
         -
            width: 75
            height: 100
            tl_x: 100
            tl_y: 108
            pyramid_level: 0
            features:
               - [ 38, 22, 1 ]
               - [ 66, 40, 1 ]
               - [ 36, 96, 3 ]
               - [ 58, 1, 1 ]
               - [ 53, 91, 3 ]
               - [ 53, 14, 1 ]
               - [ 17, 42, 3 ]
               - [ 68, 74, 1 ]
               - [ 46, 5, 1 ]
               - [ 5, 56, 1 ]
               - [ 70, 31, 1 ]
               - [ 63, 82, 1 ]
               - [ 1, 68, 1 ]
               - [ 1, 84, 7 ]
               - [ 28, 37, 3 ]
               - [ 9, 98, 6 ]
               - [ 69, 57, 5 ]
               - [ 66, 15, 3 ]
               - [ 75, 16, 5 ]
               - [ 45, 93, 3 ]
         -
            width: 37
            height: 50
            tl_x: 50
            tl_y: 54
            pyramid_level: 1
            features:
               - [ 34, 37, 1 ]
               - [ 33, 20, 1 ]
               - [ 21, 47, 3 ]
               - [ 13, 19, 3 ]
               - [ 2, 29, 1 ]
               - [ 1, 43, 7 ]
               - [ 21, 6, 1 ]
               - [ 6, 50, 5 ]
               - [ 32, 8, 3 ]
               - [ 6, 23, 2 ]
               - [ 30, 43, 2 ]
   -
      template_id: 1
      templates:
         -
            width: 73
            height: 106
            tl_x: 102
            tl_y: 106
            pyramid_level: 0
            features:
               - [ 48, 15, 1 ]
               - [ 38, 98, 3 ]
               - [ 33, 28, 0 ]
               - [ 61, 86, 2 ]
               - [ 3, 63, 1 ]
               - [ 25, 40, 3 ]
               - [ 69, 72, 1 ]
               - [ 69, 25, 1 ]
               - [ 1, 84, 0 ]
               - [ 64, 37, 1 ]
               - [ 7, 98, 6 ]
               - [ 51, 93, 3 ]
               - [ 52, 1, 0 ]
               - [ 36, 16, 1 ]
               - [ 14, 46, 2 ]
               - [ 19, 106, 5 ]
               - [ 63, 50, 0 ]
               - [ 61, 15, 3 ]
               - [ 1, 73, 0 ]
               - [ 73, 62, 1 ]
               - [ 42, 4, 2 ]
         -
            width: 36
            height: 53
            tl_x: 51
            tl_y: 53
            pyramid_level: 1
            features:
               - [ 24, 47, 3 ]
               - [ 1, 34, 1 ]
               - [ 34, 37, 1 ]
               - [ 33, 16, 1 ]
               - [ 6, 24, 2 ]
               - [ 18, 8, 1 ]
               - [ 3, 48, 7 ]
               - [ 32, 26, 7 ]
               - [ 13, 20, 3 ]
               - [ 29, 8, 3 ]
   -
      template_id: 2
      templates:
         -
            width: 72
            height: 106
            tl_x: 104
            tl_y: 104
            pyramid_level: 0
            features:
               - [ 61, 87, 2 ]
               - [ 3, 91, 7 ]
               - [ 60, 43, 0 ]
               - [ 39, 101, 2 ]
               - [ 43, 16, 1 ]
               - [ 3, 66, 1 ]
               - [ 12, 50, 2 ]
               - [ 68, 73, 1 ]
               - [ 1, 78, 0 ]
               - [ 31, 18, 1 ]
               - [ 14, 106, 5 ]
               - [ 66, 21, 1 ]
               - [ 29, 30, 0 ]
               - [ 37, 4, 1 ]
               - [ 22, 43, 3 ]
               - [ 72, 61, 1 ]
               - [ 49, 95, 3 ]
               - [ 62, 32, 1 ]
               - [ 56, 15, 3 ]
               - [ 46, 0, 0 ]
         -
            width: 36
            height: 53
            tl_x: 52
            tl_y: 52
            pyramid_level: 1
            features:
               - [ 1, 35, 0 ]
               - [ 19, 51, 2 ]
               - [ 31, 16, 1 ]
               - [ 30, 44, 2 ]
               - [ 35, 34, 1 ]
               - [ 10, 22, 3 ]
               - [ 17, 5, 1 ]
               - [ 7, 53, 5 ]
               - [ 27, 8, 3 ]
               - [ 15, 11, 0 ]
   -
      template_id: 3
      templates:
         -
            width: 68
            height: 110
            tl_x: 108
            tl_y: 102
            pyramid_level: 0
            features:
               - [ 0, 87, 7 ]
               - [ 59, 88, 1 ]
               - [ 55, 41, 0 ]
               - [ 26, 13, 1 ]
               - [ 37, 10, 0 ]
               - [ 50, 95, 3 ]
               - [ 8, 54, 2 ]
               - [ 68, 63, 0 ]
               - [ 37, 105, 2 ]
               - [ 35, 20, 1 ]
               - [ 2, 65, 1 ]
               - [ 64, 77, 1 ]
               - [ 58, 24, 1 ]
               - [ 23, 32, 0 ]
               - [ 31, 1, 1 ]
               - [ 15, 110, 5 ]
               - [ 18, 46, 3 ]
               - [ 62, 55, 5 ]
               - [ 49, 15, 3 ]
               - [ 24, 22, 0 ]
         -
            width: 34
            height: 55
            tl_x: 54
            tl_y: 51
            pyramid_level: 1
            features:
               - [ 33, 35, 1 ]
               - [ 29, 12, 1 ]
               - [ 0, 37, 0 ]
               - [ 18, 53, 2 ]
               - [ 12, 11, 0 ]
               - [ 5, 26, 2 ]
               - [ 6, 54, 6 ]
               - [ 28, 23, 7 ]
               - [ 24, 48, 3 ]
               - [ 18, 7, 0 ]
   -
      template_id: 4
      templates:
         -
            width: 67
            height: 107
            tl_x: 110
            tl_y: 106
            pyramid_level: 0
            features:
               - [ 52, 36, 0 ]
               - [ 4, 94, 7 ]
               - [ 62, 77, 1 ]
               - [ 31, 1, 0 ]
               - [ 65, 66, 1 ]
               - [ 31, 10, 0 ]
               - [ 2, 60, 1 ]
               - [ 52, 89, 3 ]
               - [ 0, 80, 0 ]
               - [ 41, 98, 2 ]
               - [ 52, 26, 0 ]
               - [ 21, 7, 1 ]
               - [ 19, 25, 0 ]
               - [ 14, 44, 2 ]
               - [ 54, 14, 1 ]
               - [ 18, 107, 5 ]
               - [ 67, 53, 0 ]
               - [ 43, 10, 3 ]
               - [ 55, 45, 6 ]
               - [ 6, 52, 2 ]
               - [ 0, 68, 0 ]
               - [ 36, 17, 2 ]
               - [ 11, 103, 6 ]
         -
            width: 33
            height: 53
            tl_x: 55
            tl_y: 53
            pyramid_level: 1
            features:
               - [ 32, 35, 1 ]
               - [ 6, 23, 2 ]
               - [ 26, 13, 0 ]
               - [ 1, 30, 1 ]
               - [ 10, 6, 0 ]
               - [ 8, 53, 5 ]
               - [ 25, 45, 3 ]
               - [ 22, 5, 3 ]
               - [ 30, 24, 5 ]
               - [ 20, 50, 2 ]
   -
      template_id: 5
      templates:
         -
            width: 65
            height: 112
            tl_x: 112
            tl_y: 102
            pyramid_level: 0
            features:
               - [ 6, 100, 7 ]
               - [ 62, 79, 1 ]
               - [ 48, 35, 0 ]
               - [ 53, 91, 3 ]
               - [ 43, 101, 1 ]
               - [ 25, 7, 0 ]
               - [ 25, 20, 0 ]
               - [ 15, 14, 0 ]
               - [ 1, 66, 1 ]
               - [ 15, 30, 0 ]
               - [ 48, 25, 0 ]
               - [ 64, 68, 0 ]
               - [ 10, 51, 2 ]
               - [ 65, 57, 0 ]
               - [ 0, 83, 0 ]
               - [ 22, 112, 5 ]
               - [ 52, 46, 6 ]
               - [ 43, 10, 3 ]
               - [ 18, 1, 1 ]
               - [ 2, 91, 7 ]
               - [ 49, 16, 0 ]
               - [ 14, 22, 0 ]
               - [ 59, 50, 4 ]
         -
            width: 32
            height: 56
            tl_x: 56
            tl_y: 51
            pyramid_level: 1
            features:
               - [ 24, 13, 0 ]
               - [ 31, 39, 1 ]
               - [ 0, 40, 0 ]
               - [ 20, 53, 1 ]
               - [ 3, 28, 2 ]
               - [ 11, 56, 5 ]
               - [ 7, 11, 0 ]
               - [ 26, 46, 2 ]
               - [ 25, 21, 7 ]
               - [ 18, 7, 2 ]
   -
      template_id: 6
      templates:
         -
            width: 64
