%YAML:1.0
---
class_id: "back0warp128.png"
pyramid_levels: 2
template_pyramids:
   -
      template_id: 0
      templates:
         -
            width: 95
            height: 85
            tl_x: 100
            tl_y: 104
            pyramid_level: 0
            features:
               - [ 57, 83, 5 ]
               - [ 33, 82, 5 ]
               - [ 93, 74, 2 ]
               - [ 46, 19, 5 ]
               - [ 91, 26, 6 ]
               - [ 86, 47, 1 ]
               - [ 21, 74, 6 ]
               - [ 5, 54, 7 ]
               - [ 12, 65, 6 ]
               - [ 76, 21, 4 ]
               - [ 27, 13, 4 ]
               - [ 86, 60, 7 ]
               - [ 81, 85, 3 ]
               - [ 76, 7, 1 ]
               - [ 60, 1, 2 ]
               - [ 11, 16, 3 ]
               - [ 3, 25, 1 ]
               - [ 60, 18, 4 ]
               - [ 95, 37, 2 ]
               - [ 1, 43, 0 ]
               - [ 46, 82, 4 ]
         -
            width: 47
            height: 42
            tl_x: 50
            tl_y: 52
            pyramid_level: 1
            features:
               - [ 30, 42, 5 ]
               - [ 1, 23, 7 ]
               - [ 19, 8, 5 ]
               - [ 45, 39, 2 ]
               - [ 13, 39, 6 ]
               - [ 41, 11, 5 ]
               - [ 8, 7, 3 ]
               - [ 44, 22, 2 ]
               - [ 31, 0, 3 ]
               - [ 1, 14, 1 ]
   -
      template_id: 1
      templates:
         -
            width: 94
            height: 88
            tl_x: 100
            tl_y: 100
            pyramid_level: 0
            features:
               - [ 93, 78, 2 ]
               - [ 64, 87, 4 ]
               - [ 36, 21, 5 ]
               - [ 28, 83, 5 ]
               - [ 94, 30, 6 ]
               - [ 13, 71, 6 ]
               - [ 5, 60, 7 ]
               - [ 40, 88, 4 ]
               - [ 86, 57, 7 ]
               - [ 58, 3, 2 ]
               - [ 78, 23, 4 ]
               - [ 14, 21, 3 ]
               - [ 73, 8, 1 ]
               - [ 50, 14, 1 ]
               - [ 1, 35, 1 ]
               - [ 58, 25, 3 ]
               - [ 25, 19, 4 ]
               - [ 94, 67, 5 ]
               - [ 87, 46, 1 ]
               - [ 51, 86, 4 ]
         -
            width: 47
            height: 44
            tl_x: 50
            tl_y: 50
            pyramid_level: 1
            features:
               - [ 15, 10, 4 ]
               - [ 30, 43, 4 ]
               - [ 13, 41, 5 ]
               - [ 6, 35, 6 ]
               - [ 41, 12, 5 ]
               - [ 32, 0, 3 ]
               - [ 1, 16, 1 ]
               - [ 47, 38, 2 ]
               - [ 43, 28, 7 ]
               - [ 2, 29, 7 ]
               - [ 6, 11, 3 ]
               - [ 20, 44, 4 ]
               - [ 26, 5, 1 ]
   -
      template_id: 2
      templates:
         -
            width: 97
            height: 87
            tl_x: 100
            tl_y: 100
            pyramid_level: 0
            features:
               - [ 97, 72, 1 ]
               - [ 62, 85, 4 ]
               - [ 36, 87, 5 ]
               - [ 91, 25, 6 ]
               - [ 43, 24, 4 ]
               - [ 50, 87, 3 ]
               - [ 8, 66, 6 ]
               - [ 19, 77, 6 ]
               - [ 69, 21, 4 ]
               - [ 91, 60, 6 ]
               - [ 88, 83, 2 ]
               - [ 86, 46, 0 ]
               - [ 18, 22, 3 ]
               - [ 1, 53, 7 ]
               - [ 70, 5, 0 ]
               - [ 48, 12, 1 ]
               - [ 7, 27, 2 ]
               - [ 57, 0, 3 ]
               - [ 0, 40, 0 ]
               - [ 32, 22, 4 ]
               - [ 91, 36, 2 ]
               - [ 54, 25, 3 ]
         -
            width: 48
            height: 43
            tl_x: 50
            tl_y: 50
            pyramid_level: 1
            features:
               - [ 47, 38, 2 ]
               - [ 15, 42, 5 ]
               - [ 4, 33, 6 ]
               - [ 42, 11, 5 ]
               - [ 13, 11, 4 ]
               - [ 27, 43, 3 ]
               - [ 24, 6, 1 ]
               - [ 43, 23, 0 ]
               - [ 1, 17, 1 ]
               - [ 34, 5, 1 ]
   -
      template_id: 3
      templates:
         -
            width: 99
            height: 91
            tl_x: 100
            tl_y: 98
            pyramid_level: 0
            features:
               - [ 99, 70, 1 ]
               - [ 46, 91, 4 ]
               - [ 64, 86, 4 ]
               - [ 88, 23, 5 ]
               - [ 67, 21, 4 ]
               - [ 17, 78, 6 ]
               - [ 86, 43, 0 ]
               - [ 22, 26, 4 ]
               - [ 32, 87, 5 ]
               - [ 2, 59, 7 ]
               - [ 95, 60, 5 ]
               - [ 91, 33, 2 ]
               - [ 45, 14, 0 ]
               - [ 54, 1, 3 ]
               - [ 66, 7, 0 ]
               - [ 11, 29, 3 ]
               - [ 0, 44, 0 ]
               - [ 41, 27, 4 ]
               - [ 51, 27, 3 ]
               - [ 88, 54, 7 ]
               - [ 10, 72, 6 ]
         -
            width: 49
            height: 45
            tl_x: 50
            tl_y: 49
            pyramid_level: 1
            features:
               - [ 33, 43, 4 ]
               - [ 17, 44, 5 ]
               - [ 16, 13, 4 ]
               - [ 49, 36, 1 ]
               - [ 3, 33, 7 ]
               - [ 43, 11, 5 ]
               - [ 0, 23, 0 ]
               - [ 43, 22, 0 ]
               - [ 33, 4, 1 ]
               - [ 5, 15, 3 ]
               - [ 23, 6, 1 ]
   -
      template_id: 4
      templates:
         -
            width: 101
            height: 93
            tl_x: 100
            tl_y: 96
            pyramid_level: 0
            features:
               - [ 101, 67, 1 ]
               - [ 50, 93, 3 ]
               - [ 70, 86, 4 ]
               - [ 64, 22, 3 ]
               - [ 21, 30, 4 ]
               - [ 3, 65, 7 ]
               - [ 84, 21, 5 ]
               - [ 34, 90, 5 ]
               - [ 96, 58, 5 ]
               - [ 20, 83, 6 ]
               - [ 42, 23, 0 ]
               - [ 86, 40, 1 ]
               - [ 91, 29, 2 ]
               - [ 12, 77, 6 ]
               - [ 95, 78, 2 ]
               - [ 47, 6, 2 ]
               - [ 10, 34, 3 ]
               - [ 0, 49, 0 ]
               - [ 62, 10, 1 ]
               - [ 54, 0, 2 ]
               - [ 30, 29, 4 ]
               - [ 49, 29, 3 ]
         -
            width: 50
            height: 46
            tl_x: 50
            tl_y: 48
            pyramid_level: 1
            features:
               - [ 36, 43, 4 ]
               - [ 12, 15, 4 ]
               - [ 11, 42, 5 ]
               - [ 0, 26, 0 ]
               - [ 50, 35, 1 ]
               - [ 38, 10, 4 ]
               - [ 43, 20, 0 ]
               - [ 21, 9, 0 ]
               - [ 20, 46, 5 ]
               - [ 4, 36, 6 ]
               - [ 26, 1, 2 ]
   -
      template_id: 5
      templates:
         -
            width: 101
            height: 87
            tl_x: 100
            tl_y: 102
            pyramid_level: 0
            features:
               - [ 101, 60, 1 ]
               - [ 53, 87, 3 ]
               - [ 74, 78, 4 ]
               - [ 61, 15, 3 ]
               - [ 80, 12, 4 ]
               - [ 18, 27, 3 ]
               - [ 26, 81, 5 ]
               - [ 37, 85, 5 ]
               - [ 85, 31, 0 ]
               - [ 97, 48, 5 ]
               - [ 5, 64, 7 ]
               - [ 29, 25, 4 ]
               - [ 16, 75, 6 ]
               - [ 40, 18, 7 ]
               - [ 89, 20, 1 ]
               - [ 59, 0, 0 ]
               - [ 42, 2, 1 ]
               - [ 5, 35, 2 ]
               - [ 0, 48, 0 ]
               - [ 87, 41, 7 ]
         -
            width: 50
            height: 43
            tl_x: 50
            tl_y: 51
            pyramid_level: 1
            features:
               - [ 50, 31, 1 ]
               - [ 21, 43, 5 ]
               - [ 12, 40, 5 ]
               - [ 37, 39, 3 ]
               - [ 37, 6, 4 ]
               - [ 12, 13, 4 ]
               - [ 22, 0, 2 ]
               - [ 3, 17, 2 ]
               - [ 43, 13, 1 ]
