%YAML:1.0
---
class_id: "back0warp130.png"
pyramid_levels: 2
template_pyramids:
   -
      template_id: 0
      templates:
         -
            width: 82
            height: 85
            tl_x: 100
            tl_y: 102
            pyramid_level: 0
            features:
               - [ 76, 51, 1 ]
               - [ 34, 77, 5 ]
               - [ 11, 54, 7 ]
               - [ 47, 79, 5 ]
               - [ 48, 7, 1 ]
               - [ 37, 11, 5 ]
               - [ 76, 64, 7 ]
               - [ 59, 85, 5 ]
               - [ 25, 4, 5 ]
               - [ 69, 24, 5 ]
               - [ 75, 85, 2 ]
               - [ 3, 38, 7 ]
               - [ 25, 71, 6 ]
               - [ 82, 34, 6 ]
               - [ 61, 16, 3 ]
               - [ 14, 2, 4 ]
               - [ 69, 5, 0 ]
               - [ 1, 13, 1 ]
               - [ 51, 20, 5 ]
               - [ 82, 44, 2 ]
               - [ 54, 0, 3 ]
         -
            width: 41
            height: 42
            tl_x: 50
            tl_y: 51
            pyramid_level: 1
            features:
               - [ 5, 26, 7 ]
               - [ 11, 34, 6 ]
               - [ 21, 39, 4 ]
               - [ 16, 4, 5 ]
               - [ 1, 17, 7 ]
               - [ 34, 12, 5 ]
               - [ 38, 42, 2 ]
               - [ 38, 31, 7 ]
               - [ 7, 1, 4 ]
               - [ 24, 3, 1 ]
               - [ 34, 4, 1 ]
   -
      template_id: 1
      templates:
         -
            width: 84
            height: 89
            tl_x: 98
            tl_y: 98
            pyramid_level: 0
            features:
               - [ 13, 59, 6 ]
               - [ 57, 84, 5 ]
               - [ 31, 13, 5 ]
               - [ 22, 70, 6 ]
               - [ 34, 80, 5 ]
               - [ 67, 25, 5 ]
               - [ 46, 13, 1 ]
               - [ 2, 38, 7 ]
               - [ 78, 54, 1 ]
               - [ 81, 67, 7 ]
               - [ 68, 89, 5 ]
               - [ 84, 36, 6 ]
               - [ 79, 87, 2 ]
               - [ 10, 9, 3 ]
               - [ 65, 1, 5 ]
               - [ 54, 2, 3 ]
               - [ 66, 13, 1 ]
               - [ 1, 20, 1 ]
               - [ 47, 82, 4 ]
               - [ 50, 23, 5 ]
         -
            width: 42
            height: 44
            tl_x: 49
            tl_y: 49
            pyramid_level: 1
            features:
               - [ 23, 41, 4 ]
               - [ 31, 43, 5 ]
               - [ 7, 30, 6 ]
               - [ 35, 13, 5 ]
               - [ 12, 5, 5 ]
               - [ 39, 28, 0 ]
               - [ 42, 41, 2 ]
               - [ 24, 4, 1 ]
               - [ 1, 9, 1 ]
               - [ 3, 24, 7 ]
               - [ 16, 39, 6 ]
               - [ 33, 6, 1 ]
   -
      template_id: 2
      templates:
         -
            width: 90
            height: 85
            tl_x: 96
            tl_y: 98
            pyramid_level: 0
            features:
               - [ 20, 66, 6 ]
               - [ 44, 82, 4 ]
               - [ 82, 46, 1 ]
               - [ 69, 85, 5 ]
               - [ 58, 82, 4 ]
               - [ 89, 68, 6 ]
               - [ 70, 24, 5 ]
               - [ 45, 13, 0 ]
               - [ 32, 76, 6 ]
               - [ 7, 49, 7 ]
               - [ 24, 12, 5 ]
               - [ 85, 33, 6 ]
               - [ 2, 38, 7 ]
               - [ 10, 12, 3 ]
               - [ 66, 4, 0 ]
               - [ 60, 17, 2 ]
               - [ 1, 22, 1 ]
               - [ 90, 78, 2 ]
               - [ 81, 56, 7 ]
               - [ 56, 0, 3 ]
               - [ 51, 23, 4 ]
         -
            width: 45
            height: 42
            tl_x: 48
            tl_y: 49
            pyramid_level: 1
            features:
               - [ 9, 32, 6 ]
               - [ 17, 8, 5 ]
               - [ 23, 41, 4 ]
               - [ 33, 42, 5 ]
               - [ 35, 12, 5 ]
               - [ 44, 40, 2 ]
               - [ 3, 24, 7 ]
               - [ 41, 23, 1 ]
               - [ 5, 6, 3 ]
               - [ 33, 4, 0 ]
   -
      template_id: 3
      templates:
         -
            width: 92
            height: 85
            tl_x: 94
            tl_y: 96
            pyramid_level: 0
            features:
               - [ 52, 84, 3 ]
               - [ 30, 75, 6 ]
               - [ 74, 85, 5 ]
               - [ 18, 65, 6 ]
               - [ 83, 47, 1 ]
               - [ 44, 16, 0 ]
               - [ 92, 66, 6 ]
               - [ 4, 46, 7 ]
               - [ 69, 24, 4 ]
               - [ 22, 16, 4 ]
               - [ 91, 81, 2 ]
               - [ 33, 19, 5 ]
               - [ 84, 30, 6 ]
               - [ 10, 17, 3 ]
               - [ 60, 0, 4 ]
               - [ 1, 35, 0 ]
               - [ 48, 5, 2 ]
               - [ 63, 14, 1 ]
               - [ 51, 25, 4 ]
               - [ 11, 57, 6 ]
               - [ 2, 24, 1 ]
         -
            width: 46
            height: 42
            tl_x: 47
            tl_y: 48
            pyramid_level: 1
            features:
               - [ 35, 42, 5 ]
               - [ 19, 40, 5 ]
               - [ 15, 9, 5 ]
               - [ 6, 29, 6 ]
               - [ 35, 12, 4 ]
               - [ 45, 32, 6 ]
               - [ 4, 9, 3 ]
               - [ 42, 23, 1 ]
               - [ 23, 4, 1 ]
               - [ 46, 40, 2 ]
   -
      template_id: 4
      templates:
         -
            width: 95
            height: 85
            tl_x: 94
            tl_y: 94
            pyramid_level: 0
            features:
               - [ 33, 79, 5 ]
               - [ 20, 70, 6 ]
               - [ 79, 85, 5 ]
               - [ 57, 85, 3 ]
               - [ 95, 65, 5 ]
               - [ 83, 45, 1 ]
               - [ 4, 52, 7 ]
               - [ 65, 24, 4 ]
               - [ 93, 80, 2 ]
               - [ 45, 85, 5 ]
               - [ 28, 22, 4 ]
               - [ 41, 17, 0 ]
               - [ 82, 29, 5 ]
               - [ 11, 21, 3 ]
               - [ 0, 41, 7 ]
               - [ 56, 1, 4 ]
               - [ 60, 14, 1 ]
               - [ 48, 27, 4 ]
               - [ 87, 59, 6 ]
               - [ 0, 31, 1 ]
         -
            width: 47
            height: 42
            tl_x: 47
            tl_y: 47
            pyramid_level: 1
            features:
               - [ 14, 11, 4 ]
               - [ 31, 42, 4 ]
               - [ 5, 30, 6 ]
               - [ 16, 39, 5 ]
               - [ 40, 14, 5 ]
               - [ 45, 31, 6 ]
               - [ 4, 11, 3 ]
               - [ 30, 6, 0 ]
               - [ 47, 39, 1 ]
               - [ 21, 6, 1 ]
   -
      template_id: 5
      templates:
         -
            width: 98
            height: 82
            tl_x: 92
            tl_y: 98
            pyramid_level: 0
            features:
               - [ 26, 70, 5 ]
               - [ 37, 76, 5 ]
               - [ 41, 17, 7 ]
               - [ 62, 80, 3 ]
               - [ 85, 35, 1 ]
               - [ 81, 78, 4 ]
               - [ 98, 57, 5 ]
               - [ 6, 51, 7 ]
               - [ 89, 51, 6 ]
               - [ 64, 19, 4 ]
               - [ 28, 20, 4 ]
               - [ 47, 80, 5 ]
               - [ 82, 22, 5 ]
               - [ 97, 73, 1 ]
               - [ 18, 19, 4 ]
               - [ 41, 7, 1 ]
               - [ 0, 33, 0 ]
               - [ 58, 0, 7 ]
               - [ 9, 21, 3 ]
               - [ 59, 9, 0 ]
               - [ 48, 23, 4 ]
         -
            width: 49
            height: 41
            tl_x: 46
            tl_y: 49
            pyramid_level: 1
            features:
               - [ 39, 39, 4 ]
               - [ 15, 10, 4 ]
               - [ 13, 35, 5 ]
               - [ 38, 10, 5 ]
               - [ 45, 26, 6 ]
               - [ 28, 41, 4 ]
               - [ 0, 17, 0 ]
               - [ 5, 28, 6 ]
               - [ 29, 5, 1 ]
               - [ 49, 35, 1 ]
               - [ 6, 10, 3 ]
   -
      template_id: 6
      templates:
         -
            width: 102
            height: 81
