%YAML:1.0
---
class_id: "back0warp47.png"
pyramid_levels: 2
template_pyramids:
   -
      template_id: 0
      templates:
         -
            width: 77
            height: 112
            tl_x: 100
            tl_y: 108
            pyramid_level: 0
            features:
               - [ 3, 54, 1 ]
               - [ 74, 74, 1 ]
               - [ 62, 11, 3 ]
               - [ 72, 22, 1 ]
               - [ 77, 64, 1 ]
               - [ 13, 33, 2 ]
               - [ 50, 0, 2 ]
               - [ 28, 22, 3 ]
               - [ 70, 84, 1 ]
               - [ 45, 98, 3 ]
               - [ 45, 10, 1 ]
               - [ 28, 112, 3 ]
               - [ 63, 93, 3 ]
               - [ 1, 81, 0 ]
               - [ 70, 46, 7 ]
               - [ 7, 99, 7 ]
               - [ 1, 66, 0 ]
               - [ 15, 108, 6 ]
               - [ 69, 31, 1 ]
               - [ 59, 1, 1 ]
               - [ 8, 41, 1 ]
               - [ 35, 106, 2 ]
               - [ 3, 90, 7 ]
               - [ 73, 13, 6 ]
         -
            width: 38
            height: 56
            tl_x: 50
            tl_y: 54
            pyramid_level: 1
            features:
               - [ 38, 34, 1 ]
               - [ 8, 15, 2 ]
               - [ 1, 29, 1 ]
               - [ 21, 50, 2 ]
               - [ 36, 11, 1 ]
               - [ 1, 43, 7 ]
               - [ 33, 45, 2 ]
               - [ 9, 55, 5 ]
               - [ 24, 1, 1 ]
               - [ 35, 22, 7 ]
   -
      template_id: 1
      templates:
         -
            width: 76
            height: 114
            tl_x: 102
            tl_y: 104
            pyramid_level: 0
            features:
               - [ 2, 58, 1 ]
               - [ 73, 77, 1 ]
               - [ 68, 21, 1 ]
               - [ 13, 35, 2 ]
               - [ 65, 33, 0 ]
               - [ 45, 1, 2 ]
               - [ 0, 75, 0 ]
               - [ 24, 27, 3 ]
               - [ 6, 46, 1 ]
               - [ 57, 13, 3 ]
               - [ 76, 65, 0 ]
               - [ 39, 14, 0 ]
               - [ 68, 90, 1 ]
               - [ 46, 102, 2 ]
               - [ 72, 52, 5 ]
               - [ 18, 114, 5 ]
               - [ 38, 110, 2 ]
               - [ 4, 96, 7 ]
               - [ 66, 44, 7 ]
               - [ 1, 85, 0 ]
               - [ 34, 25, 4 ]
               - [ 9, 105, 6 ]
               - [ 60, 97, 4 ]
         -
            width: 38
            height: 57
            tl_x: 51
            tl_y: 52
            pyramid_level: 1
            features:
               - [ 1, 29, 1 ]
               - [ 37, 37, 1 ]
               - [ 33, 14, 1 ]
               - [ 7, 17, 2 ]
               - [ 20, 54, 2 ]
               - [ 1, 45, 7 ]
               - [ 31, 48, 3 ]
               - [ 21, 3, 1 ]
               - [ 9, 57, 5 ]
               - [ 35, 25, 6 ]
   -
      template_id: 2
      templates:
         -
            width: 74
            height: 116
            tl_x: 104
            tl_y: 104
            pyramid_level: 0
            features:
               - [ 5, 44, 1 ]
               - [ 72, 77, 0 ]
               - [ 61, 34, 0 ]
               - [ 48, 13, 3 ]
               - [ 0, 62, 0 ]
               - [ 0, 80, 0 ]
               - [ 37, 2, 1 ]
               - [ 33, 16, 0 ]
               - [ 74, 65, 0 ]
               - [ 62, 21, 1 ]
               - [ 68, 89, 1 ]
               - [ 16, 30, 3 ]
               - [ 41, 109, 2 ]
               - [ 2, 90, 7 ]
               - [ 6, 100, 7 ]
               - [ 60, 11, 5 ]
               - [ 26, 26, 3 ]
               - [ 68, 48, 5 ]
               - [ 20, 115, 5 ]
               - [ 47, 102, 2 ]
               - [ 46, 0, 0 ]
               - [ 61, 95, 3 ]
         -
            width: 37
            height: 58
            tl_x: 52
            tl_y: 52
            pyramid_level: 1
            features:
               - [ 35, 42, 1 ]
               - [ 31, 11, 1 ]
               - [ 0, 31, 0 ]
               - [ 37, 32, 0 ]
               - [ 10, 14, 3 ]
               - [ 21, 54, 2 ]
               - [ 11, 58, 5 ]
               - [ 2, 48, 7 ]
               - [ 18, 2, 1 ]
               - [ 2, 23, 1 ]
               - [ 29, 48, 3 ]
               - [ 31, 19, 7 ]
   -
      template_id: 3
      templates:
         -
            width: 75
            height: 116
            tl_x: 104
            tl_y: 106
            pyramid_level: 0
            features:
               - [ 2, 81, 7 ]
               - [ 4, 45, 1 ]
               - [ 73, 76, 0 ]
               - [ 59, 30, 0 ]
               - [ 32, 1, 1 ]
               - [ 59, 16, 0 ]
               - [ 44, 10, 2 ]
               - [ 19, 27, 3 ]
               - [ 1, 58, 0 ]
               - [ 10, 34, 2 ]
               - [ 44, 109, 1 ]
               - [ 65, 42, 6 ]
               - [ 69, 87, 2 ]
               - [ 53, 97, 2 ]
               - [ 9, 99, 7 ]
               - [ 75, 58, 0 ]
               - [ 1, 70, 0 ]
               - [ 25, 114, 5 ]
               - [ 30, 12, 0 ]
               - [ 16, 108, 6 ]
         -
            width: 37
            height: 58
            tl_x: 52
            tl_y: 53
            pyramid_level: 1
            features:
               - [ 37, 34, 0 ]
               - [ 23, 53, 1 ]
               - [ 1, 26, 1 ]
               - [ 29, 13, 0 ]
               - [ 5, 50, 7 ]
               - [ 10, 13, 3 ]
               - [ 34, 22, 5 ]
               - [ 15, 3, 1 ]
               - [ 15, 58, 5 ]
               - [ 24, 4, 3 ]
   -
      template_id: 4
      templates:
         -
            width: 73
            height: 118
            tl_x: 106
            tl_y: 104
            pyramid_level: 0
            features:
               - [ 2, 84, 7 ]
               - [ 54, 28, 7 ]
               - [ 26, 1, 1 ]
               - [ 0, 55, 0 ]
               - [ 73, 63, 0 ]
               - [ 24, 17, 0 ]
               - [ 40, 10, 2 ]
               - [ 72, 79, 1 ]
               - [ 7, 37, 2 ]
               - [ 61, 41, 6 ]
               - [ 0, 73, 0 ]
               - [ 44, 115, 2 ]
               - [ 6, 95, 7 ]
               - [ 54, 13, 0 ]
               - [ 53, 99, 2 ]
               - [ 21, 27, 3 ]
               - [ 29, 117, 5 ]
               - [ 63, 91, 3 ]
               - [ 11, 103, 6 ]
               - [ 2, 47, 1 ]
               - [ 34, 2, 0 ]
               - [ 48, 107, 1 ]
               - [ 21, 113, 6 ]
         -
            width: 36
            height: 59
            tl_x: 53
            tl_y: 52
            pyramid_level: 1
            features:
               - [ 27, 14, 7 ]
               - [ 36, 39, 0 ]
               - [ 0, 28, 0 ]
               - [ 8, 15, 3 ]
               - [ 24, 54, 1 ]
               - [ 6, 52, 6 ]
               - [ 12, 4, 0 ]
               - [ 22, 4, 3 ]
               - [ 0, 37, 0 ]
               - [ 16, 59, 5 ]
   -
      template_id: 5
      templates:
         -
            width: 74
            height: 116
            tl_x: 106
            tl_y: 106
            pyramid_level: 0
            features:
               - [ 52, 26, 7 ]
               - [ 4, 84, 7 ]
               - [ 1, 49, 1 ]
               - [ 74, 66, 0 ]
               - [ 1, 72, 0 ]
               - [ 21, 0, 1 ]
               - [ 9, 33, 2 ]
               - [ 60, 37, 5 ]
               - [ 20, 13, 0 ]
               - [ 72, 48, 0 ]
               - [ 73, 78, 1 ]
               - [ 38, 6, 3 ]
               - [ 50, 12, 0 ]
               - [ 51, 108, 1 ]
               - [ 19, 26, 3 ]
               - [ 9, 94, 7 ]
               - [ 58, 93, 2 ]
               - [ 16, 104, 6 ]
               - [ 33, 115, 4 ]
               - [ 29, 7, 0 ]
               - [ 23, 110, 6 ]
               - [ 65, 87, 2 ]
         -
            width: 37
            height: 58
            tl_x: 53
            tl_y: 53
            pyramid_level: 1
            features:
               - [ 37, 32, 0 ]
               - [ 0, 29, 0 ]
               - [ 27, 50, 1 ]
               - [ 26, 13, 7 ]
