%YAML:1.0
---
class_id: "back0warp32.png"
pyramid_levels: 2
template_pyramids:
   -
      template_id: 0
      templates:
         -
            width: 98
            height: 96
            tl_x: 102
            tl_y: 100
            pyramid_level: 0
            features:
               - [ 22, 23, 3 ]
               - [ 67, 1, 3 ]
               - [ 52, 13, 1 ]
               - [ 12, 29, 2 ]
               - [ 89, 85, 1 ]
               - [ 85, 18, 5 ]
               - [ 73, 17, 4 ]
               - [ 76, 94, 4 ]
               - [ 41, 96, 3 ]
               - [ 0, 48, 1 ]
               - [ 87, 32, 1 ]
               - [ 34, 21, 4 ]
               - [ 97, 71, 1 ]
               - [ 92, 56, 5 ]
               - [ 15, 93, 6 ]
               - [ 0, 71, 7 ]
               - [ 63, 93, 4 ]
               - [ 5, 82, 7 ]
               - [ 85, 47, 7 ]
               - [ 51, 93, 4 ]
               - [ 46, 22, 4 ]
         -
            width: 49
            height: 48
            tl_x: 51
            tl_y: 50
            pyramid_level: 1
            features:
               - [ 10, 12, 3 ]
               - [ 23, 47, 3 ]
               - [ 49, 34, 1 ]
               - [ 8, 47, 6 ]
               - [ 28, 4, 2 ]
               - [ 0, 24, 1 ]
               - [ 42, 9, 5 ]
               - [ 35, 47, 4 ]
               - [ 0, 35, 7 ]
               - [ 43, 24, 7 ]
   -
      template_id: 1
      templates:
         -
            width: 99
            height: 99
            tl_x: 100
            tl_y: 102
            pyramid_level: 0
            features:
               - [ 16, 27, 2 ]
               - [ 60, 0, 3 ]
               - [ 50, 13, 1 ]
               - [ 84, 13, 5 ]
               - [ 69, 14, 4 ]
               - [ 40, 20, 4 ]
               - [ 29, 21, 4 ]
               - [ 5, 41, 1 ]
               - [ 85, 36, 0 ]
               - [ 90, 47, 6 ]
               - [ 55, 91, 3 ]
               - [ 93, 81, 1 ]
               - [ 18, 92, 5 ]
               - [ 4, 73, 7 ]
               - [ 39, 99, 3 ]
               - [ 76, 90, 4 ]
               - [ 1, 56, 0 ]
               - [ 99, 69, 1 ]
               - [ 65, 90, 4 ]
               - [ 27, 98, 5 ]
         -
            width: 49
            height: 49
            tl_x: 50
            tl_y: 51
            pyramid_level: 1
            features:
               - [ 9, 13, 3 ]
               - [ 1, 25, 1 ]
               - [ 31, 45, 4 ]
               - [ 20, 10, 4 ]
               - [ 12, 48, 5 ]
               - [ 46, 41, 2 ]
               - [ 43, 15, 1 ]
               - [ 2, 36, 7 ]
               - [ 29, 1, 2 ]
               - [ 47, 25, 5 ]
   -
      template_id: 2
      templates:
         -
            width: 100
            height: 100
            tl_x: 102
            tl_y: 102
            pyramid_level: 0
            features:
               - [ 7, 36, 1 ]
               - [ 18, 26, 3 ]
               - [ 65, 12, 3 ]
               - [ 45, 13, 1 ]
               - [ 52, 1, 2 ]
               - [ 93, 78, 1 ]
               - [ 83, 24, 1 ]
               - [ 81, 11, 5 ]
               - [ 88, 44, 6 ]
               - [ 0, 60, 0 ]
               - [ 31, 22, 4 ]
               - [ 41, 100, 3 ]
               - [ 83, 87, 3 ]
               - [ 58, 90, 3 ]
               - [ 22, 96, 5 ]
               - [ 100, 60, 1 ]
               - [ 70, 88, 4 ]
               - [ 11, 87, 6 ]
               - [ 4, 77, 7 ]
               - [ 2, 46, 1 ]
               - [ 63, 0, 0 ]
         -
            width: 50
            height: 50
            tl_x: 51
            tl_y: 51
            pyramid_level: 1
            features:
               - [ 0, 28, 0 ]
               - [ 9, 13, 3 ]
               - [ 13, 49, 5 ]
               - [ 36, 44, 4 ]
               - [ 49, 33, 1 ]
               - [ 41, 14, 0 ]
               - [ 3, 40, 7 ]
               - [ 24, 3, 1 ]
               - [ 46, 23, 5 ]
               - [ 27, 46, 3 ]
               - [ 37, 5, 4 ]
   -
      template_id: 3
      templates:
         -
            width: 101
            height: 100
            tl_x: 102
            tl_y: 100
            pyramid_level: 0
            features:
               - [ 21, 28, 3 ]
               - [ 62, 13, 3 ]
               - [ 42, 16, 0 ]
               - [ 6, 42, 1 ]
               - [ 47, 4, 2 ]
               - [ 74, 10, 4 ]
               - [ 1, 66, 0 ]
               - [ 96, 75, 1 ]
               - [ 81, 22, 1 ]
               - [ 86, 86, 3 ]
               - [ 26, 100, 5 ]
               - [ 64, 90, 3 ]
               - [ 88, 43, 5 ]
               - [ 101, 57, 0 ]
               - [ 32, 25, 4 ]
               - [ 53, 97, 2 ]
               - [ 7, 83, 7 ]
               - [ 59, 1, 0 ]
               - [ 2, 52, 1 ]
               - [ 81, 35, 7 ]
               - [ 13, 91, 6 ]
         -
            width: 50
            height: 50
            tl_x: 51
            tl_y: 50
            pyramid_level: 1
            features:
               - [ 14, 13, 3 ]
               - [ 13, 50, 5 ]
               - [ 3, 21, 1 ]
               - [ 50, 31, 1 ]
               - [ 41, 10, 1 ]
               - [ 32, 45, 3 ]
               - [ 23, 3, 1 ]
               - [ 4, 42, 7 ]
               - [ 43, 43, 3 ]
               - [ 45, 22, 5 ]
   -
      template_id: 4
      templates:
         -
            width: 99
            height: 102
            tl_x: 104
            tl_y: 100
            pyramid_level: 0
            features:
               - [ 56, 12, 3 ]
               - [ 37, 16, 0 ]
               - [ 16, 31, 3 ]
               - [ 42, 3, 2 ]
               - [ 68, 8, 4 ]
               - [ 96, 71, 1 ]
               - [ 30, 26, 3 ]
               - [ 65, 89, 3 ]
               - [ 1, 72, 7 ]
               - [ 7, 40, 2 ]
               - [ 76, 21, 0 ]
               - [ 86, 40, 5 ]
               - [ 86, 83, 3 ]
               - [ 49, 102, 3 ]
               - [ 29, 102, 5 ]
               - [ 1, 54, 1 ]
               - [ 99, 55, 0 ]
               - [ 19, 97, 5 ]
               - [ 8, 87, 6 ]
               - [ 52, 0, 0 ]
         -
            width: 49
            height: 51
            tl_x: 52
            tl_y: 50
            pyramid_level: 1
            features:
               - [ 1, 25, 1 ]
               - [ 38, 11, 0 ]
               - [ 48, 35, 1 ]
               - [ 12, 14, 3 ]
               - [ 12, 50, 5 ]
               - [ 30, 46, 2 ]
               - [ 41, 42, 3 ]
               - [ 20, 3, 1 ]
               - [ 43, 20, 5 ]
               - [ 5, 18, 2 ]
               - [ 34, 4, 4 ]
   -
      template_id: 5
      templates:
         -
            width: 99
            height: 104
            tl_x: 104
            tl_y: 100
            pyramid_level: 0
            features:
               - [ 52, 12, 3 ]
               - [ 12, 36, 2 ]
               - [ 29, 27, 3 ]
               - [ 34, 17, 0 ]
               - [ 37, 5, 1 ]
               - [ 3, 50, 1 ]
               - [ 97, 69, 1 ]
               - [ 3, 76, 7 ]
               - [ 68, 6, 4 ]
               - [ 53, 102, 2 ]
               - [ 69, 87, 3 ]
               - [ 86, 37, 5 ]
               - [ 31, 103, 5 ]
               - [ 90, 79, 3 ]
               - [ 48, 0, 7 ]
               - [ 99, 47, 0 ]
               - [ 74, 25, 7 ]
               - [ 21, 98, 5 ]
               - [ 11, 90, 6 ]
               - [ 1, 60, 0 ]
               - [ 74, 15, 1 ]
         -
            width: 49
            height: 52
            tl_x: 52
            tl_y: 50
            pyramid_level: 1
            features:
               - [ 9, 16, 3 ]
               - [ 49, 32, 0 ]
               - [ 1, 27, 1 ]
               - [ 38, 42, 3 ]
               - [ 18, 52, 5 ]
               - [ 30, 4, 3 ]
               - [ 42, 18, 5 ]
               - [ 19, 2, 1 ]
               - [ 9, 48, 6 ]
               - [ 30, 47, 2 ]
   -
      template_id: 6
      templates:
         -
            width: 97
            height: 106
            tl_x: 106
