%YAML:1.0
---
class_id: "back0warp5.png"
pyramid_levels: 2
template_pyramids:
   -
      template_id: 0
      templates:
         -
            width: 99
            height: 69
            tl_x: 100
            tl_y: 100
            pyramid_level: 0
            features:
               - [ 50, 58, 5 ]
               - [ 30, 2, 5 ]
               - [ 74, 15, 5 ]
               - [ 84, 20, 5 ]
               - [ 41, 6, 5 ]
               - [ 28, 54, 5 ]
               - [ 73, 69, 5 ]
               - [ 13, 1, 3 ]
               - [ 91, 48, 6 ]
               - [ 13, 42, 6 ]
               - [ 54, 2, 3 ]
               - [ 84, 40, 7 ]
               - [ 1, 12, 1 ]
               - [ 5, 31, 7 ]
               - [ 65, 2, 4 ]
               - [ 99, 59, 1 ]
               - [ 91, 67, 2 ]
               - [ 41, 56, 4 ]
               - [ 1, 21, 7 ]
               - [ 83, 31, 1 ]
         -
            width: 49
            height: 34
            tl_x: 50
            tl_y: 50
            pyramid_level: 1
            features:
               - [ 18, 2, 5 ]
               - [ 25, 29, 5 ]
               - [ 38, 8, 5 ]
               - [ 14, 27, 5 ]
               - [ 34, 33, 5 ]
               - [ 4, 18, 6 ]
               - [ 47, 25, 6 ]
               - [ 5, 1, 3 ]
               - [ 28, 1, 4 ]
               - [ 46, 33, 2 ]
               - [ 42, 15, 2 ]
   -
      template_id: 1
      templates:
         -
            width: 102
            height: 67
            tl_x: 98
            tl_y: 100
            pyramid_level: 0
            features:
               - [ 74, 13, 5 ]
               - [ 54, 58, 5 ]
               - [ 29, 4, 5 ]
               - [ 78, 67, 5 ]
               - [ 19, 48, 6 ]
               - [ 32, 56, 5 ]
               - [ 40, 7, 5 ]
               - [ 19, 3, 4 ]
               - [ 98, 47, 5 ]
               - [ 66, 62, 5 ]
               - [ 9, 38, 6 ]
               - [ 85, 17, 5 ]
               - [ 61, 1, 4 ]
               - [ 51, 3, 2 ]
               - [ 3, 28, 7 ]
               - [ 85, 35, 7 ]
               - [ 1, 16, 0 ]
               - [ 7, 7, 2 ]
               - [ 95, 64, 2 ]
               - [ 102, 56, 1 ]
               - [ 41, 57, 4 ]
         -
            width: 51
            height: 33
            tl_x: 49
            tl_y: 50
            pyramid_level: 1
            features:
               - [ 19, 3, 5 ]
               - [ 27, 29, 5 ]
               - [ 38, 7, 5 ]
               - [ 48, 23, 5 ]
               - [ 17, 28, 4 ]
               - [ 2, 15, 7 ]
               - [ 7, 22, 6 ]
               - [ 38, 33, 5 ]
               - [ 1, 7, 1 ]
               - [ 43, 18, 7 ]
   -
      template_id: 2
      templates:
         -
            width: 104
            height: 64
            tl_x: 98
            tl_y: 100
            pyramid_level: 0
            features:
               - [ 18, 6, 4 ]
               - [ 58, 0, 4 ]
               - [ 75, 12, 5 ]
               - [ 32, 7, 4 ]
               - [ 26, 55, 5 ]
               - [ 58, 58, 4 ]
               - [ 36, 58, 4 ]
               - [ 97, 42, 5 ]
               - [ 78, 64, 5 ]
               - [ 7, 39, 6 ]
               - [ 6, 10, 2 ]
               - [ 86, 34, 6 ]
               - [ 16, 48, 6 ]
               - [ 0, 19, 1 ]
               - [ 86, 22, 2 ]
               - [ 1, 29, 7 ]
               - [ 95, 62, 2 ]
               - [ 104, 51, 1 ]
               - [ 41, 9, 5 ]
               - [ 69, 61, 5 ]
         -
            width: 52
            height: 32
            tl_x: 49
            tl_y: 50
            pyramid_level: 1
            features:
               - [ 18, 4, 5 ]
               - [ 33, 30, 5 ]
               - [ 38, 6, 5 ]
               - [ 19, 29, 4 ]
               - [ 47, 20, 5 ]
               - [ 12, 27, 5 ]
               - [ 7, 23, 6 ]
               - [ 39, 32, 5 ]
               - [ 51, 27, 1 ]
               - [ 13, 3, 4 ]
   -
      template_id: 3
      templates:
         -
            width: 107
            height: 64
            tl_x: 96
            tl_y: 98
            pyramid_level: 0
            features:
               - [ 18, 11, 3 ]
               - [ 59, 1, 4 ]
               - [ 74, 12, 4 ]
               - [ 40, 12, 4 ]
               - [ 84, 14, 5 ]
               - [ 66, 60, 4 ]
               - [ 48, 60, 4 ]
               - [ 84, 64, 4 ]
               - [ 29, 59, 5 ]
               - [ 99, 40, 5 ]
               - [ 19, 53, 5 ]
               - [ 57, 59, 4 ]
               - [ 1, 24, 1 ]
               - [ 6, 41, 6 ]
               - [ 6, 16, 2 ]
               - [ 85, 24, 1 ]
               - [ 107, 49, 1 ]
               - [ 32, 11, 4 ]
               - [ 37, 61, 4 ]
               - [ 76, 62, 5 ]
               - [ 2, 34, 7 ]
               - [ 103, 56, 2 ]
         -
            width: 53
            height: 32
            tl_x: 48
            tl_y: 49
            pyramid_level: 1
            features:
               - [ 37, 6, 4 ]
               - [ 12, 28, 5 ]
               - [ 38, 31, 5 ]
               - [ 49, 20, 5 ]
               - [ 25, 30, 4 ]
               - [ 13, 5, 4 ]
               - [ 2, 19, 7 ]
               - [ 1, 11, 1 ]
               - [ 43, 12, 1 ]
               - [ 52, 27, 1 ]
   -
      template_id: 4
      templates:
         -
            width: 108
            height: 63
            tl_x: 96
            tl_y: 98
            pyramid_level: 0
            features:
               - [ 55, 1, 3 ]
               - [ 17, 14, 3 ]
               - [ 83, 12, 5 ]
               - [ 29, 13, 4 ]
               - [ 84, 61, 5 ]
               - [ 61, 59, 4 ]
               - [ 99, 36, 5 ]
               - [ 47, 4, 3 ]
               - [ 31, 61, 5 ]
               - [ 45, 62, 3 ]
               - [ 69, 10, 4 ]
               - [ 19, 55, 5 ]
               - [ 6, 19, 2 ]
               - [ 0, 32, 0 ]
               - [ 87, 30, 6 ]
               - [ 4, 42, 6 ]
               - [ 84, 20, 1 ]
               - [ 108, 44, 0 ]
               - [ 103, 54, 2 ]
               - [ 68, 59, 4 ]
               - [ 52, 60, 4 ]
               - [ 62, 11, 4 ]
               - [ 13, 51, 6 ]
               - [ 38, 63, 4 ]
         -
            width: 54
            height: 31
            tl_x: 48
            tl_y: 49
            pyramid_level: 1
            features:
               - [ 26, 30, 3 ]
               - [ 49, 18, 5 ]
               - [ 35, 5, 4 ]
               - [ 39, 30, 4 ]
               - [ 7, 26, 6 ]
               - [ 17, 31, 5 ]
               - [ 1, 12, 1 ]
               - [ 15, 6, 4 ]
               - [ 42, 11, 0 ]
               - [ 52, 26, 1 ]
   -
      template_id: 5
      templates:
         -
            width: 108
            height: 62
            tl_x: 96
            tl_y: 100
            pyramid_level: 0
            features:
               - [ 9, 18, 3 ]
               - [ 50, 0, 3 ]
               - [ 70, 7, 4 ]
               - [ 30, 13, 4 ]
               - [ 20, 14, 4 ]
               - [ 64, 56, 4 ]
               - [ 98, 30, 5 ]
               - [ 49, 60, 3 ]
               - [ 33, 61, 5 ]
               - [ 83, 56, 4 ]
               - [ 23, 57, 5 ]
               - [ 12, 51, 6 ]
               - [ 86, 25, 6 ]
               - [ 41, 7, 1 ]
               - [ 0, 29, 1 ]
               - [ 82, 8, 5 ]
               - [ 1, 39, 7 ]
               - [ 108, 38, 0 ]
               - [ 104, 48, 1 ]
               - [ 61, 8, 4 ]
               - [ 73, 56, 4 ]
         -
            width: 54
            height: 31
            tl_x: 48
            tl_y: 50
            pyramid_level: 1
            features:
               - [ 11, 7, 4 ]
               - [ 37, 28, 4 ]
               - [ 49, 15, 5 ]
               - [ 4, 24, 6 ]
               - [ 20, 31, 4 ]
               - [ 10, 28, 5 ]
               - [ 28, 29, 3 ]
               - [ 0, 15, 0 ]
               - [ 33, 4, 4 ]
               - [ 41, 28, 4 ]
               - [ 33, 28, 4 ]
               - [ 24, 30, 3 ]
   -
