%YAML:1.0
---
class_id: "back0warp103.png"
pyramid_levels: 2
template_pyramids:
   -
      template_id: 0
      templates:
         -
            width: 96
            height: 110
            tl_x: 100
            tl_y: 102
            pyramid_level: 0
            features:
               - [ 57, 108, 5 ]
               - [ 96, 91, 1 ]
               - [ 87, 56, 1 ]
               - [ 3, 75, 7 ]
               - [ 53, 17, 1 ]
               - [ 72, 17, 2 ]
               - [ 81, 109, 3 ]
               - [ 19, 101, 6 ]
               - [ 47, 29, 5 ]
               - [ 67, 1, 3 ]
               - [ 3, 45, 1 ]
               - [ 81, 27, 4 ]
               - [ 88, 74, 7 ]
               - [ 31, 110, 5 ]
               - [ 29, 25, 4 ]
               - [ 44, 109, 3 ]
               - [ 96, 42, 2 ]
               - [ 9, 88, 7 ]
               - [ 15, 29, 3 ]
               - [ 1, 63, 0 ]
               - [ 59, 30, 3 ]
         -
            width: 48
            height: 55
            tl_x: 50
            tl_y: 51
            pyramid_level: 1
            features:
               - [ 28, 54, 4 ]
               - [ 17, 13, 4 ]
               - [ 44, 51, 2 ]
               - [ 9, 50, 6 ]
               - [ 1, 35, 7 ]
               - [ 45, 25, 1 ]
               - [ 2, 21, 1 ]
               - [ 33, 1, 3 ]
               - [ 45, 38, 6 ]
               - [ 39, 13, 4 ]
   -
      template_id: 1
      templates:
         -
            width: 98
            height: 110
            tl_x: 100
            tl_y: 102
            pyramid_level: 0
            features:
               - [ 5, 79, 7 ]
               - [ 98, 89, 1 ]
               - [ 52, 108, 3 ]
               - [ 49, 20, 1 ]
               - [ 95, 76, 6 ]
               - [ 70, 25, 4 ]
               - [ 87, 53, 1 ]
               - [ 87, 105, 2 ]
               - [ 3, 46, 1 ]
               - [ 95, 38, 2 ]
               - [ 1, 65, 0 ]
               - [ 26, 27, 4 ]
               - [ 24, 104, 6 ]
               - [ 61, 1, 3 ]
               - [ 84, 25, 5 ]
               - [ 70, 12, 1 ]
               - [ 11, 90, 6 ]
               - [ 13, 32, 2 ]
               - [ 66, 108, 4 ]
               - [ 37, 28, 4 ]
               - [ 87, 64, 0 ]
               - [ 53, 9, 1 ]
               - [ 55, 30, 3 ]
         -
            width: 49
            height: 55
            tl_x: 50
            tl_y: 51
            pyramid_level: 1
            features:
               - [ 34, 54, 4 ]
               - [ 49, 44, 1 ]
               - [ 44, 25, 1 ]
               - [ 2, 38, 7 ]
               - [ 18, 14, 4 ]
               - [ 12, 52, 6 ]
               - [ 31, 0, 3 ]
               - [ 1, 25, 1 ]
               - [ 38, 12, 4 ]
               - [ 23, 55, 3 ]
   -
      template_id: 2
      templates:
         -
            width: 99
            height: 112
            tl_x: 102
            tl_y: 102
            pyramid_level: 0
            features:
               - [ 61, 106, 4 ]
               - [ 66, 23, 4 ]
               - [ 44, 24, 0 ]
               - [ 99, 84, 1 ]
               - [ 0, 69, 7 ]
               - [ 22, 103, 6 ]
               - [ 93, 96, 1 ]
               - [ 54, 0, 2 ]
               - [ 5, 82, 7 ]
               - [ 0, 53, 0 ]
               - [ 91, 35, 2 ]
               - [ 45, 112, 3 ]
               - [ 85, 48, 1 ]
               - [ 92, 70, 6 ]
               - [ 29, 29, 4 ]
               - [ 12, 93, 6 ]
               - [ 46, 11, 1 ]
               - [ 12, 33, 3 ]
               - [ 65, 8, 1 ]
               - [ 33, 110, 5 ]
               - [ 78, 22, 4 ]
         -
            width: 49
            height: 56
            tl_x: 51
            tl_y: 51
            pyramid_level: 1
            features:
               - [ 31, 53, 4 ]
               - [ 36, 11, 4 ]
               - [ 15, 54, 5 ]
               - [ 47, 47, 1 ]
               - [ 3, 42, 7 ]
               - [ 0, 27, 0 ]
               - [ 43, 31, 7 ]
               - [ 23, 6, 1 ]
               - [ 10, 15, 4 ]
               - [ 44, 20, 1 ]
   -
      template_id: 3
      templates:
         -
            width: 101
            height: 115
            tl_x: 102
            tl_y: 100
            pyramid_level: 0
            features:
               - [ 64, 107, 3 ]
               - [ 2, 76, 7 ]
               - [ 62, 24, 3 ]
               - [ 84, 50, 0 ]
               - [ 41, 25, 0 ]
               - [ 101, 82, 1 ]
               - [ 31, 110, 5 ]
               - [ 46, 115, 4 ]
               - [ 50, 1, 2 ]
               - [ 93, 100, 2 ]
               - [ 96, 70, 5 ]
               - [ 9, 90, 7 ]
               - [ 0, 58, 0 ]
               - [ 27, 33, 4 ]
               - [ 90, 32, 1 ]
               - [ 80, 22, 5 ]
               - [ 61, 9, 0 ]
               - [ 4, 45, 1 ]
               - [ 21, 103, 6 ]
               - [ 43, 11, 1 ]
         -
            width: 50
            height: 57
            tl_x: 51
            tl_y: 50
            pyramid_level: 1
            features:
               - [ 18, 56, 5 ]
               - [ 31, 54, 3 ]
               - [ 50, 42, 1 ]
               - [ 10, 17, 3 ]
               - [ 0, 32, 0 ]
               - [ 42, 25, 0 ]
               - [ 30, 6, 1 ]
               - [ 39, 11, 4 ]
               - [ 6, 47, 6 ]
               - [ 21, 7, 1 ]
   -
      template_id: 4
      templates:
         -
            width: 103
            height: 114
            tl_x: 102
            tl_y: 100
            pyramid_level: 0
            features:
               - [ 67, 106, 3 ]
               - [ 61, 22, 3 ]
               - [ 3, 78, 7 ]
               - [ 103, 78, 0 ]
               - [ 54, 114, 3 ]
               - [ 11, 92, 6 ]
               - [ 38, 24, 0 ]
               - [ 35, 111, 5 ]
               - [ 83, 46, 0 ]
               - [ 97, 95, 1 ]
               - [ 45, 1, 2 ]
               - [ 98, 66, 5 ]
               - [ 16, 37, 3 ]
               - [ 84, 22, 5 ]
               - [ 0, 61, 0 ]
               - [ 5, 46, 2 ]
               - [ 57, 7, 0 ]
               - [ 31, 34, 4 ]
               - [ 39, 12, 1 ]
               - [ 88, 59, 6 ]
         -
            width: 51
            height: 57
            tl_x: 51
            tl_y: 50
            pyramid_level: 1
            features:
               - [ 38, 52, 4 ]
               - [ 51, 41, 1 ]
               - [ 19, 56, 5 ]
               - [ 34, 10, 3 ]
               - [ 19, 10, 0 ]
               - [ 4, 44, 7 ]
               - [ 42, 19, 1 ]
               - [ 10, 18, 3 ]
               - [ 1, 26, 1 ]
               - [ 23, 0, 2 ]
   -
      template_id: 5
      templates:
         -
            width: 105
            height: 112
            tl_x: 102
            tl_y: 102
            pyramid_level: 0
            features:
               - [ 74, 101, 3 ]
               - [ 60, 18, 3 ]
               - [ 5, 80, 7 ]
               - [ 36, 26, 7 ]
               - [ 15, 94, 6 ]
               - [ 41, 110, 5 ]
               - [ 82, 41, 0 ]
               - [ 102, 83, 1 ]
               - [ 105, 66, 0 ]
               - [ 40, 0, 2 ]
               - [ 57, 112, 3 ]
               - [ 94, 58, 5 ]
               - [ 85, 23, 1 ]
               - [ 1, 65, 0 ]
               - [ 14, 38, 3 ]
               - [ 87, 98, 4 ]
               - [ 35, 12, 0 ]
               - [ 3, 50, 1 ]
               - [ 27, 34, 4 ]
               - [ 52, 2, 0 ]
         -
            width: 52
            height: 56
            tl_x: 51
            tl_y: 51
            pyramid_level: 1
            features:
               - [ 20, 55, 5 ]
               - [ 52, 37, 0 ]
               - [ 36, 51, 3 ]
               - [ 41, 18, 0 ]
               - [ 10, 18, 3 ]
               - [ 26, 4, 0 ]
               - [ 1, 35, 7 ]
               - [ 11, 50, 6 ]
               - [ 39, 8, 5 ]
               - [ 2, 24, 1 ]
               - [ 17, 9, 0 ]
   -
      template_id: 6
      templates:
         -
            width: 104
            height: 111
