%YAML:1.0
---
class_id: "back0warp49.png"
pyramid_levels: 2
template_pyramids:
   -
      template_id: 0
      templates:
         -
            width: 51
            height: 122
            tl_x: 100
            tl_y: 100
            pyramid_level: 0
            features:
               - [ 10, 97, 7 ]
               - [ 6, 85, 7 ]
               - [ 49, 91, 7 ]
               - [ 2, 67, 7 ]
               - [ 44, 77, 7 ]
               - [ 3, 22, 1 ]
               - [ 34, 13, 1 ]
               - [ 43, 58, 1 ]
               - [ 28, 112, 6 ]
               - [ 25, 8, 1 ]
               - [ 47, 37, 7 ]
               - [ 36, 25, 5 ]
               - [ 18, 19, 6 ]
               - [ 35, 122, 6 ]
               - [ 51, 108, 1 ]
               - [ 47, 47, 1 ]
               - [ 31, 1, 3 ]
               - [ 1, 31, 0 ]
               - [ 43, 68, 0 ]
               - [ 17, 104, 4 ]
         -
            width: 25
            height: 61
            tl_x: 50
            tl_y: 50
            pyramid_level: 1
            features:
               - [ 4, 45, 7 ]
               - [ 1, 33, 0 ]
               - [ 23, 42, 7 ]
               - [ 1, 13, 1 ]
               - [ 14, 56, 6 ]
               - [ 25, 55, 1 ]
               - [ 22, 27, 1 ]
               - [ 22, 16, 6 ]
               - [ 17, 6, 1 ]
               - [ 7, 8, 5 ]
   -
      template_id: 1
      templates:
         -
            width: 56
            height: 118
            tl_x: 98
            tl_y: 102
            pyramid_level: 0
            features:
               - [ 15, 96, 7 ]
               - [ 10, 84, 7 ]
               - [ 6, 73, 7 ]
               - [ 52, 84, 7 ]
               - [ 47, 73, 7 ]
               - [ 2, 57, 0 ]
               - [ 41, 118, 6 ]
               - [ 32, 107, 6 ]
               - [ 15, 17, 5 ]
               - [ 26, 0, 2 ]
               - [ 0, 34, 0 ]
               - [ 30, 15, 1 ]
               - [ 41, 26, 6 ]
               - [ 48, 35, 7 ]
               - [ 3, 19, 1 ]
               - [ 45, 63, 0 ]
               - [ 45, 52, 0 ]
               - [ 56, 106, 1 ]
               - [ 52, 117, 1 ]
               - [ 4, 65, 7 ]
               - [ 1, 49, 0 ]
               - [ 24, 103, 4 ]
         -
            width: 28
            height: 59
            tl_x: 49
            tl_y: 51
            pyramid_level: 1
            features:
               - [ 5, 42, 7 ]
               - [ 23, 35, 7 ]
               - [ 28, 53, 1 ]
               - [ 2, 33, 7 ]
               - [ 23, 24, 1 ]
               - [ 19, 57, 6 ]
               - [ 23, 16, 7 ]
               - [ 1, 11, 1 ]
               - [ 11, 4, 1 ]
               - [ 26, 42, 7 ]
   -
      template_id: 2
      templates:
         -
            width: 62
            height: 115
            tl_x: 96
            tl_y: 104
            pyramid_level: 0
            features:
               - [ 4, 58, 7 ]
               - [ 20, 95, 7 ]
               - [ 14, 84, 7 ]
               - [ 0, 35, 0 ]
               - [ 29, 0, 0 ]
               - [ 9, 72, 7 ]
               - [ 56, 80, 7 ]
               - [ 33, 20, 4 ]
               - [ 45, 28, 6 ]
               - [ 50, 70, 7 ]
               - [ 46, 52, 0 ]
               - [ 19, 9, 0 ]
               - [ 10, 15, 5 ]
               - [ 37, 104, 6 ]
               - [ 1, 20, 1 ]
               - [ 62, 101, 0 ]
               - [ 48, 115, 6 ]
               - [ 48, 40, 1 ]
               - [ 59, 112, 1 ]
               - [ 29, 9, 0 ]
         -
            width: 31
            height: 57
            tl_x: 48
            tl_y: 52
            pyramid_level: 1
            features:
               - [ 26, 37, 7 ]
               - [ 0, 15, 0 ]
               - [ 4, 35, 7 ]
               - [ 23, 27, 0 ]
               - [ 10, 47, 7 ]
               - [ 21, 54, 6 ]
               - [ 31, 50, 0 ]
               - [ 19, 11, 5 ]
               - [ 10, 2, 1 ]
               - [ 24, 20, 1 ]
               - [ 6, 8, 5 ]
   -
      template_id: 3
      templates:
         -
            width: 69
            height: 111
            tl_x: 92
            tl_y: 104
            pyramid_level: 0
            features:
               - [ 28, 0, 7 ]
               - [ 8, 60, 7 ]
               - [ 2, 38, 0 ]
               - [ 26, 94, 7 ]
               - [ 55, 68, 7 ]
               - [ 20, 85, 7 ]
               - [ 15, 76, 7 ]
               - [ 50, 55, 7 ]
               - [ 49, 30, 6 ]
               - [ 19, 6, 0 ]
               - [ 28, 13, 1 ]
               - [ 55, 111, 6 ]
               - [ 61, 77, 6 ]
               - [ 1, 27, 0 ]
               - [ 43, 102, 5 ]
               - [ 40, 22, 5 ]
               - [ 10, 17, 5 ]
               - [ 69, 102, 0 ]
               - [ 50, 39, 1 ]
               - [ 67, 111, 1 ]
         -
            width: 34
            height: 55
            tl_x: 46
            tl_y: 52
            pyramid_level: 1
            features:
               - [ 27, 33, 7 ]
               - [ 11, 44, 7 ]
               - [ 7, 37, 7 ]
               - [ 25, 20, 0 ]
               - [ 24, 53, 6 ]
               - [ 34, 53, 1 ]
               - [ 1, 12, 1 ]
               - [ 20, 11, 5 ]
               - [ 14, 5, 0 ]
               - [ 31, 39, 6 ]
   -
      template_id: 4
      templates:
         -
            width: 75
            height: 108
            tl_x: 90
            tl_y: 104
            pyramid_level: 0
            features:
               - [ 10, 62, 7 ]
               - [ 25, 1, 7 ]
               - [ 2, 40, 7 ]
               - [ 33, 97, 6 ]
               - [ 62, 72, 6 ]
               - [ 19, 78, 7 ]
               - [ 25, 87, 6 ]
               - [ 50, 46, 0 ]
               - [ 26, 14, 1 ]
               - [ 60, 108, 6 ]
               - [ 1, 25, 1 ]
               - [ 70, 80, 6 ]
               - [ 48, 101, 5 ]
               - [ 12, 20, 5 ]
               - [ 37, 21, 5 ]
               - [ 48, 28, 6 ]
               - [ 75, 94, 0 ]
               - [ 74, 105, 0 ]
               - [ 16, 8, 0 ]
               - [ 52, 55, 7 ]
         -
            width: 37
            height: 54
            tl_x: 45
            tl_y: 52
            pyramid_level: 1
            features:
               - [ 33, 38, 6 ]
               - [ 26, 27, 7 ]
               - [ 10, 40, 7 ]
               - [ 27, 52, 5 ]
               - [ 37, 52, 0 ]
               - [ 16, 48, 6 ]
               - [ 13, 4, 0 ]
               - [ 23, 13, 6 ]
               - [ 0, 15, 0 ]
               - [ 5, 10, 4 ]
   -
      template_id: 5
      templates:
         -
            width: 80
            height: 105
            tl_x: 88
            tl_y: 106
            pyramid_level: 0
            features:
               - [ 12, 62, 7 ]
               - [ 22, 0, 7 ]
               - [ 20, 74, 6 ]
               - [ 28, 84, 6 ]
               - [ 60, 62, 6 ]
               - [ 2, 40, 7 ]
               - [ 0, 29, 0 ]
               - [ 54, 98, 5 ]
               - [ 14, 5, 0 ]
               - [ 71, 73, 6 ]
               - [ 51, 44, 7 ]
               - [ 48, 26, 6 ]
               - [ 68, 105, 5 ]
               - [ 39, 96, 6 ]
               - [ 24, 14, 1 ]
               - [ 9, 20, 4 ]
               - [ 36, 19, 5 ]
               - [ 80, 93, 0 ]
               - [ 79, 104, 1 ]
               - [ 15, 14, 7 ]
         -
            width: 40
            height: 52
            tl_x: 44
            tl_y: 53
            pyramid_level: 1
            features:
               - [ 15, 43, 6 ]
               - [ 34, 35, 6 ]
               - [ 27, 26, 7 ]
               - [ 33, 52, 5 ]
               - [ 0, 15, 0 ]
               - [ 40, 47, 0 ]
               - [ 19, 10, 5 ]
               - [ 12, 4, 0 ]
               - [ 25, 49, 4 ]
               - [ 10, 37, 6 ]
               - [ 25, 19, 0 ]
   -
      template_id: 6
      templates:
         -
            width: 86
            height: 102
            tl_x: 86
            tl_y: 108
            pyramid_level: 0
