%YAML:1.0
---
class_id: "back0warp8.png"
pyramid_levels: 2
template_pyramids:
   -
      template_id: 0
      templates:
         -
            width: 97
            height: 68
            tl_x: 100
            tl_y: 102
            pyramid_level: 0
            features:
               - [ 66, 0, 3 ]
               - [ 27, 16, 3 ]
               - [ 14, 22, 3 ]
               - [ 94, 32, 5 ]
               - [ 43, 65, 3 ]
               - [ 79, 61, 4 ]
               - [ 86, 8, 4 ]
               - [ 53, 62, 4 ]
               - [ 1, 38, 1 ]
               - [ 73, 9, 4 ]
               - [ 54, 8, 1 ]
               - [ 22, 68, 5 ]
               - [ 88, 18, 1 ]
               - [ 90, 56, 2 ]
               - [ 97, 48, 2 ]
               - [ 62, 61, 4 ]
               - [ 39, 14, 4 ]
               - [ 7, 59, 6 ]
               - [ 1, 49, 7 ]
               - [ 35, 68, 3 ]
               - [ 87, 26, 7 ]
         -
            width: 48
            height: 34
            tl_x: 50
            tl_y: 51
            pyramid_level: 1
            features:
               - [ 21, 7, 4 ]
               - [ 26, 31, 4 ]
               - [ 9, 33, 5 ]
               - [ 41, 4, 4 ]
               - [ 41, 30, 3 ]
               - [ 2, 16, 1 ]
               - [ 47, 16, 5 ]
               - [ 11, 9, 3 ]
               - [ 1, 26, 7 ]
               - [ 30, 1, 3 ]
   -
      template_id: 1
      templates:
         -
            width: 98
            height: 72
            tl_x: 100
            tl_y: 100
            pyramid_level: 0
            features:
               - [ 63, 1, 3 ]
               - [ 18, 24, 3 ]
               - [ 27, 20, 3 ]
               - [ 75, 8, 3 ]
               - [ 6, 35, 2 ]
               - [ 97, 31, 5 ]
               - [ 42, 69, 3 ]
               - [ 54, 64, 3 ]
               - [ 85, 7, 4 ]
               - [ 78, 61, 4 ]
               - [ 21, 71, 5 ]
               - [ 98, 46, 1 ]
               - [ 65, 62, 4 ]
               - [ 40, 17, 4 ]
               - [ 87, 16, 1 ]
               - [ 87, 26, 6 ]
               - [ 5, 60, 6 ]
               - [ 1, 48, 0 ]
               - [ 55, 16, 3 ]
               - [ 86, 59, 3 ]
               - [ 56, 5, 2 ]
         -
            width: 49
            height: 36
            tl_x: 50
            tl_y: 50
            pyramid_level: 1
            features:
               - [ 9, 12, 3 ]
               - [ 27, 32, 3 ]
               - [ 12, 36, 5 ]
               - [ 49, 23, 1 ]
               - [ 41, 30, 3 ]
               - [ 39, 4, 4 ]
               - [ 1, 22, 1 ]
               - [ 22, 8, 4 ]
               - [ 30, 1, 3 ]
               - [ 47, 15, 5 ]
               - [ 4, 32, 6 ]
   -
      template_id: 2
      templates:
         -
            width: 97
            height: 74
            tl_x: 102
            tl_y: 100
            pyramid_level: 0
            features:
               - [ 20, 24, 3 ]
               - [ 58, 0, 3 ]
               - [ 33, 19, 3 ]
               - [ 68, 7, 3 ]
               - [ 81, 58, 3 ]
               - [ 9, 32, 2 ]
               - [ 57, 63, 3 ]
               - [ 38, 73, 3 ]
               - [ 85, 10, 2 ]
               - [ 24, 74, 5 ]
               - [ 92, 27, 4 ]
               - [ 48, 9, 1 ]
               - [ 1, 47, 1 ]
               - [ 97, 42, 1 ]
               - [ 69, 60, 3 ]
               - [ 11, 69, 6 ]
               - [ 2, 59, 7 ]
               - [ 46, 68, 3 ]
               - [ 92, 50, 2 ]
               - [ 42, 17, 4 ]
         -
            width: 48
            height: 37
            tl_x: 51
            tl_y: 50
            pyramid_level: 1
            features:
               - [ 15, 10, 3 ]
               - [ 23, 34, 3 ]
               - [ 12, 37, 5 ]
               - [ 35, 30, 4 ]
               - [ 4, 17, 2 ]
               - [ 48, 22, 1 ]
               - [ 2, 31, 6 ]
               - [ 36, 3, 3 ]
               - [ 26, 2, 2 ]
               - [ 45, 13, 5 ]
   -
      template_id: 3
      templates:
         -
            width: 98
            height: 76
            tl_x: 104
            tl_y: 100
            pyramid_level: 0
            features:
               - [ 28, 21, 3 ]
               - [ 52, 0, 2 ]
               - [ 6, 37, 2 ]
               - [ 58, 62, 3 ]
               - [ 18, 26, 2 ]
               - [ 65, 5, 3 ]
               - [ 83, 54, 3 ]
               - [ 39, 74, 3 ]
               - [ 80, 8, 1 ]
               - [ 87, 23, 4 ]
               - [ 0, 54, 0 ]
               - [ 49, 67, 2 ]
               - [ 92, 45, 1 ]
               - [ 24, 76, 4 ]
               - [ 98, 29, 0 ]
               - [ 70, 58, 3 ]
               - [ 12, 72, 5 ]
               - [ 50, 14, 2 ]
               - [ 37, 18, 3 ]
               - [ 2, 63, 7 ]
         -
            width: 49
            height: 38
            tl_x: 52
            tl_y: 50
            pyramid_level: 1
            features:
               - [ 13, 11, 3 ]
               - [ 12, 38, 4 ]
               - [ 29, 31, 3 ]
               - [ 39, 28, 3 ]
               - [ 48, 18, 1 ]
               - [ 34, 2, 3 ]
               - [ 2, 20, 1 ]
               - [ 24, 2, 2 ]
               - [ 21, 36, 2 ]
               - [ 3, 34, 6 ]
               - [ 42, 11, 5 ]
   -
      template_id: 4
      templates:
         -
            width: 95
            height: 80
            tl_x: 106
            tl_y: 98
            pyramid_level: 0
            features:
               - [ 25, 25, 3 ]
               - [ 59, 6, 3 ]
               - [ 15, 31, 2 ]
               - [ 47, 71, 2 ]
               - [ 49, 0, 2 ]
               - [ 6, 40, 2 ]
               - [ 58, 63, 3 ]
               - [ 76, 6, 1 ]
               - [ 1, 50, 1 ]
               - [ 79, 55, 3 ]
               - [ 27, 80, 4 ]
               - [ 40, 10, 1 ]
               - [ 80, 21, 5 ]
               - [ 95, 28, 0 ]
               - [ 91, 42, 1 ]
               - [ 0, 62, 7 ]
               - [ 13, 77, 5 ]
               - [ 40, 77, 3 ]
               - [ 34, 21, 3 ]
               - [ 70, 58, 3 ]
               - [ 5, 72, 6 ]
         -
            width: 47
            height: 40
            tl_x: 53
            tl_y: 49
            pyramid_level: 1
            features:
               - [ 38, 28, 3 ]
               - [ 13, 40, 4 ]
               - [ 3, 20, 2 ]
               - [ 23, 36, 2 ]
               - [ 13, 12, 3 ]
               - [ 47, 16, 1 ]
               - [ 32, 2, 3 ]
               - [ 2, 35, 6 ]
               - [ 22, 2, 2 ]
               - [ 30, 31, 3 ]
   -
      template_id: 5
      templates:
         -
            width: 91
            height: 82
            tl_x: 108
            tl_y: 98
            pyramid_level: 0
            features:
               - [ 21, 27, 3 ]
               - [ 3, 46, 1 ]
               - [ 13, 33, 2 ]
               - [ 54, 5, 3 ]
               - [ 39, 5, 2 ]
               - [ 71, 4, 1 ]
               - [ 81, 50, 2 ]
               - [ 55, 64, 2 ]
               - [ 40, 78, 2 ]
               - [ 85, 18, 4 ]
               - [ 48, 71, 2 ]
               - [ 76, 18, 5 ]
               - [ 0, 65, 7 ]
               - [ 91, 31, 0 ]
               - [ 69, 56, 3 ]
               - [ 33, 21, 3 ]
               - [ 15, 80, 5 ]
               - [ 30, 82, 4 ]
               - [ 35, 13, 0 ]
               - [ 61, 1, 3 ]
               - [ 89, 39, 1 ]
               - [ 70, 12, 7 ]
         -
            width: 45
            height: 41
            tl_x: 54
            tl_y: 49
            pyramid_level: 1
            features:
               - [ 10, 14, 3 ]
               - [ 37, 27, 3 ]
               - [ 2, 22, 1 ]
               - [ 29, 31, 3 ]
               - [ 41, 9, 4 ]
               - [ 45, 17, 1 ]
               - [ 30, 1, 3 ]
               - [ 8, 40, 5 ]
               - [ 19, 3, 1 ]
               - [ 23, 36, 2 ]
   -
      template_id: 6
      templates:
         -
            width: 89
            height: 87
            tl_x: 110
