%YAML:1.0
---
class_id: "back0warp10.png"
pyramid_levels: 2
template_pyramids:
   -
      template_id: 0
      templates:
         -
            width: 87
            height: 81
            tl_x: 100
            tl_y: 102
            pyramid_level: 0
            features:
               - [ 34, 24, 3 ]
               - [ 8, 45, 1 ]
               - [ 74, 5, 3 ]
               - [ 50, 66, 3 ]
               - [ 23, 30, 2 ]
               - [ 71, 58, 3 ]
               - [ 30, 80, 3 ]
               - [ 60, 1, 2 ]
               - [ 60, 62, 3 ]
               - [ 42, 71, 2 ]
               - [ 45, 20, 3 ]
               - [ 78, 14, 1 ]
               - [ 87, 38, 1 ]
               - [ 50, 11, 1 ]
               - [ 82, 47, 1 ]
               - [ 1, 60, 1 ]
               - [ 78, 23, 6 ]
               - [ 1, 69, 7 ]
               - [ 12, 81, 5 ]
               - [ 4, 52, 1 ]
         -
            width: 43
            height: 40
            tl_x: 50
            tl_y: 51
            pyramid_level: 1
            features:
               - [ 19, 37, 2 ]
               - [ 5, 21, 2 ]
               - [ 15, 13, 3 ]
               - [ 42, 22, 1 ]
               - [ 25, 33, 3 ]
               - [ 33, 30, 3 ]
               - [ 5, 40, 5 ]
               - [ 39, 7, 1 ]
               - [ 26, 4, 2 ]
               - [ 42, 13, 5 ]
   -
      template_id: 1
      templates:
         -
            width: 87
            height: 84
            tl_x: 102
            tl_y: 102
            pyramid_level: 0
            features:
               - [ 20, 32, 2 ]
               - [ 31, 25, 3 ]
               - [ 64, 5, 3 ]
               - [ 12, 40, 2 ]
               - [ 55, 63, 3 ]
               - [ 45, 69, 2 ]
               - [ 53, 1, 2 ]
               - [ 76, 6, 1 ]
               - [ 77, 49, 2 ]
               - [ 3, 56, 1 ]
               - [ 87, 27, 1 ]
               - [ 33, 80, 2 ]
               - [ 70, 56, 3 ]
               - [ 83, 38, 1 ]
               - [ 7, 47, 1 ]
               - [ 41, 20, 3 ]
               - [ 73, 18, 7 ]
               - [ 11, 83, 5 ]
               - [ 3, 76, 7 ]
               - [ 48, 7, 2 ]
               - [ 1, 63, 0 ]
         -
            width: 43
            height: 42
            tl_x: 51
            tl_y: 51
            pyramid_level: 1
            features:
               - [ 40, 22, 1 ]
               - [ 6, 20, 2 ]
               - [ 13, 14, 3 ]
               - [ 31, 30, 3 ]
               - [ 1, 29, 1 ]
               - [ 22, 35, 2 ]
               - [ 8, 42, 4 ]
               - [ 37, 5, 1 ]
               - [ 24, 3, 2 ]
               - [ 15, 41, 3 ]
               - [ 1, 36, 7 ]
   -
      template_id: 2
      templates:
         -
            width: 81
            height: 88
            tl_x: 106
            tl_y: 100
            pyramid_level: 0
            features:
               - [ 6, 48, 1 ]
               - [ 21, 31, 2 ]
               - [ 48, 67, 2 ]
               - [ 56, 6, 2 ]
               - [ 0, 63, 1 ]
               - [ 42, 7, 2 ]
               - [ 75, 46, 1 ]
               - [ 31, 84, 2 ]
               - [ 58, 61, 3 ]
               - [ 67, 10, 1 ]
               - [ 79, 36, 1 ]
               - [ 68, 55, 2 ]
               - [ 65, 1, 3 ]
               - [ 77, 21, 4 ]
               - [ 9, 87, 5 ]
               - [ 0, 76, 7 ]
               - [ 11, 41, 2 ]
               - [ 37, 78, 2 ]
               - [ 81, 28, 1 ]
               - [ 67, 18, 7 ]
         -
            width: 40
            height: 44
            tl_x: 53
            tl_y: 50
            pyramid_level: 1
            features:
               - [ 13, 14, 3 ]
               - [ 6, 20, 2 ]
               - [ 0, 32, 1 ]
               - [ 39, 19, 1 ]
               - [ 30, 30, 3 ]
               - [ 21, 36, 2 ]
               - [ 7, 44, 4 ]
               - [ 33, 6, 0 ]
               - [ 20, 5, 1 ]
               - [ 14, 43, 3 ]
   -
      template_id: 3
      templates:
         -
            width: 77
            height: 89
            tl_x: 108
            tl_y: 100
            pyramid_level: 0
            features:
               - [ 18, 33, 2 ]
               - [ 8, 45, 1 ]
               - [ 2, 57, 1 ]
               - [ 27, 26, 2 ]
               - [ 54, 2, 3 ]
               - [ 70, 49, 1 ]
               - [ 51, 64, 2 ]
               - [ 36, 81, 1 ]
               - [ 35, 11, 1 ]
               - [ 75, 37, 1 ]
               - [ 42, 73, 2 ]
               - [ 41, 1, 2 ]
               - [ 62, 8, 0 ]
               - [ 61, 57, 3 ]
               - [ 77, 28, 0 ]
               - [ 29, 88, 2 ]
               - [ 0, 76, 7 ]
               - [ 72, 18, 4 ]
               - [ 10, 89, 5 ]
               - [ 0, 65, 0 ]
               - [ 63, 16, 6 ]
         -
            width: 38
            height: 44
            tl_x: 54
            tl_y: 50
            pyramid_level: 1
            features:
               - [ 1, 29, 1 ]
               - [ 5, 21, 2 ]
               - [ 27, 31, 2 ]
               - [ 37, 20, 1 ]
               - [ 11, 15, 2 ]
               - [ 19, 39, 2 ]
               - [ 31, 5, 0 ]
               - [ 18, 4, 1 ]
               - [ 23, 34, 2 ]
               - [ 27, 1, 3 ]
               - [ 35, 9, 4 ]
   -
      template_id: 4
      templates:
         -
            width: 74
            height: 92
            tl_x: 110
            tl_y: 100
            pyramid_level: 0
            features:
               - [ 5, 50, 1 ]
               - [ 15, 35, 2 ]
               - [ 45, 4, 2 ]
               - [ 1, 62, 1 ]
               - [ 34, 3, 1 ]
               - [ 43, 72, 1 ]
               - [ 69, 45, 1 ]
               - [ 0, 74, 0 ]
               - [ 73, 30, 0 ]
               - [ 30, 12, 1 ]
               - [ 57, 5, 0 ]
               - [ 36, 83, 2 ]
               - [ 26, 25, 2 ]
               - [ 59, 56, 2 ]
               - [ 52, 62, 2 ]
               - [ 65, 16, 4 ]
               - [ 74, 21, 0 ]
               - [ 20, 92, 4 ]
               - [ 11, 91, 5 ]
               - [ 9, 43, 1 ]
               - [ 2, 82, 7 ]
         -
            width: 37
            height: 46
            tl_x: 55
            tl_y: 50
            pyramid_level: 1
            features:
               - [ 9, 16, 2 ]
               - [ 3, 24, 1 ]
               - [ 23, 34, 2 ]
               - [ 36, 18, 1 ]
               - [ 0, 35, 0 ]
               - [ 32, 26, 2 ]
               - [ 33, 8, 4 ]
               - [ 25, 0, 3 ]
               - [ 15, 5, 1 ]
               - [ 19, 40, 1 ]
   -
      template_id: 5
      templates:
         -
            width: 70
            height: 97
            tl_x: 112
            tl_y: 96
            pyramid_level: 0
            features:
               - [ 4, 56, 1 ]
               - [ 10, 44, 1 ]
               - [ 44, 74, 1 ]
               - [ 39, 8, 2 ]
               - [ 26, 14, 1 ]
               - [ 1, 68, 0 ]
               - [ 67, 46, 1 ]
               - [ 36, 89, 2 ]
               - [ 16, 37, 2 ]
               - [ 29, 6, 1 ]
               - [ 46, 1, 2 ]
               - [ 63, 53, 2 ]
               - [ 1, 82, 7 ]
               - [ 70, 24, 0 ]
               - [ 62, 17, 3 ]
               - [ 24, 29, 2 ]
               - [ 23, 97, 3 ]
               - [ 54, 16, 6 ]
               - [ 13, 97, 5 ]
               - [ 69, 39, 0 ]
               - [ 48, 68, 2 ]
         -
            width: 35
            height: 48
            tl_x: 56
            tl_y: 48
            pyramid_level: 1
            features:
               - [ 4, 24, 1 ]
               - [ 25, 33, 2 ]
               - [ 34, 21, 1 ]
               - [ 9, 17, 2 ]
               - [ 0, 38, 0 ]
               - [ 4, 47, 6 ]
               - [ 26, 5, 0 ]
               - [ 13, 6, 1 ]
               - [ 1, 31, 1 ]
               - [ 35, 14, 0 ]
               - [ 21, 39, 1 ]
   -
      template_id: 6
      templates:
         -
            width: 66
            height: 92
            tl_x: 114
            tl_y: 102
