%YAML:1.0
---
class_id: "back0warp76.png"
pyramid_levels: 2
template_pyramids:
   -
      template_id: 0
      templates:
         -
            width: 83
            height: 114
            tl_x: 102
            tl_y: 108
            pyramid_level: 0
            features:
               - [ 60, 0, 1 ]
               - [ 39, 15, 1 ]
               - [ 1, 81, 7 ]
               - [ 5, 31, 2 ]
               - [ 0, 42, 1 ]
               - [ 46, 1, 2 ]
               - [ 67, 20, 5 ]
               - [ 51, 114, 5 ]
               - [ 52, 16, 2 ]
               - [ 7, 95, 7 ]
               - [ 14, 105, 6 ]
               - [ 23, 22, 4 ]
               - [ 32, 111, 3 ]
               - [ 76, 76, 6 ]
               - [ 71, 64, 0 ]
               - [ 81, 34, 2 ]
               - [ 72, 110, 2 ]
               - [ 73, 47, 1 ]
               - [ 83, 91, 1 ]
               - [ 44, 25, 3 ]
         -
            width: 41
            height: 57
            tl_x: 51
            tl_y: 54
            pyramid_level: 1
            features:
               - [ 20, 6, 1 ]
               - [ 1, 42, 7 ]
               - [ 32, 10, 4 ]
               - [ 3, 15, 2 ]
               - [ 23, 56, 5 ]
               - [ 39, 19, 2 ]
               - [ 39, 39, 6 ]
               - [ 36, 55, 2 ]
               - [ 8, 54, 6 ]
               - [ 35, 29, 0 ]
   -
      template_id: 1
      templates:
         -
            width: 88
            height: 116
            tl_x: 100
            tl_y: 106
            pyramid_level: 0
            features:
               - [ 6, 35, 1 ]
               - [ 57, 1, 0 ]
               - [ 9, 94, 7 ]
               - [ 66, 20, 4 ]
               - [ 1, 48, 1 ]
               - [ 47, 112, 4 ]
               - [ 39, 12, 1 ]
               - [ 53, 22, 3 ]
               - [ 2, 75, 0 ]
               - [ 24, 113, 6 ]
               - [ 19, 26, 4 ]
               - [ 82, 77, 6 ]
               - [ 88, 89, 1 ]
               - [ 76, 41, 1 ]
               - [ 83, 101, 1 ]
               - [ 74, 65, 7 ]
               - [ 33, 27, 4 ]
               - [ 79, 26, 6 ]
               - [ 73, 53, 0 ]
               - [ 58, 115, 5 ]
               - [ 44, 2, 2 ]
               - [ 36, 115, 3 ]
         -
            width: 44
            height: 58
            tl_x: 50
            tl_y: 53
            pyramid_level: 1
            features:
               - [ 2, 41, 7 ]
               - [ 28, 3, 1 ]
               - [ 27, 57, 5 ]
               - [ 12, 13, 4 ]
               - [ 1, 22, 1 ]
               - [ 8, 52, 6 ]
               - [ 42, 50, 1 ]
               - [ 37, 32, 7 ]
               - [ 38, 21, 1 ]
               - [ 16, 58, 4 ]
   -
      template_id: 2
      templates:
         -
            width: 88
            height: 121
            tl_x: 100
            tl_y: 102
            pyramid_level: 0
            features:
               - [ 8, 93, 7 ]
               - [ 52, 0, 0 ]
               - [ 39, 6, 1 ]
               - [ 3, 80, 7 ]
               - [ 35, 121, 4 ]
               - [ 2, 47, 1 ]
               - [ 34, 23, 0 ]
               - [ 0, 63, 0 ]
               - [ 25, 115, 6 ]
               - [ 51, 12, 1 ]
               - [ 65, 118, 5 ]
               - [ 14, 103, 6 ]
               - [ 63, 22, 4 ]
               - [ 17, 32, 3 ]
               - [ 80, 75, 6 ]
               - [ 74, 64, 7 ]
               - [ 75, 41, 1 ]
               - [ 87, 101, 1 ]
               - [ 76, 27, 6 ]
               - [ 7, 38, 2 ]
               - [ 55, 116, 4 ]
               - [ 53, 24, 3 ]
               - [ 72, 54, 0 ]
               - [ 39, 32, 3 ]
         -
            width: 44
            height: 60
            tl_x: 50
            tl_y: 51
            pyramid_level: 1
            features:
               - [ 26, 4, 0 ]
               - [ 1, 24, 1 ]
               - [ 27, 58, 4 ]
               - [ 11, 56, 6 ]
               - [ 10, 16, 4 ]
               - [ 44, 49, 1 ]
               - [ 37, 22, 1 ]
               - [ 5, 48, 7 ]
               - [ 42, 39, 6 ]
               - [ 35, 12, 5 ]
   -
      template_id: 3
      templates:
         -
            width: 91
            height: 121
            tl_x: 100
            tl_y: 102
            pyramid_level: 0
            features:
               - [ 47, 1, 0 ]
               - [ 5, 84, 7 ]
               - [ 31, 22, 0 ]
               - [ 3, 45, 1 ]
               - [ 0, 58, 0 ]
               - [ 11, 96, 6 ]
               - [ 56, 115, 4 ]
               - [ 22, 110, 6 ]
               - [ 18, 34, 4 ]
               - [ 70, 116, 5 ]
               - [ 56, 21, 3 ]
               - [ 42, 121, 4 ]
               - [ 83, 73, 5 ]
               - [ 76, 31, 1 ]
               - [ 86, 109, 1 ]
               - [ 74, 61, 7 ]
               - [ 91, 95, 1 ]
               - [ 35, 5, 1 ]
               - [ 44, 20, 1 ]
               - [ 72, 43, 0 ]
         -
            width: 45
            height: 60
            tl_x: 50
            tl_y: 51
            pyramid_level: 1
            features:
               - [ 9, 17, 4 ]
               - [ 35, 58, 4 ]
               - [ 45, 49, 1 ]
               - [ 11, 55, 6 ]
               - [ 24, 59, 3 ]
               - [ 37, 18, 1 ]
               - [ 27, 11, 3 ]
               - [ 17, 4, 1 ]
               - [ 41, 36, 6 ]
               - [ 2, 22, 1 ]
   -
      template_id: 4
      templates:
         -
            width: 95
            height: 118
            tl_x: 100
            tl_y: 102
            pyramid_level: 0
            features:
               - [ 42, 1, 7 ]
               - [ 8, 89, 7 ]
               - [ 2, 48, 1 ]
               - [ 28, 27, 7 ]
               - [ 0, 61, 0 ]
               - [ 17, 36, 3 ]
               - [ 30, 6, 1 ]
               - [ 63, 113, 4 ]
               - [ 15, 100, 6 ]
               - [ 36, 118, 5 ]
               - [ 53, 20, 3 ]
               - [ 40, 21, 1 ]
               - [ 83, 69, 5 ]
               - [ 73, 29, 1 ]
               - [ 93, 94, 0 ]
               - [ 74, 59, 7 ]
               - [ 70, 44, 0 ]
               - [ 52, 118, 2 ]
               - [ 65, 20, 5 ]
               - [ 95, 82, 0 ]
         -
            width: 47
            height: 59
            tl_x: 50
            tl_y: 51
            pyramid_level: 1
            features:
               - [ 14, 7, 0 ]
               - [ 0, 30, 0 ]
               - [ 15, 57, 6 ]
               - [ 8, 18, 3 ]
               - [ 47, 44, 0 ]
               - [ 6, 48, 6 ]
               - [ 27, 10, 3 ]
               - [ 30, 57, 3 ]
               - [ 38, 31, 6 ]
               - [ 36, 16, 1 ]
   -
      template_id: 5
      templates:
         -
            width: 96
            height: 121
            tl_x: 100
            tl_y: 102
            pyramid_level: 0
            features:
               - [ 36, 0, 7 ]
               - [ 25, 28, 7 ]
               - [ 10, 91, 7 ]
               - [ 1, 52, 1 ]
               - [ 51, 121, 3 ]
               - [ 25, 9, 1 ]
               - [ 2, 74, 7 ]
               - [ 16, 38, 3 ]
               - [ 65, 112, 3 ]
               - [ 36, 116, 5 ]
               - [ 50, 19, 3 ]
               - [ 37, 20, 1 ]
               - [ 25, 108, 6 ]
               - [ 85, 66, 5 ]
               - [ 69, 33, 0 ]
               - [ 74, 57, 7 ]
               - [ 78, 110, 4 ]
               - [ 95, 95, 1 ]
               - [ 67, 20, 5 ]
               - [ 69, 45, 0 ]
         -
            width: 48
            height: 60
            tl_x: 50
            tl_y: 51
            pyramid_level: 1
            features:
               - [ 0, 30, 0 ]
               - [ 19, 4, 0 ]
               - [ 8, 19, 3 ]
               - [ 20, 59, 5 ]
               - [ 9, 51, 6 ]
               - [ 48, 44, 0 ]
               - [ 35, 24, 7 ]
               - [ 33, 56, 3 ]
               - [ 42, 33, 5 ]
               - [ 28, 9, 4 ]
   -
      template_id: 6
      templates:
         -
            width: 98
            height: 116
