%YAML:1.0
---
class_id: "back0warp11.png"
pyramid_levels: 2
template_pyramids:
   -
      template_id: 0
      templates:
         -
            width: 79
            height: 83
            tl_x: 100
            tl_y: 104
            pyramid_level: 0
            features:
               - [ 76, 35, 1 ]
               - [ 26, 29, 2 ]
               - [ 11, 45, 2 ]
               - [ 4, 58, 1 ]
               - [ 67, 1, 3 ]
               - [ 34, 24, 3 ]
               - [ 64, 54, 2 ]
               - [ 48, 6, 2 ]
               - [ 51, 62, 3 ]
               - [ 69, 10, 1 ]
               - [ 42, 68, 2 ]
               - [ 27, 83, 2 ]
               - [ 71, 45, 1 ]
               - [ 79, 27, 1 ]
               - [ 1, 67, 0 ]
               - [ 17, 37, 2 ]
               - [ 1, 75, 0 ]
               - [ 57, 2, 1 ]
               - [ 32, 78, 2 ]
               - [ 37, 73, 2 ]
               - [ 75, 21, 4 ]
         -
            width: 39
            height: 41
            tl_x: 50
            tl_y: 52
            pyramid_level: 1
            features:
               - [ 2, 29, 1 ]
               - [ 14, 14, 2 ]
               - [ 20, 35, 2 ]
               - [ 39, 15, 1 ]
               - [ 6, 22, 2 ]
               - [ 29, 29, 3 ]
               - [ 1, 39, 7 ]
               - [ 35, 5, 1 ]
               - [ 23, 4, 1 ]
               - [ 15, 40, 2 ]
   -
      template_id: 1
      templates:
         -
            width: 74
            height: 88
            tl_x: 104
            tl_y: 104
            pyramid_level: 0
            features:
               - [ 14, 38, 2 ]
               - [ 60, 53, 2 ]
               - [ 24, 28, 2 ]
               - [ 57, 0, 3 ]
               - [ 68, 41, 1 ]
               - [ 50, 60, 2 ]
               - [ 0, 67, 0 ]
               - [ 72, 29, 1 ]
               - [ 3, 57, 1 ]
               - [ 34, 21, 3 ]
               - [ 63, 5, 1 ]
               - [ 44, 1, 2 ]
               - [ 39, 69, 2 ]
               - [ 28, 83, 2 ]
               - [ 69, 18, 4 ]
               - [ 34, 75, 2 ]
               - [ 0, 78, 0 ]
               - [ 7, 88, 5 ]
               - [ 18, 33, 2 ]
               - [ 74, 22, 0 ]
               - [ 63, 16, 6 ]
         -
            width: 37
            height: 44
            tl_x: 52
            tl_y: 52
            pyramid_level: 1
            features:
               - [ 12, 14, 2 ]
               - [ 7, 19, 2 ]
               - [ 1, 30, 1 ]
               - [ 34, 20, 1 ]
               - [ 25, 30, 2 ]
               - [ 15, 40, 2 ]
               - [ 31, 4, 0 ]
               - [ 4, 44, 5 ]
               - [ 20, 3, 1 ]
               - [ 3, 25, 1 ]
               - [ 21, 33, 2 ]
               - [ 36, 15, 1 ]
               - [ 16, 11, 2 ]
               - [ 34, 9, 5 ]
   -
      template_id: 2
      templates:
         -
            width: 70
            height: 88
            tl_x: 106
            tl_y: 102
            pyramid_level: 0
            features:
               - [ 11, 43, 2 ]
               - [ 16, 36, 2 ]
               - [ 6, 52, 1 ]
               - [ 58, 54, 2 ]
               - [ 48, 62, 2 ]
               - [ 22, 30, 2 ]
               - [ 27, 88, 2 ]
               - [ 38, 3, 2 ]
               - [ 37, 74, 2 ]
               - [ 68, 32, 1 ]
               - [ 52, 0, 2 ]
               - [ 2, 63, 1 ]
               - [ 0, 75, 0 ]
               - [ 57, 8, 0 ]
               - [ 65, 42, 1 ]
               - [ 65, 17, 3 ]
               - [ 34, 11, 1 ]
               - [ 42, 68, 2 ]
               - [ 28, 25, 2 ]
               - [ 70, 22, 0 ]
               - [ 1, 82, 0 ]
         -
            width: 35
            height: 44
            tl_x: 53
            tl_y: 51
            pyramid_level: 1
            features:
               - [ 8, 18, 2 ]
               - [ 3, 26, 1 ]
               - [ 34, 16, 1 ]
               - [ 21, 34, 2 ]
               - [ 16, 41, 1 ]
               - [ 31, 24, 1 ]
               - [ 1, 42, 7 ]
               - [ 29, 4, 0 ]
               - [ 17, 5, 1 ]
               - [ 1, 32, 1 ]
   -
      template_id: 3
      templates:
         -
            width: 66
            height: 98
            tl_x: 108
            tl_y: 98
            pyramid_level: 0
            features:
               - [ 12, 44, 1 ]
               - [ 42, 71, 2 ]
               - [ 63, 43, 1 ]
               - [ 20, 34, 2 ]
               - [ 60, 51, 1 ]
               - [ 5, 58, 1 ]
               - [ 31, 90, 2 ]
               - [ 48, 1, 3 ]
               - [ 31, 10, 1 ]
               - [ 65, 32, 0 ]
               - [ 26, 28, 2 ]
               - [ 1, 74, 0 ]
               - [ 48, 64, 2 ]
               - [ 52, 10, 0 ]
               - [ 66, 24, 0 ]
               - [ 37, 79, 1 ]
               - [ 2, 88, 7 ]
               - [ 54, 18, 6 ]
               - [ 38, 5, 0 ]
               - [ 1, 81, 0 ]
               - [ 56, 57, 2 ]
               - [ 61, 18, 3 ]
         -
            width: 33
            height: 49
            tl_x: 54
            tl_y: 49
            pyramid_level: 1
            features:
               - [ 3, 28, 1 ]
               - [ 32, 19, 0 ]
               - [ 9, 18, 2 ]
               - [ 1, 35, 0 ]
               - [ 20, 37, 1 ]
               - [ 29, 27, 2 ]
               - [ 26, 5, 0 ]
               - [ 6, 49, 5 ]
               - [ 15, 6, 1 ]
               - [ 24, 32, 2 ]
   -
      template_id: 4
      templates:
         -
            width: 60
            height: 98
            tl_x: 112
            tl_y: 100
            pyramid_level: 0
            features:
               - [ 7, 45, 1 ]
               - [ 24, 7, 1 ]
               - [ 2, 58, 1 ]
               - [ 28, 92, 1 ]
               - [ 15, 33, 2 ]
               - [ 40, 68, 1 ]
               - [ 32, 85, 1 ]
               - [ 53, 52, 1 ]
               - [ 46, 60, 2 ]
               - [ 0, 82, 0 ]
               - [ 36, 2, 2 ]
               - [ 59, 32, 0 ]
               - [ 45, 0, 0 ]
               - [ 54, 14, 3 ]
               - [ 0, 69, 0 ]
               - [ 58, 40, 1 ]
               - [ 45, 10, 7 ]
               - [ 60, 22, 0 ]
               - [ 12, 98, 5 ]
               - [ 22, 14, 0 ]
         -
            width: 30
            height: 49
            tl_x: 56
            tl_y: 50
            pyramid_level: 1
            features:
               - [ 17, 40, 1 ]
               - [ 7, 17, 2 ]
               - [ 2, 26, 1 ]
               - [ 29, 20, 1 ]
               - [ 0, 34, 0 ]
               - [ 24, 29, 2 ]
               - [ 30, 13, 0 ]
               - [ 22, 3, 0 ]
               - [ 11, 6, 1 ]
               - [ 20, 34, 1 ]
   -
      template_id: 5
      templates:
         -
            width: 56
            height: 101
            tl_x: 114
            tl_y: 98
            pyramid_level: 0
            features:
               - [ 4, 52, 1 ]
               - [ 44, 62, 1 ]
               - [ 33, 88, 1 ]
               - [ 0, 78, 0 ]
               - [ 32, 1, 2 ]
               - [ 52, 51, 1 ]
               - [ 12, 36, 1 ]
               - [ 1, 63, 0 ]
               - [ 36, 78, 1 ]
               - [ 19, 8, 1 ]
               - [ 40, 69, 1 ]
               - [ 55, 42, 0 ]
               - [ 39, 7, 0 ]
               - [ 1, 86, 7 ]
               - [ 56, 30, 0 ]
               - [ 55, 17, 0 ]
               - [ 17, 18, 0 ]
               - [ 43, 15, 5 ]
               - [ 14, 101, 4 ]
               - [ 16, 30, 2 ]
         -
            width: 28
            height: 50
            tl_x: 57
            tl_y: 49
            pyramid_level: 1
            features:
               - [ 2, 26, 1 ]
               - [ 6, 18, 1 ]
               - [ 16, 45, 1 ]
               - [ 22, 31, 1 ]
               - [ 0, 39, 0 ]
               - [ 27, 23, 1 ]
               - [ 28, 14, 0 ]
               - [ 20, 5, 7 ]
               - [ 9, 6, 1 ]
               - [ 18, 39, 1 ]
               - [ 16, 0, 2 ]
   -
      template_id: 6
      templates:
