%YAML:1.0
---
class_id: "back0warp61.png"
pyramid_levels: 2
template_pyramids:
   -
      template_id: 0
      templates:
         -
            width: 50
            height: 114
            tl_x: 100
            tl_y: 110
            pyramid_level: 0
            features:
               - [ 5, 83, 7 ]
               - [ 10, 98, 7 ]
               - [ 44, 70, 7 ]
               - [ 4, 22, 1 ]
               - [ 2, 69, 7 ]
               - [ 35, 2, 1 ]
               - [ 48, 81, 7 ]
               - [ 26, 0, 1 ]
               - [ 45, 43, 1 ]
               - [ 49, 29, 7 ]
               - [ 32, 114, 6 ]
               - [ 31, 12, 1 ]
               - [ 1, 35, 0 ]
               - [ 50, 100, 1 ]
               - [ 14, 15, 5 ]
               - [ 24, 106, 5 ]
               - [ 43, 60, 0 ]
               - [ 47, 108, 1 ]
               - [ 23, 12, 0 ]
               - [ 37, 18, 4 ]
         -
            width: 25
            height: 57
            tl_x: 50
            tl_y: 55
            pyramid_level: 1
            features:
               - [ 2, 39, 7 ]
               - [ 15, 56, 6 ]
               - [ 1, 14, 1 ]
               - [ 22, 35, 7 ]
               - [ 5, 49, 7 ]
               - [ 23, 12, 6 ]
               - [ 22, 23, 1 ]
               - [ 17, 3, 1 ]
               - [ 23, 55, 1 ]
               - [ 7, 8, 4 ]
   -
      template_id: 1
      templates:
         -
            width: 56
            height: 116
            tl_x: 98
            tl_y: 106
            pyramid_level: 0
            features:
               - [ 4, 26, 1 ]
               - [ 7, 81, 7 ]
               - [ 25, 0, 1 ]
               - [ 3, 64, 0 ]
               - [ 11, 93, 7 ]
               - [ 17, 105, 7 ]
               - [ 1, 46, 0 ]
               - [ 51, 81, 7 ]
               - [ 47, 72, 7 ]
               - [ 46, 45, 1 ]
               - [ 31, 12, 1 ]
               - [ 44, 25, 6 ]
               - [ 56, 102, 0 ]
               - [ 38, 116, 6 ]
               - [ 22, 12, 0 ]
               - [ 45, 61, 0 ]
               - [ 31, 110, 5 ]
               - [ 15, 21, 5 ]
               - [ 52, 114, 1 ]
               - [ 5, 73, 0 ]
               - [ 2, 34, 0 ]
               - [ 36, 21, 4 ]
               - [ 33, 2, 0 ]
               - [ 49, 37, 1 ]
         -
            width: 28
            height: 58
            tl_x: 49
            tl_y: 53
            pyramid_level: 1
            features:
               - [ 5, 45, 7 ]
               - [ 1, 17, 0 ]
               - [ 18, 57, 6 ]
               - [ 24, 37, 7 ]
               - [ 24, 20, 1 ]
               - [ 27, 54, 1 ]
               - [ 16, 4, 0 ]
               - [ 22, 27, 0 ]
               - [ 6, 10, 4 ]
               - [ 3, 39, 7 ]
               - [ 23, 14, 6 ]
   -
      template_id: 2
      templates:
         -
            width: 59
            height: 119
            tl_x: 98
            tl_y: 102
            pyramid_level: 0
            features:
               - [ 3, 68, 0 ]
               - [ 0, 51, 0 ]
               - [ 8, 84, 7 ]
               - [ 14, 98, 7 ]
               - [ 2, 31, 1 ]
               - [ 53, 83, 6 ]
               - [ 22, 1, 2 ]
               - [ 18, 12, 0 ]
               - [ 20, 108, 7 ]
               - [ 45, 32, 6 ]
               - [ 45, 63, 0 ]
               - [ 48, 74, 7 ]
               - [ 43, 119, 6 ]
               - [ 26, 19, 1 ]
               - [ 45, 47, 1 ]
               - [ 34, 113, 5 ]
               - [ 59, 107, 1 ]
               - [ 56, 118, 1 ]
               - [ 14, 27, 5 ]
               - [ 0, 39, 0 ]
               - [ 28, 7, 0 ]
               - [ 44, 55, 0 ]
               - [ 22, 29, 3 ]
         -
            width: 29
            height: 59
            tl_x: 49
            tl_y: 51
            pyramid_level: 1
            features:
               - [ 3, 39, 7 ]
               - [ 25, 39, 7 ]
               - [ 0, 20, 0 ]
               - [ 23, 22, 1 ]
               - [ 9, 6, 0 ]
               - [ 29, 56, 1 ]
               - [ 9, 52, 7 ]
               - [ 19, 13, 5 ]
               - [ 18, 57, 5 ]
               - [ 5, 13, 4 ]
   -
      template_id: 3
      templates:
         -
            width: 64
            height: 114
            tl_x: 96
            tl_y: 104
            pyramid_level: 0
            features:
               - [ 6, 69, 7 ]
               - [ 1, 51, 7 ]
               - [ 14, 88, 7 ]
               - [ 47, 60, 7 ]
               - [ 24, 104, 6 ]
               - [ 52, 72, 7 ]
               - [ 18, 1, 1 ]
               - [ 0, 40, 0 ]
               - [ 31, 22, 4 ]
               - [ 16, 18, 0 ]
               - [ 25, 13, 0 ]
               - [ 46, 113, 5 ]
               - [ 44, 28, 6 ]
               - [ 46, 41, 0 ]
               - [ 64, 108, 0 ]
               - [ 5, 26, 3 ]
               - [ 45, 50, 0 ]
               - [ 35, 111, 3 ]
               - [ 9, 77, 7 ]
               - [ 25, 5, 0 ]
               - [ 19, 97, 7 ]
               - [ 57, 79, 6 ]
               - [ 3, 59, 7 ]
         -
            width: 32
            height: 57
            tl_x: 48
            tl_y: 52
            pyramid_level: 1
            features:
               - [ 7, 44, 7 ]
               - [ 12, 52, 6 ]
               - [ 23, 28, 0 ]
               - [ 28, 39, 6 ]
               - [ 0, 21, 0 ]
               - [ 32, 54, 0 ]
               - [ 21, 13, 6 ]
               - [ 8, 5, 0 ]
               - [ 24, 57, 5 ]
               - [ 4, 13, 4 ]
   -
      template_id: 4
      templates:
         -
            width: 70
            height: 111
            tl_x: 94
            tl_y: 108
            pyramid_level: 0
            features:
               - [ 9, 68, 7 ]
               - [ 16, 81, 7 ]
               - [ 3, 51, 7 ]
               - [ 22, 1, 7 ]
               - [ 21, 89, 6 ]
               - [ 32, 103, 6 ]
               - [ 1, 29, 1 ]
               - [ 55, 66, 6 ]
               - [ 39, 20, 5 ]
               - [ 49, 55, 7 ]
               - [ 14, 14, 0 ]
               - [ 30, 18, 3 ]
               - [ 62, 74, 6 ]
               - [ 59, 111, 5 ]
               - [ 46, 40, 0 ]
               - [ 70, 98, 0 ]
               - [ 47, 30, 0 ]
               - [ 46, 105, 4 ]
               - [ 12, 24, 4 ]
               - [ 23, 9, 0 ]
               - [ 14, 1, 0 ]
               - [ 1, 43, 0 ]
         -
            width: 35
            height: 55
            tl_x: 47
            tl_y: 54
            pyramid_level: 1
            features:
               - [ 14, 49, 6 ]
               - [ 31, 37, 6 ]
               - [ 23, 21, 0 ]
               - [ 35, 48, 0 ]
               - [ 0, 18, 0 ]
               - [ 27, 54, 5 ]
               - [ 21, 11, 6 ]
               - [ 7, 6, 0 ]
               - [ 21, 53, 4 ]
               - [ 4, 12, 4 ]
   -
      template_id: 5
      templates:
         -
            width: 76
            height: 106
            tl_x: 92
            tl_y: 110
            pyramid_level: 0
            features:
               - [ 12, 68, 7 ]
               - [ 26, 88, 6 ]
               - [ 4, 50, 7 ]
               - [ 57, 61, 6 ]
               - [ 27, 17, 3 ]
               - [ 19, 0, 7 ]
               - [ 1, 39, 0 ]
               - [ 65, 69, 6 ]
               - [ 50, 50, 7 ]
               - [ 35, 98, 6 ]
               - [ 12, 12, 7 ]
               - [ 65, 106, 5 ]
               - [ 43, 21, 6 ]
               - [ 75, 85, 0 ]
               - [ 6, 24, 4 ]
               - [ 46, 34, 0 ]
               - [ 51, 102, 4 ]
               - [ 20, 80, 7 ]
               - [ 75, 104, 1 ]
               - [ 21, 9, 0 ]
               - [ 76, 94, 0 ]
         -
            width: 38
            height: 53
            tl_x: 46
            tl_y: 55
            pyramid_level: 1
            features:
               - [ 10, 40, 6 ]
               - [ 32, 34, 6 ]
               - [ 24, 22, 7 ]
               - [ 30, 52, 5 ]
               - [ 19, 9, 5 ]
               - [ 18, 49, 6 ]
