%YAML:1.0
---
class_id: "back0warp94.png"
pyramid_levels: 2
template_pyramids:
   -
      template_id: 0
      templates:
         -
            width: 83
            height: 109
            tl_x: 100
            tl_y: 104
            pyramid_level: 0
            features:
               - [ 52, 107, 5 ]
               - [ 48, 14, 1 ]
               - [ 4, 75, 7 ]
               - [ 77, 70, 7 ]
               - [ 79, 48, 1 ]
               - [ 66, 11, 1 ]
               - [ 81, 96, 1 ]
               - [ 18, 99, 6 ]
               - [ 1, 39, 1 ]
               - [ 73, 108, 2 ]
               - [ 83, 34, 6 ]
               - [ 68, 24, 4 ]
               - [ 38, 109, 3 ]
               - [ 55, 1, 2 ]
               - [ 29, 16, 5 ]
               - [ 1, 63, 0 ]
               - [ 10, 88, 7 ]
               - [ 14, 18, 3 ]
               - [ 54, 25, 4 ]
               - [ 82, 79, 6 ]
         -
            width: 41
            height: 54
            tl_x: 50
            tl_y: 52
            pyramid_level: 1
            features:
               - [ 40, 23, 1 ]
               - [ 2, 37, 7 ]
               - [ 28, 54, 5 ]
               - [ 10, 51, 6 ]
               - [ 40, 49, 1 ]
               - [ 33, 5, 1 ]
               - [ 17, 9, 5 ]
               - [ 1, 18, 1 ]
               - [ 39, 36, 7 ]
               - [ 7, 9, 3 ]
   -
      template_id: 1
      templates:
         -
            width: 87
            height: 110
            tl_x: 100
            tl_y: 102
            pyramid_level: 0
            features:
               - [ 6, 80, 7 ]
               - [ 23, 104, 6 ]
               - [ 57, 108, 4 ]
               - [ 87, 88, 1 ]
               - [ 63, 8, 0 ]
               - [ 66, 24, 4 ]
               - [ 82, 100, 1 ]
               - [ 45, 14, 1 ]
               - [ 0, 45, 0 ]
               - [ 77, 66, 7 ]
               - [ 80, 43, 1 ]
               - [ 12, 91, 6 ]
               - [ 79, 30, 6 ]
               - [ 19, 19, 4 ]
               - [ 2, 68, 0 ]
               - [ 31, 21, 5 ]
               - [ 53, 0, 2 ]
               - [ 7, 26, 2 ]
               - [ 48, 27, 4 ]
               - [ 46, 110, 3 ]
               - [ 76, 55, 0 ]
         -
            width: 43
            height: 55
            tl_x: 50
            tl_y: 51
            pyramid_level: 1
            features:
               - [ 3, 40, 7 ]
               - [ 41, 50, 1 ]
               - [ 28, 54, 4 ]
               - [ 39, 24, 1 ]
               - [ 23, 5, 1 ]
               - [ 33, 12, 4 ]
               - [ 14, 54, 6 ]
               - [ 1, 18, 1 ]
               - [ 42, 39, 6 ]
               - [ 14, 10, 5 ]
   -
      template_id: 2
      templates:
         -
            width: 89
            height: 109
            tl_x: 98
            tl_y: 104
            pyramid_level: 0
            features:
               - [ 59, 105, 4 ]
               - [ 83, 103, 2 ]
               - [ 31, 105, 6 ]
               - [ 43, 17, 0 ]
               - [ 9, 79, 7 ]
               - [ 89, 91, 1 ]
               - [ 79, 43, 1 ]
               - [ 66, 20, 4 ]
               - [ 60, 8, 1 ]
               - [ 1, 50, 0 ]
               - [ 23, 19, 4 ]
               - [ 80, 61, 7 ]
               - [ 76, 23, 5 ]
               - [ 21, 96, 6 ]
               - [ 88, 72, 6 ]
               - [ 47, 1, 2 ]
               - [ 5, 69, 7 ]
               - [ 2, 40, 0 ]
               - [ 12, 22, 2 ]
               - [ 50, 109, 3 ]
               - [ 57, 21, 3 ]
         -
            width: 44
            height: 54
            tl_x: 49
            tl_y: 52
            pyramid_level: 1
            features:
               - [ 40, 20, 1 ]
               - [ 28, 53, 3 ]
               - [ 44, 47, 1 ]
               - [ 15, 52, 6 ]
               - [ 22, 5, 0 ]
               - [ 6, 42, 7 ]
               - [ 1, 20, 0 ]
               - [ 43, 35, 6 ]
               - [ 33, 10, 4 ]
               - [ 8, 10, 3 ]
   -
      template_id: 3
      templates:
         -
            width: 94
            height: 110
            tl_x: 98
            tl_y: 100
            pyramid_level: 0
            features:
               - [ 65, 107, 3 ]
               - [ 34, 109, 5 ]
               - [ 40, 21, 7 ]
               - [ 94, 81, 0 ]
               - [ 1, 58, 0 ]
               - [ 56, 11, 0 ]
               - [ 78, 44, 1 ]
               - [ 12, 87, 7 ]
               - [ 82, 65, 7 ]
               - [ 20, 25, 4 ]
               - [ 88, 102, 1 ]
               - [ 78, 28, 6 ]
               - [ 43, 4, 1 ]
               - [ 25, 102, 6 ]
               - [ 64, 22, 4 ]
               - [ 1, 47, 0 ]
               - [ 5, 34, 1 ]
               - [ 75, 107, 4 ]
               - [ 92, 91, 1 ]
               - [ 56, 1, 0 ]
               - [ 78, 54, 0 ]
               - [ 7, 78, 7 ]
         -
            width: 47
            height: 55
            tl_x: 49
            tl_y: 50
            pyramid_level: 1
            features:
               - [ 7, 45, 6 ]
               - [ 16, 54, 5 ]
               - [ 20, 7, 0 ]
               - [ 39, 22, 0 ]
               - [ 46, 45, 1 ]
               - [ 29, 55, 3 ]
               - [ 1, 20, 1 ]
               - [ 36, 12, 5 ]
               - [ 43, 35, 6 ]
               - [ 8, 13, 3 ]
   -
      template_id: 4
      templates:
         -
            width: 96
            height: 107
            tl_x: 98
            tl_y: 104
            pyramid_level: 0
            features:
               - [ 67, 102, 3 ]
               - [ 41, 107, 5 ]
               - [ 37, 18, 7 ]
               - [ 52, 5, 0 ]
               - [ 1, 57, 7 ]
               - [ 15, 86, 6 ]
               - [ 96, 73, 0 ]
               - [ 82, 57, 6 ]
               - [ 79, 100, 4 ]
               - [ 18, 23, 4 ]
               - [ 94, 87, 1 ]
               - [ 59, 17, 4 ]
               - [ 75, 21, 6 ]
               - [ 77, 35, 0 ]
               - [ 38, 1, 1 ]
               - [ 28, 99, 6 ]
               - [ 1, 39, 1 ]
               - [ 7, 28, 2 ]
               - [ 90, 64, 5 ]
               - [ 28, 23, 4 ]
               - [ 9, 77, 7 ]
               - [ 77, 45, 0 ]
         -
            width: 48
            height: 53
            tl_x: 49
            tl_y: 52
            pyramid_level: 1
            features:
               - [ 18, 6, 0 ]
               - [ 47, 43, 1 ]
               - [ 16, 51, 6 ]
               - [ 32, 52, 3 ]
               - [ 0, 24, 0 ]
               - [ 6, 41, 6 ]
               - [ 45, 32, 5 ]
               - [ 34, 9, 5 ]
               - [ 39, 24, 7 ]
               - [ 26, 2, 0 ]
               - [ 39, 16, 1 ]
   -
      template_id: 5
      templates:
         -
            width: 97
            height: 114
            tl_x: 98
            tl_y: 100
            pyramid_level: 0
            features:
               - [ 73, 103, 3 ]
               - [ 2, 66, 7 ]
               - [ 34, 23, 7 ]
               - [ 43, 110, 5 ]
               - [ 94, 96, 1 ]
               - [ 84, 101, 4 ]
               - [ 75, 38, 0 ]
               - [ 73, 23, 5 ]
               - [ 97, 82, 0 ]
               - [ 14, 30, 3 ]
               - [ 56, 20, 3 ]
               - [ 89, 63, 5 ]
               - [ 15, 89, 6 ]
               - [ 48, 9, 0 ]
               - [ 34, 4, 1 ]
               - [ 23, 97, 6 ]
               - [ 77, 49, 7 ]
               - [ 53, 114, 5 ]
               - [ 4, 37, 2 ]
               - [ 82, 57, 6 ]
               - [ 32, 14, 0 ]
               - [ 46, 18, 1 ]
               - [ 46, 0, 7 ]
               - [ 30, 103, 6 ]
               - [ 0, 46, 0 ]
               - [ 43, 27, 2 ]
         -
            width: 48
            height: 57
            tl_x: 49
            tl_y: 50
            pyramid_level: 1
            features:
               - [ 24, 56, 5 ]
               - [ 39, 51, 4 ]
               - [ 7, 44, 6 ]
               - [ 38, 16, 0 ]
               - [ 7, 15, 3 ]
               - [ 0, 29, 0 ]
               - [ 16, 7, 0 ]
