%YAML:1.0
---
class_id: "back0warp142.png"
pyramid_levels: 2
template_pyramids:
   -
      template_id: 0
      templates:
         -
            width: 84
            height: 78
            tl_x: 100
            tl_y: 100
            pyramid_level: 0
            features:
               - [ 56, 74, 5 ]
               - [ 33, 65, 5 ]
               - [ 76, 61, 7 ]
               - [ 13, 45, 6 ]
               - [ 75, 78, 3 ]
               - [ 32, 8, 5 ]
               - [ 66, 25, 5 ]
               - [ 5, 32, 7 ]
               - [ 21, 2, 5 ]
               - [ 44, 68, 5 ]
               - [ 84, 39, 6 ]
               - [ 48, 9, 1 ]
               - [ 68, 14, 1 ]
               - [ 1, 20, 0 ]
               - [ 24, 58, 6 ]
               - [ 61, 3, 4 ]
               - [ 9, 1, 3 ]
               - [ 51, 21, 5 ]
               - [ 75, 30, 6 ]
               - [ 78, 48, 2 ]
               - [ 1, 10, 1 ]
         -
            width: 42
            height: 39
            tl_x: 50
            tl_y: 50
            pyramid_level: 1
            features:
               - [ 1, 12, 7 ]
               - [ 36, 14, 5 ]
               - [ 16, 4, 5 ]
               - [ 11, 28, 6 ]
               - [ 18, 33, 5 ]
               - [ 28, 37, 5 ]
               - [ 39, 32, 7 ]
               - [ 1, 4, 1 ]
               - [ 28, 2, 3 ]
               - [ 4, 19, 7 ]
               - [ 34, 7, 1 ]
   -
      template_id: 1
      templates:
         -
            width: 87
            height: 72
            tl_x: 98
            tl_y: 102
            pyramid_level: 0
            features:
               - [ 35, 63, 5 ]
               - [ 11, 40, 6 ]
               - [ 31, 7, 5 ]
               - [ 69, 22, 5 ]
               - [ 82, 72, 3 ]
               - [ 67, 11, 2 ]
               - [ 81, 58, 6 ]
               - [ 59, 70, 5 ]
               - [ 21, 52, 6 ]
               - [ 79, 27, 5 ]
               - [ 4, 28, 7 ]
               - [ 65, 0, 4 ]
               - [ 53, 1, 3 ]
               - [ 9, 2, 4 ]
               - [ 87, 35, 6 ]
               - [ 0, 15, 0 ]
               - [ 53, 15, 4 ]
               - [ 49, 66, 5 ]
               - [ 78, 48, 0 ]
               - [ 40, 12, 5 ]
         -
            width: 43
            height: 36
            tl_x: 49
            tl_y: 51
            pyramid_level: 1
            features:
               - [ 7, 22, 6 ]
               - [ 32, 36, 5 ]
               - [ 12, 2, 5 ]
               - [ 19, 32, 5 ]
               - [ 2, 14, 7 ]
               - [ 37, 12, 5 ]
               - [ 29, 0, 4 ]
               - [ 40, 28, 7 ]
               - [ 1, 4, 1 ]
               - [ 13, 28, 6 ]
               - [ 41, 21, 2 ]
   -
      template_id: 2
      templates:
         -
            width: 89
            height: 73
            tl_x: 96
            tl_y: 100
            pyramid_level: 0
            features:
               - [ 69, 22, 5 ]
               - [ 70, 73, 5 ]
               - [ 56, 68, 5 ]
               - [ 7, 37, 7 ]
               - [ 16, 48, 6 ]
               - [ 44, 67, 4 ]
               - [ 21, 7, 5 ]
               - [ 30, 60, 6 ]
               - [ 87, 59, 6 ]
               - [ 46, 11, 0 ]
               - [ 86, 31, 6 ]
               - [ 34, 12, 5 ]
               - [ 67, 11, 1 ]
               - [ 2, 27, 7 ]
               - [ 81, 46, 1 ]
               - [ 9, 7, 3 ]
               - [ 56, 1, 4 ]
               - [ 1, 15, 1 ]
               - [ 89, 69, 2 ]
               - [ 52, 20, 4 ]
         -
            width: 44
            height: 36
            tl_x: 48
            tl_y: 50
            pyramid_level: 1
            features:
               - [ 15, 30, 6 ]
               - [ 31, 35, 5 ]
               - [ 7, 23, 6 ]
               - [ 12, 4, 5 ]
               - [ 35, 11, 5 ]
               - [ 2, 16, 7 ]
               - [ 43, 29, 6 ]
               - [ 27, 1, 3 ]
               - [ 1, 6, 1 ]
               - [ 41, 22, 1 ]
   -
      template_id: 3
      templates:
         -
            width: 91
            height: 71
            tl_x: 94
            tl_y: 100
            pyramid_level: 0
            features:
               - [ 19, 51, 6 ]
               - [ 75, 71, 5 ]
               - [ 59, 67, 4 ]
               - [ 66, 10, 1 ]
               - [ 47, 67, 4 ]
               - [ 69, 20, 4 ]
               - [ 35, 62, 5 ]
               - [ 91, 56, 6 ]
               - [ 22, 10, 4 ]
               - [ 10, 42, 6 ]
               - [ 85, 26, 5 ]
               - [ 36, 14, 5 ]
               - [ 46, 9, 1 ]
               - [ 9, 10, 3 ]
               - [ 3, 31, 7 ]
               - [ 57, 0, 4 ]
               - [ 84, 41, 1 ]
               - [ 1, 19, 0 ]
               - [ 28, 58, 5 ]
               - [ 77, 22, 5 ]
         -
            width: 45
            height: 35
            tl_x: 47
            tl_y: 50
            pyramid_level: 1
            features:
               - [ 9, 25, 6 ]
               - [ 11, 5, 5 ]
               - [ 36, 35, 5 ]
               - [ 38, 11, 5 ]
               - [ 19, 32, 5 ]
               - [ 28, 0, 3 ]
               - [ 44, 27, 6 ]
               - [ 1, 8, 1 ]
               - [ 3, 18, 7 ]
               - [ 43, 19, 2 ]
   -
      template_id: 4
      templates:
         -
            width: 94
            height: 71
            tl_x: 92
            tl_y: 98
            pyramid_level: 0
            features:
               - [ 55, 69, 4 ]
               - [ 72, 69, 4 ]
               - [ 26, 58, 5 ]
               - [ 11, 46, 6 ]
               - [ 74, 21, 4 ]
               - [ 94, 67, 2 ]
               - [ 39, 65, 5 ]
               - [ 92, 53, 5 ]
               - [ 30, 16, 4 ]
               - [ 45, 12, 0 ]
               - [ 89, 27, 6 ]
               - [ 19, 14, 4 ]
               - [ 65, 11, 1 ]
               - [ 57, 1, 3 ]
               - [ 4, 37, 7 ]
               - [ 8, 16, 3 ]
               - [ 86, 40, 1 ]
               - [ 1, 26, 0 ]
               - [ 52, 22, 4 ]
               - [ 82, 71, 4 ]
         -
            width: 47
            height: 35
            tl_x: 46
            tl_y: 49
            pyramid_level: 1
            features:
               - [ 38, 35, 5 ]
               - [ 39, 11, 5 ]
               - [ 13, 29, 5 ]
               - [ 15, 8, 5 ]
               - [ 4, 21, 6 ]
               - [ 23, 34, 5 ]
               - [ 47, 27, 6 ]
               - [ 27, 1, 3 ]
               - [ 44, 18, 1 ]
               - [ 32, 34, 4 ]
               - [ 9, 7, 4 ]
               - [ 33, 4, 0 ]
   -
      template_id: 5
      templates:
         -
            width: 97
            height: 69
            tl_x: 92
            tl_y: 98
            pyramid_level: 0
            features:
               - [ 73, 67, 4 ]
               - [ 38, 65, 5 ]
               - [ 23, 58, 5 ]
               - [ 54, 69, 4 ]
               - [ 62, 11, 1 ]
               - [ 18, 17, 4 ]
               - [ 12, 50, 6 ]
               - [ 94, 50, 5 ]
               - [ 35, 19, 4 ]
               - [ 88, 24, 5 ]
               - [ 97, 62, 2 ]
               - [ 4, 41, 6 ]
               - [ 55, 0, 3 ]
               - [ 6, 20, 3 ]
               - [ 43, 9, 1 ]
               - [ 86, 42, 7 ]
               - [ 51, 18, 3 ]
               - [ 69, 19, 4 ]
               - [ 0, 29, 0 ]
               - [ 78, 20, 5 ]
         -
            width: 48
            height: 34
            tl_x: 46
            tl_y: 49
            pyramid_level: 1
            features:
               - [ 40, 34, 4 ]
               - [ 20, 33, 5 ]
               - [ 14, 9, 4 ]
               - [ 30, 34, 4 ]
               - [ 39, 10, 5 ]
               - [ 5, 24, 6 ]
               - [ 47, 25, 5 ]
               - [ 25, 1, 3 ]
               - [ 0, 15, 0 ]
               - [ 43, 18, 1 ]
   -
      template_id: 6
      templates:
         -
            width: 100
            height: 68
            tl_x: 90
            tl_y: 98
            pyramid_level: 0
            features:
