%YAML:1.0
---
class_id: "back0warp13.png"
pyramid_levels: 2
template_pyramids:
   -
      template_id: 0
      templates:
         -
            width: 51
            height: 104
            tl_x: 100
            tl_y: 102
            pyramid_level: 0
            features:
               - [ 6, 48, 7 ]
               - [ 3, 37, 7 ]
               - [ 16, 6, 6 ]
               - [ 50, 87, 7 ]
               - [ 44, 69, 7 ]
               - [ 25, 80, 6 ]
               - [ 9, 58, 7 ]
               - [ 41, 37, 7 ]
               - [ 46, 46, 7 ]
               - [ 38, 103, 7 ]
               - [ 32, 92, 7 ]
               - [ 14, 68, 6 ]
               - [ 1, 3, 1 ]
               - [ 35, 29, 6 ]
               - [ 1, 27, 7 ]
               - [ 31, 11, 5 ]
               - [ 51, 104, 2 ]
               - [ 46, 77, 7 ]
               - [ 10, 0, 5 ]
               - [ 35, 18, 1 ]
         -
            width: 25
            height: 52
            tl_x: 50
            tl_y: 51
            pyramid_level: 1
            features:
               - [ 17, 48, 7 ]
               - [ 1, 16, 0 ]
               - [ 3, 24, 7 ]
               - [ 22, 35, 7 ]
               - [ 8, 3, 6 ]
               - [ 22, 21, 7 ]
               - [ 13, 41, 7 ]
               - [ 7, 34, 6 ]
               - [ 18, 15, 6 ]
               - [ 24, 41, 7 ]
               - [ 22, 29, 1 ]
   -
      template_id: 1
      templates:
         -
            width: 58
            height: 99
            tl_x: 96
            tl_y: 102
            pyramid_level: 0
            features:
               - [ 12, 56, 7 ]
               - [ 44, 99, 7 ]
               - [ 58, 87, 7 ]
               - [ 17, 66, 7 ]
               - [ 52, 75, 7 ]
               - [ 37, 88, 7 ]
               - [ 18, 10, 6 ]
               - [ 39, 31, 6 ]
               - [ 4, 34, 7 ]
               - [ 47, 41, 7 ]
               - [ 7, 43, 7 ]
               - [ 49, 67, 7 ]
               - [ 2, 26, 0 ]
               - [ 32, 81, 6 ]
               - [ 36, 17, 0 ]
               - [ 8, 1, 5 ]
               - [ 24, 73, 6 ]
               - [ 1, 5, 1 ]
               - [ 48, 56, 1 ]
               - [ 32, 11, 5 ]
               - [ 34, 26, 6 ]
         -
            width: 29
            height: 49
            tl_x: 48
            tl_y: 51
            pyramid_level: 1
            features:
               - [ 2, 17, 7 ]
               - [ 8, 32, 7 ]
               - [ 25, 35, 7 ]
               - [ 24, 21, 7 ]
               - [ 4, 23, 7 ]
               - [ 17, 42, 6 ]
               - [ 21, 48, 7 ]
               - [ 8, 4, 6 ]
               - [ 17, 6, 6 ]
               - [ 21, 17, 6 ]
               - [ 27, 40, 7 ]
   -
      template_id: 2
      templates:
         -
            width: 68
            height: 95
            tl_x: 92
            tl_y: 106
            pyramid_level: 0
            features:
               - [ 18, 57, 7 ]
               - [ 41, 26, 6 ]
               - [ 47, 32, 6 ]
               - [ 17, 6, 6 ]
               - [ 56, 66, 7 ]
               - [ 62, 76, 7 ]
               - [ 3, 23, 7 ]
               - [ 53, 95, 6 ]
               - [ 7, 34, 7 ]
               - [ 12, 45, 7 ]
               - [ 53, 58, 7 ]
               - [ 41, 80, 6 ]
               - [ 26, 67, 6 ]
               - [ 54, 41, 6 ]
               - [ 1, 3, 1 ]
               - [ 32, 7, 5 ]
               - [ 68, 94, 1 ]
               - [ 11, 1, 5 ]
               - [ 66, 82, 6 ]
               - [ 36, 74, 6 ]
               - [ 37, 13, 0 ]
         -
            width: 34
            height: 47
            tl_x: 46
            tl_y: 53
            pyramid_level: 1
            features:
               - [ 25, 18, 6 ]
               - [ 4, 18, 7 ]
               - [ 23, 43, 6 ]
               - [ 29, 35, 7 ]
               - [ 10, 30, 7 ]
               - [ 15, 35, 6 ]
               - [ 6, 1, 6 ]
               - [ 27, 30, 7 ]
               - [ 26, 47, 6 ]
               - [ 7, 25, 7 ]
               - [ 19, 38, 6 ]
               - [ 22, 14, 6 ]
   -
      template_id: 3
      templates:
         -
            width: 70
            height: 96
            tl_x: 88
            tl_y: 108
            pyramid_level: 0
            features:
               - [ 8, 31, 7 ]
               - [ 15, 4, 6 ]
               - [ 12, 39, 7 ]
               - [ 47, 27, 6 ]
               - [ 66, 69, 6 ]
               - [ 16, 46, 7 ]
               - [ 21, 54, 7 ]
               - [ 26, 61, 6 ]
               - [ 58, 88, 6 ]
               - [ 58, 56, 7 ]
               - [ 55, 35, 6 ]
               - [ 44, 74, 6 ]
               - [ 39, 21, 5 ]
               - [ 1, 4, 1 ]
               - [ 8, 0, 5 ]
               - [ 33, 67, 5 ]
               - [ 34, 6, 5 ]
               - [ 68, 96, 4 ]
               - [ 26, 8, 1 ]
               - [ 5, 24, 7 ]
               - [ 62, 63, 7 ]
               - [ 56, 49, 0 ]
         -
            width: 35
            height: 48
            tl_x: 44
            tl_y: 54
            pyramid_level: 1
            features:
               - [ 8, 23, 7 ]
               - [ 35, 37, 6 ]
               - [ 27, 17, 6 ]
               - [ 28, 43, 6 ]
               - [ 12, 29, 6 ]
               - [ 30, 30, 7 ]
               - [ 22, 37, 6 ]
               - [ 6, 1, 5 ]
               - [ 17, 3, 5 ]
               - [ 23, 13, 6 ]
               - [ 16, 33, 5 ]
               - [ 5, 18, 7 ]
   -
      template_id: 4
      templates:
         -
            width: 83
            height: 87
            tl_x: 84
            tl_y: 112
            pyramid_level: 0
            features:
               - [ 8, 25, 7 ]
               - [ 46, 20, 5 ]
               - [ 21, 6, 6 ]
               - [ 64, 81, 6 ]
               - [ 60, 32, 6 ]
               - [ 74, 65, 6 ]
               - [ 27, 53, 6 ]
               - [ 20, 44, 6 ]
               - [ 35, 61, 6 ]
               - [ 12, 0, 5 ]
               - [ 56, 74, 6 ]
               - [ 13, 34, 7 ]
               - [ 63, 51, 7 ]
               - [ 71, 87, 6 ]
               - [ 47, 67, 5 ]
               - [ 38, 6, 7 ]
               - [ 1, 5, 0 ]
               - [ 83, 81, 0 ]
               - [ 68, 58, 6 ]
               - [ 60, 43, 7 ]
         -
            width: 41
            height: 43
            tl_x: 42
            tl_y: 56
            pyramid_level: 1
            features:
               - [ 10, 22, 6 ]
               - [ 34, 29, 6 ]
               - [ 28, 37, 6 ]
               - [ 27, 13, 6 ]
               - [ 6, 16, 7 ]
               - [ 9, 2, 5 ]
               - [ 35, 43, 6 ]
               - [ 18, 31, 5 ]
               - [ 39, 35, 6 ]
               - [ 41, 42, 1 ]
   -
      template_id: 5
      templates:
         -
            width: 88
            height: 82
            tl_x: 82
            tl_y: 114
            pyramid_level: 0
            features:
               - [ 65, 46, 7 ]
               - [ 46, 18, 5 ]
               - [ 10, 1, 5 ]
               - [ 11, 30, 6 ]
               - [ 17, 38, 6 ]
               - [ 76, 82, 5 ]
               - [ 69, 77, 6 ]
               - [ 74, 57, 6 ]
               - [ 60, 28, 6 ]
               - [ 61, 71, 6 ]
               - [ 83, 65, 6 ]
               - [ 52, 65, 5 ]
               - [ 39, 60, 5 ]
               - [ 0, 5, 0 ]
               - [ 31, 54, 6 ]
               - [ 37, 5, 7 ]
               - [ 30, 1, 4 ]
               - [ 88, 77, 0 ]
               - [ 54, 23, 6 ]
               - [ 62, 35, 1 ]
         -
            width: 44
            height: 41
            tl_x: 41
            tl_y: 57
            pyramid_level: 1
            features:
               - [ 8, 2, 5 ]
               - [ 34, 38, 6 ]
               - [ 23, 9, 5 ]
               - [ 7, 17, 6 ]
               - [ 18, 29, 6 ]
               - [ 34, 25, 6 ]
               - [ 40, 31, 6 ]
               - [ 17, 1, 5 ]
               - [ 29, 13, 6 ]
               - [ 25, 32, 5 ]
   -
      template_id: 6
      templates:
