%YAML:1.0
---
class_id: "back0warp36.png"
pyramid_levels: 2
template_pyramids:
   -
      template_id: 0
      templates:
         -
            width: 64
            height: 108
            tl_x: 100
            tl_y: 108
            pyramid_level: 0
            features:
               - [ 64, 54, 1 ]
               - [ 59, 71, 1 ]
               - [ 60, 15, 1 ]
               - [ 42, 1, 1 ]
               - [ 12, 39, 1 ]
               - [ 4, 58, 1 ]
               - [ 7, 49, 1 ]
               - [ 23, 27, 3 ]
               - [ 41, 88, 3 ]
               - [ 38, 10, 1 ]
               - [ 28, 103, 1 ]
               - [ 54, 80, 2 ]
               - [ 51, 8, 2 ]
               - [ 1, 70, 0 ]
               - [ 1, 89, 0 ]
               - [ 58, 33, 7 ]
               - [ 60, 6, 5 ]
               - [ 7, 104, 6 ]
               - [ 62, 62, 1 ]
               - [ 30, 23, 3 ]
         -
            width: 32
            height: 54
            tl_x: 50
            tl_y: 54
            pyramid_level: 1
            features:
               - [ 1, 33, 1 ]
               - [ 30, 34, 1 ]
               - [ 8, 17, 2 ]
               - [ 29, 11, 0 ]
               - [ 15, 50, 2 ]
               - [ 22, 43, 3 ]
               - [ 1, 47, 7 ]
               - [ 20, 2, 1 ]
               - [ 6, 54, 5 ]
               - [ 28, 3, 4 ]
   -
      template_id: 1
      templates:
         -
            width: 62
            height: 114
            tl_x: 102
            tl_y: 104
            pyramid_level: 0
            features:
               - [ 19, 32, 2 ]
               - [ 54, 20, 0 ]
               - [ 9, 45, 1 ]
               - [ 57, 77, 1 ]
               - [ 62, 56, 0 ]
               - [ 34, 8, 1 ]
               - [ 2, 68, 0 ]
               - [ 44, 90, 2 ]
               - [ 60, 66, 1 ]
               - [ 4, 58, 1 ]
               - [ 1, 82, 0 ]
               - [ 34, 101, 1 ]
               - [ 26, 113, 2 ]
               - [ 46, 10, 2 ]
               - [ 29, 26, 3 ]
               - [ 54, 34, 7 ]
               - [ 43, 1, 0 ]
               - [ 2, 93, 0 ]
               - [ 15, 114, 5 ]
               - [ 56, 12, 1 ]
               - [ 32, 16, 0 ]
               - [ 4, 101, 7 ]
         -
            width: 31
            height: 57
            tl_x: 51
            tl_y: 52
            pyramid_level: 1
            features:
               - [ 3, 26, 1 ]
               - [ 27, 10, 0 ]
               - [ 31, 28, 0 ]
               - [ 22, 45, 2 ]
               - [ 11, 15, 3 ]
               - [ 2, 50, 7 ]
               - [ 17, 3, 1 ]
               - [ 29, 37, 1 ]
               - [ 16, 52, 1 ]
               - [ 8, 57, 5 ]
   -
      template_id: 2
      templates:
         -
            width: 60
            height: 113
            tl_x: 104
            tl_y: 106
            pyramid_level: 0
            features:
               - [ 11, 36, 1 ]
               - [ 1, 82, 0 ]
               - [ 60, 51, 0 ]
               - [ 6, 46, 1 ]
               - [ 59, 62, 0 ]
               - [ 36, 1, 0 ]
               - [ 2, 62, 0 ]
               - [ 56, 75, 1 ]
               - [ 20, 27, 2 ]
               - [ 33, 105, 1 ]
               - [ 40, 92, 2 ]
               - [ 49, 14, 0 ]
               - [ 28, 6, 1 ]
               - [ 49, 25, 0 ]
               - [ 29, 112, 2 ]
               - [ 3, 92, 7 ]
               - [ 52, 34, 6 ]
               - [ 6, 101, 7 ]
               - [ 18, 113, 5 ]
               - [ 40, 7, 2 ]
               - [ 3, 55, 1 ]
         -
            width: 30
            height: 56
            tl_x: 52
            tl_y: 53
            pyramid_level: 1
            features:
               - [ 2, 26, 1 ]
               - [ 30, 26, 0 ]
               - [ 29, 34, 1 ]
               - [ 20, 46, 2 ]
               - [ 7, 16, 2 ]
               - [ 4, 52, 7 ]
               - [ 24, 10, 0 ]
               - [ 28, 18, 5 ]
               - [ 14, 2, 1 ]
               - [ 1, 31, 0 ]
               - [ 17, 51, 1 ]
               - [ 11, 13, 2 ]
               - [ 8, 56, 5 ]
   -
      template_id: 3
      templates:
         -
            width: 58
            height: 116
            tl_x: 106
            tl_y: 104
            pyramid_level: 0
            features:
               - [ 44, 24, 0 ]
               - [ 2, 88, 7 ]
               - [ 7, 41, 1 ]
               - [ 22, 8, 1 ]
               - [ 57, 69, 0 ]
               - [ 44, 10, 0 ]
               - [ 2, 55, 0 ]
               - [ 34, 8, 2 ]
               - [ 17, 29, 2 ]
               - [ 35, 108, 1 ]
               - [ 42, 92, 1 ]
               - [ 54, 79, 1 ]
               - [ 58, 49, 0 ]
               - [ 6, 101, 7 ]
               - [ 53, 36, 4 ]
               - [ 1, 77, 0 ]
               - [ 22, 116, 4 ]
               - [ 1, 63, 0 ]
               - [ 29, 1, 0 ]
               - [ 14, 112, 6 ]
         -
            width: 29
            height: 58
            tl_x: 53
            tl_y: 52
            pyramid_level: 1
            features:
               - [ 2, 24, 1 ]
               - [ 22, 12, 0 ]
               - [ 19, 50, 1 ]
               - [ 28, 36, 1 ]
               - [ 29, 25, 0 ]
               - [ 0, 35, 0 ]
               - [ 6, 55, 6 ]
               - [ 11, 3, 1 ]
               - [ 26, 18, 5 ]
               - [ 18, 3, 3 ]
   -
      template_id: 4
      templates:
         -
            width: 56
            height: 118
            tl_x: 108
            tl_y: 102
            pyramid_level: 0
            features:
               - [ 2, 89, 7 ]
               - [ 39, 24, 7 ]
               - [ 0, 75, 0 ]
               - [ 55, 49, 0 ]
               - [ 4, 44, 1 ]
               - [ 16, 9, 0 ]
               - [ 1, 54, 0 ]
               - [ 56, 62, 0 ]
               - [ 35, 115, 1 ]
               - [ 38, 10, 0 ]
               - [ 44, 91, 1 ]
               - [ 55, 76, 1 ]
               - [ 39, 103, 1 ]
               - [ 27, 11, 2 ]
               - [ 16, 19, 0 ]
               - [ 44, 34, 6 ]
               - [ 16, 29, 2 ]
               - [ 9, 106, 7 ]
               - [ 25, 118, 4 ]
               - [ 5, 98, 7 ]
               - [ 8, 37, 2 ]
               - [ 18, 1, 1 ]
               - [ 17, 115, 6 ]
         -
            width: 28
            height: 59
            tl_x: 54
            tl_y: 51
            pyramid_level: 1
            features:
               - [ 0, 37, 0 ]
               - [ 28, 30, 0 ]
               - [ 0, 30, 0 ]
               - [ 2, 22, 1 ]
               - [ 23, 44, 2 ]
               - [ 19, 53, 1 ]
               - [ 19, 9, 0 ]
               - [ 6, 55, 6 ]
               - [ 8, 4, 0 ]
               - [ 27, 39, 1 ]
               - [ 15, 4, 3 ]
   -
      template_id: 5
      templates:
         -
            width: 57
            height: 109
            tl_x: 108
            tl_y: 110
            pyramid_level: 0
            features:
               - [ 9, 92, 7 ]
               - [ 36, 15, 7 ]
               - [ 34, 5, 0 ]
               - [ 3, 38, 1 ]
               - [ 10, 26, 2 ]
               - [ 56, 50, 0 ]
               - [ 54, 38, 0 ]
               - [ 46, 83, 1 ]
               - [ 12, 0, 0 ]
               - [ 2, 72, 0 ]
               - [ 41, 103, 1 ]
               - [ 24, 1, 2 ]
               - [ 43, 93, 1 ]
               - [ 56, 67, 1 ]
               - [ 0, 55, 0 ]
               - [ 47, 26, 4 ]
               - [ 25, 109, 5 ]
               - [ 17, 103, 6 ]
               - [ 1, 46, 0 ]
               - [ 12, 8, 0 ]
               - [ 57, 58, 0 ]
               - [ 50, 76, 2 ]
         -
            width: 28
            height: 54
            tl_x: 54
            tl_y: 55
            pyramid_level: 1
            features:
               - [ 27, 19, 0 ]
               - [ 1, 21, 1 ]
               - [ 5, 13, 2 ]
               - [ 21, 49, 0 ]
               - [ 1, 36, 0 ]
               - [ 18, 7, 7 ]
               - [ 28, 33, 1 ]
               - [ 7, 50, 6 ]
               - [ 13, 0, 3 ]
