%YAML:1.0
---
class_id: "back0warp74.png"
pyramid_levels: 2
template_pyramids:
   -
      template_id: 0
      templates:
         -
            width: 62
            height: 118
            tl_x: 100
            tl_y: 108
            pyramid_level: 0
            features:
               - [ 55, 72, 7 ]
               - [ 6, 96, 7 ]
               - [ 1, 45, 1 ]
               - [ 59, 106, 1 ]
               - [ 4, 35, 1 ]
               - [ 43, 10, 1 ]
               - [ 56, 47, 1 ]
               - [ 2, 83, 7 ]
               - [ 11, 106, 7 ]
               - [ 30, 14, 1 ]
               - [ 36, 0, 2 ]
               - [ 40, 118, 6 ]
               - [ 47, 21, 4 ]
               - [ 62, 35, 1 ]
               - [ 14, 25, 4 ]
               - [ 24, 26, 5 ]
               - [ 23, 113, 3 ]
               - [ 53, 61, 0 ]
               - [ 45, 1, 0 ]
               - [ 32, 113, 5 ]
               - [ 33, 27, 3 ]
         -
            width: 31
            height: 59
            tl_x: 50
            tl_y: 54
            pyramid_level: 1
            features:
               - [ 4, 50, 7 ]
               - [ 1, 21, 1 ]
               - [ 1, 41, 7 ]
               - [ 28, 24, 1 ]
               - [ 29, 54, 1 ]
               - [ 28, 37, 7 ]
               - [ 21, 6, 1 ]
               - [ 20, 59, 5 ]
               - [ 11, 13, 4 ]
               - [ 13, 56, 4 ]
               - [ 27, 11, 5 ]
   -
      template_id: 1
      templates:
         -
            width: 66
            height: 119
            tl_x: 100
            tl_y: 104
            pyramid_level: 0
            features:
               - [ 3, 85, 7 ]
               - [ 13, 108, 7 ]
               - [ 0, 52, 0 ]
               - [ 55, 49, 1 ]
               - [ 39, 13, 1 ]
               - [ 31, 4, 1 ]
               - [ 4, 38, 1 ]
               - [ 7, 96, 7 ]
               - [ 61, 82, 6 ]
               - [ 43, 24, 3 ]
               - [ 56, 73, 7 ]
               - [ 59, 117, 1 ]
               - [ 27, 14, 1 ]
               - [ 64, 105, 1 ]
               - [ 37, 117, 5 ]
               - [ 23, 119, 4 ]
               - [ 53, 25, 5 ]
               - [ 60, 37, 1 ]
               - [ 18, 30, 4 ]
               - [ 40, 1, 0 ]
               - [ 54, 58, 0 ]
         -
            width: 33
            height: 59
            tl_x: 50
            tl_y: 52
            pyramid_level: 1
            features:
               - [ 3, 47, 7 ]
               - [ 1, 21, 1 ]
               - [ 33, 49, 1 ]
               - [ 28, 23, 1 ]
               - [ 15, 3, 1 ]
               - [ 20, 59, 5 ]
               - [ 27, 33, 0 ]
               - [ 27, 13, 5 ]
               - [ 8, 15, 4 ]
               - [ 30, 57, 1 ]
   -
      template_id: 2
      templates:
         -
            width: 67
            height: 120
            tl_x: 100
            tl_y: 104
            pyramid_level: 0
            features:
               - [ 35, 0, 0 ]
               - [ 12, 102, 7 ]
               - [ 2, 41, 1 ]
               - [ 4, 84, 7 ]
               - [ 20, 113, 6 ]
               - [ 54, 47, 0 ]
               - [ 35, 12, 0 ]
               - [ 57, 71, 7 ]
               - [ 24, 10, 1 ]
               - [ 67, 105, 1 ]
               - [ 40, 23, 3 ]
               - [ 11, 32, 4 ]
               - [ 57, 36, 1 ]
               - [ 39, 116, 4 ]
               - [ 51, 24, 5 ]
               - [ 51, 120, 5 ]
               - [ 63, 80, 6 ]
               - [ 22, 22, 0 ]
               - [ 61, 119, 2 ]
               - [ 54, 62, 7 ]
         -
            width: 33
            height: 60
            tl_x: 50
            tl_y: 52
            pyramid_level: 1
            features:
               - [ 0, 25, 0 ]
               - [ 28, 34, 7 ]
               - [ 5, 49, 7 ]
               - [ 27, 24, 0 ]
               - [ 12, 5, 1 ]
               - [ 23, 59, 5 ]
               - [ 33, 54, 1 ]
               - [ 7, 16, 4 ]
               - [ 25, 12, 5 ]
               - [ 16, 59, 3 ]
   -
      template_id: 3
      templates:
         -
            width: 74
            height: 118
            tl_x: 98
            tl_y: 104
            pyramid_level: 0
            features:
               - [ 32, 1, 7 ]
               - [ 1, 56, 0 ]
               - [ 21, 22, 0 ]
               - [ 18, 104, 6 ]
               - [ 8, 86, 7 ]
               - [ 2, 45, 1 ]
               - [ 22, 9, 1 ]
               - [ 73, 101, 0 ]
               - [ 61, 71, 6 ]
               - [ 56, 38, 1 ]
               - [ 32, 17, 1 ]
               - [ 58, 118, 5 ]
               - [ 10, 34, 3 ]
               - [ 74, 91, 0 ]
               - [ 52, 24, 5 ]
               - [ 47, 115, 4 ]
               - [ 31, 118, 6 ]
               - [ 68, 116, 2 ]
               - [ 55, 55, 0 ]
               - [ 68, 78, 6 ]
         -
            width: 37
            height: 59
            tl_x: 49
            tl_y: 52
            pyramid_level: 1
            features:
               - [ 9, 52, 6 ]
               - [ 1, 23, 1 ]
               - [ 11, 5, 1 ]
               - [ 37, 47, 0 ]
               - [ 26, 58, 5 ]
               - [ 28, 19, 1 ]
               - [ 28, 30, 7 ]
               - [ 35, 56, 1 ]
               - [ 21, 11, 4 ]
               - [ 34, 39, 6 ]
   -
      template_id: 4
      templates:
         -
            width: 77
            height: 114
            tl_x: 98
            tl_y: 106
            pyramid_level: 0
            features:
               - [ 27, 0, 7 ]
               - [ 11, 87, 7 ]
               - [ 1, 59, 0 ]
               - [ 21, 102, 6 ]
               - [ 1, 45, 1 ]
               - [ 54, 33, 0 ]
               - [ 18, 22, 0 ]
               - [ 33, 114, 6 ]
               - [ 60, 64, 7 ]
               - [ 77, 85, 0 ]
               - [ 51, 112, 4 ]
               - [ 76, 97, 0 ]
               - [ 50, 21, 5 ]
               - [ 64, 114, 5 ]
               - [ 34, 21, 3 ]
               - [ 9, 34, 3 ]
               - [ 54, 49, 7 ]
               - [ 68, 72, 6 ]
               - [ 74, 108, 1 ]
               - [ 18, 6, 0 ]
         -
            width: 38
            height: 57
            tl_x: 49
            tl_y: 53
            pyramid_level: 1
            features:
               - [ 9, 49, 6 ]
               - [ 30, 32, 7 ]
               - [ 27, 16, 0 ]
               - [ 9, 3, 1 ]
               - [ 27, 24, 0 ]
               - [ 38, 49, 0 ]
               - [ 28, 56, 4 ]
               - [ 1, 21, 1 ]
               - [ 19, 10, 3 ]
               - [ 9, 9, 0 ]
   -
      template_id: 5
      templates:
         -
            width: 80
            height: 117
            tl_x: 98
            tl_y: 106
            pyramid_level: 0
            features:
               - [ 22, 1, 7 ]
               - [ 0, 47, 0 ]
               - [ 1, 61, 7 ]
               - [ 52, 43, 0 ]
               - [ 17, 94, 6 ]
               - [ 79, 81, 0 ]
               - [ 62, 64, 6 ]
               - [ 34, 111, 6 ]
               - [ 24, 18, 0 ]
               - [ 52, 28, 0 ]
               - [ 13, 11, 0 ]
               - [ 68, 111, 5 ]
               - [ 5, 37, 3 ]
               - [ 79, 100, 0 ]
               - [ 57, 110, 4 ]
               - [ 41, 18, 4 ]
               - [ 44, 117, 4 ]
               - [ 24, 102, 6 ]
               - [ 15, 24, 7 ]
               - [ 56, 55, 6 ]
         -
            width: 40
            height: 58
            tl_x: 49
            tl_y: 53
            pyramid_level: 1
            features:
               - [ 0, 28, 0 ]
               - [ 15, 54, 6 ]
               - [ 12, 6, 0 ]
               - [ 27, 25, 7 ]
               - [ 35, 35, 5 ]
               - [ 26, 15, 0 ]
               - [ 31, 55, 4 ]
               - [ 4, 18, 3 ]
               - [ 40, 46, 0 ]
               - [ 20, 9, 4 ]
   -
      template_id: 6
      templates:
         -
            width: 84
            height: 112
            tl_x: 96
            tl_y: 108
            pyramid_level: 0
            features:
