%YAML:1.0
---
class_id: "back0warp144.png"
pyramid_levels: 2
template_pyramids:
   -
      template_id: 0
      templates:
         -
            width: 60
            height: 84
            tl_x: 100
            tl_y: 102
            pyramid_level: 0
            features:
               - [ 16, 57, 7 ]
               - [ 7, 39, 7 ]
               - [ 55, 44, 6 ]
               - [ 12, 50, 7 ]
               - [ 1, 20, 7 ]
               - [ 58, 80, 7 ]
               - [ 60, 52, 7 ]
               - [ 22, 67, 6 ]
               - [ 34, 76, 6 ]
               - [ 42, 84, 6 ]
               - [ 47, 36, 6 ]
               - [ 51, 25, 1 ]
               - [ 3, 28, 7 ]
               - [ 24, 12, 6 ]
               - [ 11, 0, 5 ]
               - [ 46, 15, 5 ]
               - [ 56, 65, 1 ]
               - [ 36, 17, 1 ]
               - [ 1, 3, 1 ]
               - [ 28, 72, 5 ]
               - [ 29, 18, 6 ]
         -
            width: 30
            height: 42
            tl_x: 50
            tl_y: 51
            pyramid_level: 1
            features:
               - [ 5, 23, 7 ]
               - [ 14, 36, 5 ]
               - [ 21, 42, 6 ]
               - [ 28, 37, 7 ]
               - [ 28, 23, 6 ]
               - [ 12, 6, 6 ]
               - [ 1, 12, 7 ]
               - [ 7, 1, 6 ]
               - [ 24, 8, 6 ]
               - [ 10, 32, 7 ]
               - [ 3, 18, 7 ]
               - [ 25, 13, 1 ]
   -
      template_id: 1
      templates:
         -
            width: 65
            height: 86
            tl_x: 98
            tl_y: 104
            pyramid_level: 0
            features:
               - [ 11, 44, 7 ]
               - [ 42, 76, 6 ]
               - [ 18, 55, 6 ]
               - [ 1, 21, 7 ]
               - [ 63, 76, 7 ]
               - [ 57, 40, 6 ]
               - [ 21, 9, 6 ]
               - [ 49, 33, 6 ]
               - [ 34, 71, 5 ]
               - [ 5, 32, 7 ]
               - [ 65, 52, 7 ]
               - [ 9, 0, 5 ]
               - [ 26, 66, 6 ]
               - [ 30, 18, 6 ]
               - [ 53, 86, 6 ]
               - [ 60, 68, 0 ]
               - [ 46, 12, 5 ]
               - [ 51, 22, 1 ]
               - [ 61, 59, 2 ]
               - [ 47, 27, 3 ]
         -
            width: 32
            height: 43
            tl_x: 49
            tl_y: 52
            pyramid_level: 1
            features:
               - [ 5, 21, 7 ]
               - [ 1, 12, 7 ]
               - [ 16, 35, 5 ]
               - [ 11, 5, 6 ]
               - [ 31, 37, 7 ]
               - [ 30, 22, 6 ]
               - [ 23, 6, 5 ]
               - [ 0, 3, 1 ]
               - [ 23, 40, 6 ]
               - [ 10, 29, 6 ]
   -
      template_id: 2
      templates:
         -
            width: 69
            height: 79
            tl_x: 96
            tl_y: 106
            pyramid_level: 0
            features:
               - [ 56, 34, 6 ]
               - [ 48, 74, 6 ]
               - [ 20, 53, 6 ]
               - [ 26, 60, 6 ]
               - [ 12, 42, 7 ]
               - [ 69, 73, 6 ]
               - [ 38, 69, 5 ]
               - [ 65, 43, 6 ]
               - [ 0, 19, 7 ]
               - [ 64, 64, 7 ]
               - [ 49, 11, 6 ]
               - [ 54, 79, 6 ]
               - [ 26, 13, 6 ]
               - [ 20, 8, 6 ]
               - [ 6, 32, 7 ]
               - [ 35, 13, 1 ]
               - [ 6, 0, 4 ]
               - [ 63, 57, 1 ]
               - [ 51, 19, 0 ]
               - [ 15, 4, 6 ]
         -
            width: 34
            height: 39
            tl_x: 48
            tl_y: 53
            pyramid_level: 1
            features:
               - [ 28, 17, 6 ]
               - [ 1, 12, 7 ]
               - [ 8, 24, 6 ]
               - [ 24, 37, 6 ]
               - [ 32, 32, 7 ]
               - [ 10, 4, 6 ]
               - [ 23, 5, 5 ]
               - [ 4, 18, 7 ]
               - [ 12, 29, 6 ]
               - [ 18, 34, 5 ]
   -
      template_id: 3
      templates:
         -
            width: 74
            height: 78
            tl_x: 92
            tl_y: 108
            pyramid_level: 0
            features:
               - [ 59, 30, 5 ]
               - [ 66, 78, 5 ]
               - [ 55, 71, 5 ]
               - [ 70, 60, 7 ]
               - [ 16, 42, 6 ]
               - [ 30, 57, 6 ]
               - [ 22, 49, 6 ]
               - [ 46, 67, 5 ]
               - [ 3, 22, 7 ]
               - [ 19, 6, 5 ]
               - [ 72, 42, 6 ]
               - [ 29, 13, 6 ]
               - [ 10, 34, 6 ]
               - [ 8, 1, 4 ]
               - [ 53, 13, 0 ]
               - [ 44, 6, 4 ]
               - [ 69, 51, 1 ]
               - [ 37, 10, 1 ]
               - [ 0, 4, 1 ]
               - [ 35, 62, 6 ]
               - [ 74, 66, 6 ]
         -
            width: 37
            height: 39
            tl_x: 46
            tl_y: 54
            pyramid_level: 1
            features:
               - [ 9, 22, 6 ]
               - [ 30, 37, 5 ]
               - [ 37, 33, 6 ]
               - [ 31, 16, 6 ]
               - [ 11, 4, 6 ]
               - [ 5, 17, 6 ]
               - [ 24, 34, 5 ]
               - [ 23, 3, 4 ]
               - [ 35, 25, 1 ]
               - [ 12, 26, 6 ]
   -
      template_id: 4
      templates:
         -
            width: 81
            height: 71
            tl_x: 88
            tl_y: 112
            pyramid_level: 0
            features:
               - [ 57, 22, 5 ]
               - [ 5, 20, 7 ]
               - [ 75, 52, 7 ]
               - [ 72, 71, 5 ]
               - [ 31, 50, 6 ]
               - [ 51, 62, 4 ]
               - [ 63, 66, 5 ]
               - [ 75, 34, 6 ]
               - [ 41, 58, 6 ]
               - [ 55, 8, 0 ]
               - [ 22, 5, 5 ]
               - [ 81, 60, 6 ]
               - [ 15, 34, 6 ]
               - [ 32, 11, 5 ]
               - [ 10, 0, 4 ]
               - [ 47, 2, 4 ]
               - [ 45, 19, 5 ]
               - [ 68, 28, 6 ]
               - [ 24, 44, 6 ]
               - [ 1, 4, 1 ]
         -
            width: 40
            height: 35
            tl_x: 44
            tl_y: 56
            pyramid_level: 1
            features:
               - [ 25, 31, 5 ]
               - [ 19, 28, 6 ]
               - [ 33, 34, 5 ]
               - [ 10, 20, 6 ]
               - [ 31, 12, 5 ]
               - [ 10, 2, 5 ]
               - [ 6, 15, 6 ]
               - [ 39, 28, 6 ]
               - [ 24, 1, 4 ]
               - [ 5, 0, 4 ]
   -
      template_id: 5
      templates:
         -
            width: 87
            height: 67
            tl_x: 86
            tl_y: 114
            pyramid_level: 0
            features:
               - [ 58, 19, 5 ]
               - [ 64, 61, 5 ]
               - [ 78, 46, 7 ]
               - [ 78, 67, 5 ]
               - [ 34, 49, 6 ]
               - [ 24, 41, 6 ]
               - [ 6, 22, 7 ]
               - [ 87, 56, 6 ]
               - [ 43, 55, 5 ]
               - [ 69, 24, 5 ]
               - [ 52, 59, 4 ]
               - [ 17, 3, 5 ]
               - [ 32, 10, 5 ]
               - [ 7, 1, 4 ]
               - [ 49, 0, 4 ]
               - [ 55, 7, 0 ]
               - [ 16, 34, 6 ]
               - [ 77, 38, 1 ]
               - [ 0, 8, 0 ]
               - [ 24, 6, 5 ]
         -
            width: 43
            height: 33
            tl_x: 43
            tl_y: 57
            pyramid_level: 1
            features:
               - [ 29, 30, 4 ]
               - [ 38, 33, 5 ]
               - [ 18, 25, 6 ]
               - [ 31, 10, 5 ]
               - [ 12, 3, 5 ]
               - [ 9, 18, 6 ]
               - [ 41, 26, 6 ]
               - [ 23, 0, 4 ]
               - [ 39, 19, 1 ]
               - [ 36, 13, 6 ]
               - [ 7, 1, 5 ]
   -
      template_id: 6
      templates:
         -
            width: 94
            height: 64
            tl_x: 84
            tl_y: 114
            pyramid_level: 0
            features:
