%YAML:1.0
---
class_id: "back0warp54.png"
pyramid_levels: 2
template_pyramids:
   -
      template_id: 0
      templates:
         -
            width: 94
            height: 110
            tl_x: 100
            tl_y: 104
            pyramid_level: 0
            features:
               - [ 83, 21, 5 ]
               - [ 50, 13, 1 ]
               - [ 1, 44, 1 ]
               - [ 23, 17, 3 ]
               - [ 70, 8, 1 ]
               - [ 5, 77, 7 ]
               - [ 86, 45, 1 ]
               - [ 20, 100, 6 ]
               - [ 1, 63, 0 ]
               - [ 94, 74, 6 ]
               - [ 82, 110, 3 ]
               - [ 51, 105, 4 ]
               - [ 67, 110, 5 ]
               - [ 32, 108, 4 ]
               - [ 85, 59, 0 ]
               - [ 8, 27, 2 ]
               - [ 92, 99, 1 ]
               - [ 58, 1, 2 ]
               - [ 36, 18, 4 ]
               - [ 93, 34, 2 ]
         -
            width: 47
            height: 55
            tl_x: 50
            tl_y: 52
            pyramid_level: 1
            features:
               - [ 10, 50, 6 ]
               - [ 40, 10, 5 ]
               - [ 10, 9, 3 ]
               - [ 1, 20, 1 ]
               - [ 1, 34, 7 ]
               - [ 46, 36, 6 ]
               - [ 31, 54, 5 ]
               - [ 26, 4, 1 ]
               - [ 43, 23, 1 ]
               - [ 44, 52, 2 ]
   -
      template_id: 1
      templates:
         -
            width: 102
            height: 113
            tl_x: 100
            tl_y: 100
            pyramid_level: 0
            features:
               - [ 47, 15, 1 ]
               - [ 60, 0, 3 ]
               - [ 85, 46, 1 ]
               - [ 84, 24, 5 ]
               - [ 24, 23, 4 ]
               - [ 65, 12, 1 ]
               - [ 89, 68, 6 ]
               - [ 7, 85, 7 ]
               - [ 2, 72, 7 ]
               - [ 23, 106, 6 ]
               - [ 0, 53, 0 ]
               - [ 51, 109, 4 ]
               - [ 64, 110, 5 ]
               - [ 87, 111, 2 ]
               - [ 35, 113, 4 ]
               - [ 37, 24, 4 ]
               - [ 5, 36, 1 ]
               - [ 102, 82, 1 ]
               - [ 14, 96, 6 ]
               - [ 52, 26, 3 ]
         -
            width: 51
            height: 56
            tl_x: 50
            tl_y: 50
            pyramid_level: 1
            features:
               - [ 42, 12, 5 ]
               - [ 18, 12, 4 ]
               - [ 32, 55, 5 ]
               - [ 7, 48, 6 ]
               - [ 48, 49, 1 ]
               - [ 6, 14, 2 ]
               - [ 48, 37, 6 ]
               - [ 42, 26, 0 ]
               - [ 26, 3, 2 ]
               - [ 21, 56, 3 ]
   -
      template_id: 2
      templates:
         -
            width: 103
            height: 109
            tl_x: 100
            tl_y: 102
            pyramid_level: 0
            features:
               - [ 0, 55, 0 ]
               - [ 43, 15, 0 ]
               - [ 31, 109, 6 ]
               - [ 77, 18, 4 ]
               - [ 18, 24, 3 ]
               - [ 3, 73, 7 ]
               - [ 91, 64, 6 ]
               - [ 61, 9, 1 ]
               - [ 84, 40, 1 ]
               - [ 20, 100, 6 ]
               - [ 8, 84, 7 ]
               - [ 90, 107, 2 ]
               - [ 76, 108, 5 ]
               - [ 60, 106, 4 ]
               - [ 89, 29, 1 ]
               - [ 7, 32, 2 ]
               - [ 51, 0, 2 ]
               - [ 99, 93, 1 ]
               - [ 103, 81, 1 ]
               - [ 29, 23, 4 ]
               - [ 85, 54, 7 ]
               - [ 49, 109, 3 ]
         -
            width: 51
            height: 54
            tl_x: 50
            tl_y: 51
            pyramid_level: 1
            features:
               - [ 38, 9, 4 ]
               - [ 4, 42, 7 ]
               - [ 26, 54, 3 ]
               - [ 1, 21, 1 ]
               - [ 9, 12, 3 ]
               - [ 38, 54, 5 ]
               - [ 48, 34, 5 ]
               - [ 23, 3, 1 ]
               - [ 49, 48, 1 ]
               - [ 15, 54, 6 ]
               - [ 42, 20, 1 ]
   -
      template_id: 3
      templates:
         -
            width: 105
            height: 117
            tl_x: 100
            tl_y: 98
            pyramid_level: 0
            features:
               - [ 18, 30, 3 ]
               - [ 0, 63, 0 ]
               - [ 45, 117, 4 ]
               - [ 57, 11, 1 ]
               - [ 74, 20, 4 ]
               - [ 4, 79, 7 ]
               - [ 82, 44, 0 ]
               - [ 40, 15, 1 ]
               - [ 90, 63, 6 ]
               - [ 60, 110, 3 ]
               - [ 11, 92, 6 ]
               - [ 26, 108, 5 ]
               - [ 82, 110, 5 ]
               - [ 35, 29, 4 ]
               - [ 2, 45, 1 ]
               - [ 100, 98, 1 ]
               - [ 86, 30, 1 ]
               - [ 105, 81, 0 ]
               - [ 50, 1, 2 ]
               - [ 71, 109, 4 ]
               - [ 102, 70, 5 ]
               - [ 58, 22, 3 ]
         -
            width: 52
            height: 58
            tl_x: 50
            tl_y: 49
            pyramid_level: 1
            features:
               - [ 16, 56, 5 ]
               - [ 37, 10, 4 ]
               - [ 47, 33, 5 ]
               - [ 41, 55, 4 ]
               - [ 20, 8, 0 ]
               - [ 7, 48, 6 ]
               - [ 9, 15, 3 ]
               - [ 28, 56, 3 ]
               - [ 51, 46, 1 ]
               - [ 41, 23, 0 ]
               - [ 1, 23, 1 ]
   -
      template_id: 4
      templates:
         -
            width: 107
            height: 117
            tl_x: 100
            tl_y: 98
            pyramid_level: 0
            features:
               - [ 15, 33, 3 ]
               - [ 36, 22, 0 ]
               - [ 69, 18, 4 ]
               - [ 1, 71, 7 ]
               - [ 39, 115, 5 ]
               - [ 45, 1, 2 ]
               - [ 75, 107, 4 ]
               - [ 92, 61, 5 ]
               - [ 81, 44, 7 ]
               - [ 16, 98, 6 ]
               - [ 52, 13, 1 ]
               - [ 99, 102, 2 ]
               - [ 83, 28, 1 ]
               - [ 61, 111, 3 ]
               - [ 1, 49, 1 ]
               - [ 104, 91, 1 ]
               - [ 107, 74, 0 ]
               - [ 5, 82, 7 ]
               - [ 50, 117, 3 ]
               - [ 86, 107, 4 ]
               - [ 46, 27, 2 ]
         -
            width: 53
            height: 58
            tl_x: 50
            tl_y: 49
            pyramid_level: 1
            features:
               - [ 49, 32, 5 ]
               - [ 35, 9, 4 ]
               - [ 0, 32, 0 ]
               - [ 17, 56, 5 ]
               - [ 18, 9, 0 ]
               - [ 31, 55, 3 ]
               - [ 5, 18, 2 ]
               - [ 52, 45, 1 ]
               - [ 5, 45, 6 ]
               - [ 40, 20, 0 ]
   -
      template_id: 5
      templates:
         -
            width: 108
            height: 110
            tl_x: 100
            tl_y: 104
            pyramid_level: 0
            features:
               - [ 33, 19, 7 ]
               - [ 13, 30, 3 ]
               - [ 2, 69, 7 ]
               - [ 62, 11, 4 ]
               - [ 45, 110, 5 ]
               - [ 8, 81, 7 ]
               - [ 48, 6, 0 ]
               - [ 79, 34, 0 ]
               - [ 96, 53, 5 ]
               - [ 102, 92, 2 ]
               - [ 3, 40, 1 ]
               - [ 70, 101, 3 ]
               - [ 76, 12, 5 ]
               - [ 33, 105, 5 ]
               - [ 19, 94, 6 ]
               - [ 35, 2, 1 ]
               - [ 107, 77, 0 ]
               - [ 83, 98, 4 ]
               - [ 0, 55, 0 ]
               - [ 108, 65, 0 ]
         -
            width: 54
            height: 55
            tl_x: 50
            tl_y: 52
            pyramid_level: 1
            features:
               - [ 20, 54, 5 ]
               - [ 29, 6, 3 ]
               - [ 42, 49, 4 ]
               - [ 0, 30, 0 ]
               - [ 53, 41, 1 ]
               - [ 10, 14, 3 ]
               - [ 49, 27, 5 ]
               - [ 8, 46, 6 ]
               - [ 39, 15, 0 ]
               - [ 18, 0, 2 ]
   -
      template_id: 6
      templates:
         -
