%YAML:1.0
---
class_id: "back0warp78.png"
pyramid_levels: 2
template_pyramids:
   -
      template_id: 0
      templates:
         -
            width: 95
            height: 113
            tl_x: 100
            tl_y: 108
            pyramid_level: 0
            features:
               - [ 50, 11, 1 ]
               - [ 1, 71, 7 ]
               - [ 70, 7, 1 ]
               - [ 58, 111, 5 ]
               - [ 19, 105, 6 ]
               - [ 1, 45, 1 ]
               - [ 40, 22, 5 ]
               - [ 84, 108, 2 ]
               - [ 85, 68, 7 ]
               - [ 84, 51, 1 ]
               - [ 26, 20, 4 ]
               - [ 31, 113, 4 ]
               - [ 94, 93, 1 ]
               - [ 6, 86, 7 ]
               - [ 82, 21, 5 ]
               - [ 7, 31, 1 ]
               - [ 91, 38, 2 ]
               - [ 57, 0, 2 ]
               - [ 95, 80, 6 ]
               - [ 55, 24, 3 ]
         -
            width: 47
            height: 56
            tl_x: 50
            tl_y: 54
            pyramid_level: 1
            features:
               - [ 10, 53, 6 ]
               - [ 27, 55, 4 ]
               - [ 25, 6, 1 ]
               - [ 1, 37, 7 ]
               - [ 1, 21, 1 ]
               - [ 43, 23, 1 ]
               - [ 42, 54, 2 ]
               - [ 45, 38, 6 ]
               - [ 37, 10, 4 ]
               - [ 9, 11, 3 ]
   -
      template_id: 1
      templates:
         -
            width: 98
            height: 120
            tl_x: 100
            tl_y: 102
            pyramid_level: 0
            features:
               - [ 47, 15, 1 ]
               - [ 63, 116, 4 ]
               - [ 4, 85, 7 ]
               - [ 28, 117, 6 ]
               - [ 65, 13, 1 ]
               - [ 38, 29, 4 ]
               - [ 86, 114, 2 ]
               - [ 24, 28, 4 ]
               - [ 85, 68, 7 ]
               - [ 59, 0, 3 ]
               - [ 1, 52, 1 ]
               - [ 82, 25, 5 ]
               - [ 12, 33, 2 ]
               - [ 86, 47, 1 ]
               - [ 93, 79, 6 ]
               - [ 98, 93, 1 ]
               - [ 49, 116, 3 ]
               - [ 61, 26, 3 ]
               - [ 12, 100, 7 ]
               - [ 19, 109, 6 ]
               - [ 92, 37, 2 ]
         -
            width: 49
            height: 60
            tl_x: 50
            tl_y: 51
            pyramid_level: 1
            features:
               - [ 10, 55, 6 ]
               - [ 33, 5, 1 ]
               - [ 32, 58, 4 ]
               - [ 2, 42, 7 ]
               - [ 42, 32, 7 ]
               - [ 15, 14, 4 ]
               - [ 1, 24, 1 ]
               - [ 47, 51, 1 ]
               - [ 45, 20, 1 ]
               - [ 19, 60, 4 ]
   -
      template_id: 2
      templates:
         -
            width: 100
            height: 123
            tl_x: 100
            tl_y: 100
            pyramid_level: 0
            features:
               - [ 27, 116, 6 ]
               - [ 4, 85, 7 ]
               - [ 43, 17, 1 ]
               - [ 61, 14, 1 ]
               - [ 65, 116, 4 ]
               - [ 35, 32, 4 ]
               - [ 42, 123, 4 ]
               - [ 93, 109, 1 ]
               - [ 85, 65, 7 ]
               - [ 54, 1, 2 ]
               - [ 1, 56, 0 ]
               - [ 11, 99, 7 ]
               - [ 84, 48, 1 ]
               - [ 88, 29, 6 ]
               - [ 96, 78, 5 ]
               - [ 18, 33, 3 ]
               - [ 100, 93, 1 ]
               - [ 49, 32, 3 ]
               - [ 76, 24, 4 ]
               - [ 6, 43, 1 ]
         -
            width: 50
            height: 61
            tl_x: 50
            tl_y: 50
            pyramid_level: 1
            features:
               - [ 15, 59, 6 ]
               - [ 3, 45, 7 ]
               - [ 16, 16, 4 ]
               - [ 34, 12, 4 ]
               - [ 42, 24, 1 ]
               - [ 49, 49, 1 ]
               - [ 31, 58, 4 ]
               - [ 1, 26, 1 ]
               - [ 22, 7, 1 ]
               - [ 48, 39, 6 ]
   -
      template_id: 3
      templates:
         -
            width: 102
            height: 125
            tl_x: 100
            tl_y: 98
            pyramid_level: 0
            features:
               - [ 6, 90, 7 ]
               - [ 39, 28, 0 ]
               - [ 32, 120, 5 ]
               - [ 1, 72, 0 ]
               - [ 57, 14, 0 ]
               - [ 65, 117, 3 ]
               - [ 52, 0, 3 ]
               - [ 97, 107, 1 ]
               - [ 85, 64, 7 ]
               - [ 48, 125, 3 ]
               - [ 25, 36, 4 ]
               - [ 7, 45, 2 ]
               - [ 82, 26, 5 ]
               - [ 83, 45, 1 ]
               - [ 67, 24, 3 ]
               - [ 100, 77, 5 ]
               - [ 102, 93, 1 ]
               - [ 16, 106, 6 ]
               - [ 43, 10, 1 ]
               - [ 1, 59, 0 ]
         -
            width: 51
            height: 62
            tl_x: 50
            tl_y: 49
            pyramid_level: 1
            features:
               - [ 16, 60, 5 ]
               - [ 20, 9, 1 ]
               - [ 49, 52, 1 ]
               - [ 12, 18, 4 ]
               - [ 2, 25, 1 ]
               - [ 42, 21, 1 ]
               - [ 31, 59, 3 ]
               - [ 47, 37, 5 ]
               - [ 34, 12, 4 ]
               - [ 8, 53, 6 ]
   -
      template_id: 4
      templates:
         -
            width: 105
            height: 123
            tl_x: 100
            tl_y: 100
            pyramid_level: 0
            features:
               - [ 8, 91, 7 ]
               - [ 36, 27, 7 ]
               - [ 37, 119, 5 ]
               - [ 52, 1, 7 ]
               - [ 71, 113, 3 ]
               - [ 2, 74, 7 ]
               - [ 38, 9, 1 ]
               - [ 51, 18, 1 ]
               - [ 100, 102, 1 ]
               - [ 85, 59, 7 ]
               - [ 53, 123, 3 ]
               - [ 6, 46, 2 ]
               - [ 81, 44, 0 ]
               - [ 23, 36, 3 ]
               - [ 97, 69, 5 ]
               - [ 80, 22, 5 ]
               - [ 22, 109, 6 ]
               - [ 1, 60, 0 ]
               - [ 105, 81, 0 ]
               - [ 65, 20, 4 ]
         -
            width: 52
            height: 61
            tl_x: 50
            tl_y: 50
            pyramid_level: 1
            features:
               - [ 19, 60, 5 ]
               - [ 41, 56, 4 ]
               - [ 18, 8, 0 ]
               - [ 7, 50, 6 ]
               - [ 51, 48, 1 ]
               - [ 30, 11, 3 ]
               - [ 41, 18, 1 ]
               - [ 6, 20, 2 ]
               - [ 43, 30, 7 ]
               - [ 29, 60, 2 ]
   -
      template_id: 5
      templates:
         -
            width: 106
            height: 121
            tl_x: 100
            tl_y: 102
            pyramid_level: 0
            features:
               - [ 11, 93, 7 ]
               - [ 33, 26, 7 ]
               - [ 80, 108, 4 ]
               - [ 42, 118, 5 ]
               - [ 48, 4, 0 ]
               - [ 2, 72, 7 ]
               - [ 33, 10, 1 ]
               - [ 47, 16, 1 ]
               - [ 57, 121, 3 ]
               - [ 80, 44, 7 ]
               - [ 103, 97, 1 ]
               - [ 22, 36, 3 ]
               - [ 75, 17, 5 ]
               - [ 95, 62, 5 ]
               - [ 6, 46, 1 ]
               - [ 59, 18, 3 ]
               - [ 106, 81, 0 ]
               - [ 29, 111, 6 ]
               - [ 80, 30, 1 ]
               - [ 17, 101, 6 ]
               - [ 38, 0, 2 ]
               - [ 1, 62, 0 ]
         -
            width: 53
            height: 60
            tl_x: 50
            tl_y: 51
            pyramid_level: 1
            features:
               - [ 21, 59, 5 ]
               - [ 40, 54, 4 ]
               - [ 52, 46, 1 ]
               - [ 24, 3, 0 ]
               - [ 16, 10, 0 ]
               - [ 40, 15, 0 ]
               - [ 10, 52, 6 ]
               - [ 2, 25, 1 ]
               - [ 48, 31, 5 ]
               - [ 11, 18, 3 ]
               - [ 33, 8, 4 ]
   -
      template_id: 6
      templates:
         -
            width: 106
            height: 116
            tl_x: 102
            tl_y: 106
