%YAML:1.0
---
class_id: "back0warp72.png"
pyramid_levels: 2
template_pyramids:
   -
      template_id: 0
      templates:
         -
            width: 62
            height: 114
            tl_x: 100
            tl_y: 104
            pyramid_level: 0
            features:
               - [ 3, 43, 1 ]
               - [ 57, 55, 7 ]
               - [ 50, 6, 1 ]
               - [ 60, 36, 1 ]
               - [ 59, 96, 1 ]
               - [ 62, 86, 1 ]
               - [ 3, 91, 7 ]
               - [ 54, 106, 2 ]
               - [ 61, 68, 6 ]
               - [ 38, 11, 1 ]
               - [ 60, 24, 6 ]
               - [ 10, 28, 2 ]
               - [ 31, 114, 2 ]
               - [ 19, 21, 3 ]
               - [ 13, 112, 6 ]
               - [ 7, 102, 7 ]
               - [ 50, 20, 4 ]
               - [ 33, 23, 5 ]
               - [ 43, 0, 2 ]
               - [ 39, 109, 3 ]
               - [ 1, 82, 0 ]
         -
            width: 31
            height: 57
            tl_x: 50
            tl_y: 52
            pyramid_level: 1
            features:
               - [ 1, 23, 1 ]
               - [ 29, 30, 0 ]
               - [ 30, 18, 1 ]
               - [ 30, 46, 1 ]
               - [ 1, 44, 7 ]
               - [ 4, 52, 7 ]
               - [ 5, 14, 2 ]
               - [ 17, 56, 2 ]
               - [ 19, 5, 1 ]
               - [ 14, 11, 5 ]
   -
      template_id: 1
      templates:
         -
            width: 65
            height: 119
            tl_x: 100
            tl_y: 104
            pyramid_level: 0
            features:
               - [ 43, 13, 1 ]
               - [ 1, 49, 0 ]
               - [ 58, 34, 1 ]
               - [ 65, 80, 0 ]
               - [ 35, 115, 2 ]
               - [ 58, 58, 7 ]
               - [ 37, 1, 1 ]
               - [ 58, 104, 1 ]
               - [ 6, 94, 7 ]
               - [ 17, 22, 3 ]
               - [ 4, 37, 1 ]
               - [ 2, 79, 0 ]
               - [ 30, 23, 5 ]
               - [ 45, 108, 4 ]
               - [ 14, 109, 6 ]
               - [ 58, 23, 6 ]
               - [ 62, 93, 1 ]
               - [ 56, 45, 0 ]
               - [ 64, 68, 6 ]
               - [ 24, 119, 6 ]
         -
            width: 32
            height: 59
            tl_x: 50
            tl_y: 52
            pyramid_level: 1
            features:
               - [ 32, 42, 0 ]
               - [ 29, 17, 1 ]
               - [ 3, 47, 7 ]
               - [ 1, 23, 1 ]
               - [ 29, 29, 7 ]
               - [ 18, 57, 2 ]
               - [ 22, 5, 1 ]
               - [ 12, 11, 4 ]
               - [ 30, 50, 1 ]
               - [ 10, 58, 6 ]
               - [ 4, 15, 2 ]
   -
      template_id: 2
      templates:
         -
            width: 67
            height: 117
            tl_x: 100
            tl_y: 104
            pyramid_level: 0
            features:
               - [ 65, 91, 0 ]
               - [ 57, 53, 7 ]
               - [ 39, 12, 1 ]
               - [ 55, 39, 0 ]
               - [ 32, 1, 1 ]
               - [ 1, 47, 0 ]
               - [ 15, 23, 3 ]
               - [ 55, 21, 6 ]
               - [ 26, 117, 6 ]
               - [ 8, 94, 7 ]
               - [ 3, 37, 1 ]
               - [ 67, 74, 0 ]
               - [ 39, 116, 1 ]
               - [ 4, 82, 0 ]
               - [ 62, 63, 6 ]
               - [ 62, 102, 1 ]
               - [ 14, 104, 6 ]
               - [ 46, 108, 2 ]
               - [ 25, 23, 4 ]
               - [ 41, 2, 0 ]
               - [ 30, 12, 0 ]
         -
            width: 33
            height: 58
            tl_x: 50
            tl_y: 52
            pyramid_level: 1
            features:
               - [ 33, 42, 0 ]
               - [ 28, 16, 0 ]
               - [ 28, 25, 7 ]
               - [ 1, 21, 1 ]
               - [ 15, 4, 0 ]
               - [ 4, 47, 7 ]
               - [ 21, 56, 2 ]
               - [ 10, 56, 6 ]
               - [ 4, 14, 2 ]
               - [ 32, 48, 1 ]
               - [ 27, 10, 6 ]
               - [ 10, 11, 4 ]
   -
      template_id: 3
      templates:
         -
            width: 68
            height: 120
            tl_x: 100
            tl_y: 102
            pyramid_level: 0
            features:
               - [ 56, 52, 7 ]
               - [ 41, 18, 3 ]
               - [ 0, 54, 0 ]
               - [ 53, 39, 0 ]
               - [ 68, 80, 0 ]
               - [ 11, 27, 3 ]
               - [ 35, 0, 7 ]
               - [ 12, 99, 7 ]
               - [ 67, 96, 0 ]
               - [ 6, 86, 7 ]
               - [ 1, 66, 0 ]
               - [ 63, 63, 6 ]
               - [ 2, 39, 1 ]
               - [ 44, 117, 1 ]
               - [ 19, 109, 6 ]
               - [ 26, 17, 0 ]
               - [ 32, 120, 5 ]
               - [ 56, 106, 3 ]
               - [ 54, 28, 0 ]
               - [ 26, 7, 0 ]
         -
            width: 34
            height: 60
            tl_x: 50
            tl_y: 51
            pyramid_level: 1
            features:
               - [ 0, 28, 0 ]
               - [ 28, 26, 7 ]
               - [ 23, 57, 1 ]
               - [ 13, 4, 0 ]
               - [ 10, 55, 6 ]
               - [ 8, 13, 4 ]
               - [ 27, 15, 0 ]
               - [ 33, 49, 1 ]
               - [ 1, 20, 1 ]
               - [ 5, 48, 7 ]
   -
      template_id: 4
      templates:
         -
            width: 72
            height: 114
            tl_x: 98
            tl_y: 106
            pyramid_level: 0
            features:
               - [ 58, 48, 7 ]
               - [ 2, 58, 0 ]
               - [ 53, 32, 0 ]
               - [ 40, 13, 3 ]
               - [ 72, 81, 0 ]
               - [ 33, 0, 0 ]
               - [ 71, 67, 0 ]
               - [ 17, 96, 6 ]
               - [ 10, 25, 3 ]
               - [ 10, 83, 7 ]
               - [ 24, 13, 0 ]
               - [ 65, 56, 6 ]
               - [ 2, 39, 1 ]
               - [ 51, 112, 1 ]
               - [ 71, 94, 1 ]
               - [ 34, 113, 5 ]
               - [ 56, 103, 2 ]
               - [ 22, 23, 4 ]
               - [ 24, 105, 6 ]
               - [ 53, 23, 0 ]
               - [ 24, 0, 1 ]
               - [ 1, 49, 0 ]
               - [ 31, 21, 2 ]
         -
            width: 36
            height: 57
            tl_x: 49
            tl_y: 53
            pyramid_level: 1
            features:
               - [ 36, 39, 0 ]
               - [ 27, 19, 7 ]
               - [ 1, 20, 0 ]
               - [ 18, 57, 5 ]
               - [ 8, 47, 7 ]
               - [ 31, 50, 3 ]
               - [ 7, 12, 3 ]
               - [ 12, 1, 0 ]
               - [ 23, 7, 5 ]
               - [ 31, 27, 6 ]
   -
      template_id: 5
      templates:
         -
            width: 74
            height: 114
            tl_x: 98
            tl_y: 106
            pyramid_level: 0
            features:
               - [ 56, 44, 7 ]
               - [ 28, 0, 7 ]
               - [ 36, 13, 3 ]
               - [ 50, 25, 0 ]
               - [ 2, 60, 7 ]
               - [ 8, 27, 3 ]
               - [ 74, 78, 0 ]
               - [ 72, 64, 7 ]
               - [ 20, 97, 6 ]
               - [ 20, 14, 7 ]
               - [ 66, 54, 5 ]
               - [ 74, 91, 1 ]
               - [ 56, 109, 1 ]
               - [ 1, 39, 0 ]
               - [ 13, 86, 7 ]
               - [ 29, 106, 6 ]
               - [ 39, 113, 5 ]
               - [ 64, 98, 3 ]
               - [ 46, 14, 5 ]
               - [ 19, 24, 4 ]
         -
            width: 37
            height: 57
            tl_x: 49
            tl_y: 53
            pyramid_level: 1
            features:
               - [ 37, 39, 0 ]
               - [ 25, 12, 0 ]
               - [ 28, 22, 7 ]
               - [ 1, 18, 1 ]
               - [ 21, 57, 5 ]
               - [ 9, 47, 6 ]
               - [ 34, 48, 3 ]
               - [ 14, 1, 7 ]
               - [ 28, 55, 1 ]
               - [ 33, 27, 6 ]
   -
      template_id: 6
      templates:
         -
