%YAML:1.0
---
class_id: "back0warp31.png"
pyramid_levels: 2
template_pyramids:
   -
      template_id: 0
      templates:
         -
            width: 100
            height: 90
            tl_x: 100
            tl_y: 104
            pyramid_level: 0
            features:
               - [ 41, 14, 5 ]
               - [ 53, 10, 1 ]
               - [ 15, 18, 3 ]
               - [ 87, 15, 5 ]
               - [ 61, 0, 2 ]
               - [ 71, 90, 5 ]
               - [ 73, 3, 1 ]
               - [ 96, 55, 6 ]
               - [ 1, 41, 0 ]
               - [ 92, 27, 2 ]
               - [ 19, 84, 6 ]
               - [ 99, 74, 1 ]
               - [ 87, 38, 0 ]
               - [ 1, 53, 0 ]
               - [ 88, 88, 3 ]
               - [ 56, 87, 4 ]
               - [ 9, 73, 7 ]
               - [ 39, 90, 3 ]
               - [ 70, 14, 4 ]
               - [ 30, 13, 4 ]
         -
            width: 50
            height: 45
            tl_x: 50
            tl_y: 52
            pyramid_level: 1
            features:
               - [ 20, 7, 4 ]
               - [ 50, 36, 1 ]
               - [ 3, 14, 1 ]
               - [ 31, 44, 4 ]
               - [ 41, 7, 4 ]
               - [ 1, 29, 7 ]
               - [ 8, 41, 6 ]
               - [ 45, 24, 7 ]
               - [ 29, 1, 2 ]
               - [ 10, 8, 3 ]
   -
      template_id: 1
      templates:
         -
            width: 105
            height: 95
            tl_x: 100
            tl_y: 100
            pyramid_level: 0
            features:
               - [ 50, 14, 1 ]
               - [ 39, 19, 4 ]
               - [ 61, 1, 3 ]
               - [ 17, 23, 3 ]
               - [ 69, 16, 4 ]
               - [ 98, 56, 5 ]
               - [ 89, 91, 2 ]
               - [ 84, 16, 5 ]
               - [ 1, 50, 0 ]
               - [ 19, 88, 6 ]
               - [ 4, 37, 1 ]
               - [ 67, 91, 4 ]
               - [ 99, 79, 1 ]
               - [ 87, 35, 1 ]
               - [ 2, 61, 7 ]
               - [ 54, 91, 4 ]
               - [ 43, 95, 3 ]
               - [ 6, 72, 7 ]
               - [ 28, 95, 6 ]
               - [ 29, 19, 4 ]
               - [ 90, 49, 7 ]
               - [ 105, 64, 1 ]
         -
            width: 52
            height: 47
            tl_x: 50
            tl_y: 50
            pyramid_level: 1
            features:
               - [ 49, 28, 5 ]
               - [ 2, 19, 1 ]
               - [ 37, 46, 4 ]
               - [ 42, 8, 5 ]
               - [ 3, 36, 7 ]
               - [ 12, 46, 6 ]
               - [ 25, 46, 3 ]
               - [ 12, 10, 3 ]
               - [ 28, 2, 2 ]
               - [ 21, 10, 4 ]
   -
      template_id: 2
      templates:
         -
            width: 106
            height: 99
            tl_x: 100
            tl_y: 98
            pyramid_level: 0
            features:
               - [ 69, 16, 4 ]
               - [ 21, 92, 5 ]
               - [ 11, 31, 2 ]
               - [ 47, 16, 0 ]
               - [ 59, 1, 3 ]
               - [ 89, 18, 5 ]
               - [ 79, 92, 4 ]
               - [ 34, 22, 4 ]
               - [ 61, 92, 4 ]
               - [ 99, 54, 5 ]
               - [ 92, 90, 2 ]
               - [ 3, 44, 1 ]
               - [ 103, 73, 1 ]
               - [ 87, 30, 1 ]
               - [ 3, 67, 7 ]
               - [ 23, 24, 3 ]
               - [ 12, 83, 6 ]
               - [ 32, 99, 5 ]
               - [ 44, 99, 3 ]
               - [ 79, 15, 4 ]
               - [ 90, 48, 6 ]
               - [ 1, 54, 0 ]
               - [ 106, 62, 0 ]
         -
            width: 53
            height: 49
            tl_x: 50
            tl_y: 49
            pyramid_level: 1
            features:
               - [ 52, 35, 1 ]
               - [ 12, 47, 5 ]
               - [ 6, 15, 2 ]
               - [ 31, 46, 4 ]
               - [ 41, 8, 4 ]
               - [ 3, 37, 7 ]
               - [ 44, 22, 7 ]
               - [ 26, 3, 2 ]
               - [ 17, 11, 4 ]
               - [ 1, 25, 0 ]
   -
      template_id: 3
      templates:
         -
            width: 105
            height: 99
            tl_x: 102
            tl_y: 100
            pyramid_level: 0
            features:
               - [ 63, 13, 3 ]
               - [ 30, 22, 4 ]
               - [ 24, 93, 5 ]
               - [ 5, 36, 1 ]
               - [ 42, 14, 0 ]
               - [ 75, 11, 4 ]
               - [ 13, 28, 2 ]
               - [ 97, 48, 5 ]
               - [ 51, 0, 2 ]
               - [ 0, 59, 0 ]
               - [ 94, 84, 2 ]
               - [ 103, 66, 1 ]
               - [ 84, 22, 1 ]
               - [ 63, 89, 3 ]
               - [ 3, 70, 7 ]
               - [ 85, 39, 7 ]
               - [ 49, 96, 2 ]
               - [ 13, 84, 6 ]
               - [ 36, 99, 5 ]
               - [ 1, 46, 1 ]
               - [ 105, 54, 0 ]
         -
            width: 52
            height: 49
            tl_x: 51
            tl_y: 50
            pyramid_level: 1
            features:
               - [ 15, 11, 4 ]
               - [ 2, 19, 1 ]
               - [ 11, 46, 5 ]
               - [ 51, 34, 1 ]
               - [ 35, 44, 4 ]
               - [ 42, 11, 1 ]
               - [ 49, 24, 5 ]
               - [ 3, 38, 7 ]
               - [ 24, 1, 2 ]
               - [ 26, 47, 3 ]
               - [ 34, 6, 3 ]
   -
      template_id: 4
      templates:
         -
            width: 105
            height: 98
            tl_x: 102
            tl_y: 102
            pyramid_level: 0
            features:
               - [ 60, 10, 3 ]
               - [ 27, 22, 3 ]
               - [ 6, 35, 2 ]
               - [ 43, 2, 2 ]
               - [ 81, 8, 5 ]
               - [ 25, 92, 5 ]
               - [ 97, 42, 5 ]
               - [ 97, 78, 2 ]
               - [ 1, 48, 1 ]
               - [ 81, 28, 0 ]
               - [ 81, 83, 4 ]
               - [ 105, 56, 0 ]
               - [ 1, 60, 0 ]
               - [ 66, 86, 3 ]
               - [ 9, 78, 6 ]
               - [ 40, 98, 5 ]
               - [ 53, 94, 2 ]
               - [ 47, 18, 2 ]
               - [ 102, 68, 1 ]
               - [ 71, 7, 4 ]
               - [ 56, 0, 0 ]
         -
            width: 52
            height: 49
            tl_x: 51
            tl_y: 51
            pyramid_level: 1
            features:
               - [ 14, 11, 3 ]
               - [ 33, 4, 3 ]
               - [ 37, 42, 4 ]
               - [ 15, 47, 5 ]
               - [ 1, 22, 1 ]
               - [ 21, 2, 1 ]
               - [ 52, 30, 0 ]
               - [ 4, 38, 6 ]
               - [ 44, 19, 6 ]
               - [ 28, 46, 2 ]
               - [ 41, 9, 1 ]
   -
      template_id: 5
      templates:
         -
            width: 103
            height: 101
            tl_x: 104
            tl_y: 100
            pyramid_level: 0
            features:
               - [ 54, 12, 3 ]
               - [ 24, 26, 3 ]
               - [ 30, 97, 5 ]
               - [ 9, 34, 2 ]
               - [ 1, 46, 1 ]
               - [ 67, 7, 4 ]
               - [ 35, 10, 1 ]
               - [ 95, 40, 5 ]
               - [ 1, 69, 7 ]
               - [ 98, 75, 1 ]
               - [ 77, 27, 7 ]
               - [ 79, 83, 3 ]
               - [ 103, 60, 0 ]
               - [ 78, 13, 1 ]
               - [ 55, 96, 2 ]
               - [ 9, 82, 6 ]
               - [ 44, 101, 4 ]
               - [ 42, 21, 2 ]
               - [ 84, 36, 6 ]
               - [ 41, 0, 2 ]
               - [ 68, 86, 3 ]
         -
            width: 51
            height: 50
            tl_x: 52
            tl_y: 50
            pyramid_level: 1
            features:
               - [ 12, 13, 3 ]
               - [ 2, 20, 1 ]
               - [ 0, 32, 0 ]
               - [ 29, 5, 3 ]
               - [ 37, 42, 3 ]
               - [ 12, 47, 5 ]
               - [ 47, 20, 4 ]
               - [ 51, 32, 0 ]
               - [ 18, 4, 1 ]
               - [ 38, 11, 0 ]
   -
