%YAML:1.0
---
class_id: "back0warp14.png"
pyramid_levels: 2
template_pyramids:
   -
      template_id: 0
      templates:
         -
            width: 66
            height: 102
            tl_x: 100
            tl_y: 100
            pyramid_level: 0
            features:
               - [ 61, 76, 7 ]
               - [ 2, 29, 7 ]
               - [ 8, 49, 7 ]
               - [ 37, 84, 6 ]
               - [ 61, 45, 7 ]
               - [ 21, 71, 6 ]
               - [ 12, 59, 7 ]
               - [ 4, 38, 7 ]
               - [ 66, 85, 7 ]
               - [ 19, 5, 6 ]
               - [ 48, 29, 6 ]
               - [ 57, 66, 7 ]
               - [ 41, 10, 5 ]
               - [ 46, 96, 7 ]
               - [ 26, 12, 6 ]
               - [ 1, 11, 0 ]
               - [ 7, 1, 3 ]
               - [ 1, 20, 0 ]
               - [ 64, 102, 2 ]
               - [ 56, 58, 0 ]
               - [ 46, 17, 1 ]
         -
            width: 33
            height: 51
            tl_x: 50
            tl_y: 50
            pyramid_level: 1
            features:
               - [ 2, 19, 7 ]
               - [ 5, 27, 7 ]
               - [ 23, 48, 6 ]
               - [ 10, 3, 6 ]
               - [ 29, 34, 7 ]
               - [ 28, 19, 6 ]
               - [ 13, 37, 5 ]
               - [ 1, 4, 1 ]
               - [ 20, 5, 5 ]
               - [ 8, 33, 6 ]
   -
      template_id: 1
      templates:
         -
            width: 75
            height: 94
            tl_x: 96
            tl_y: 104
            pyramid_level: 0
            features:
               - [ 13, 50, 7 ]
               - [ 4, 28, 7 ]
               - [ 63, 37, 6 ]
               - [ 19, 61, 7 ]
               - [ 67, 70, 6 ]
               - [ 22, 5, 6 ]
               - [ 8, 39, 7 ]
               - [ 62, 60, 7 ]
               - [ 51, 25, 5 ]
               - [ 75, 81, 6 ]
               - [ 28, 69, 5 ]
               - [ 46, 82, 6 ]
               - [ 1, 14, 0 ]
               - [ 4, 2, 2 ]
               - [ 53, 90, 6 ]
               - [ 42, 6, 5 ]
               - [ 37, 74, 6 ]
               - [ 61, 48, 1 ]
               - [ 73, 94, 2 ]
               - [ 14, 0, 5 ]
         -
            width: 37
            height: 47
            tl_x: 48
            tl_y: 52
            pyramid_level: 1
            features:
               - [ 7, 26, 7 ]
               - [ 2, 14, 7 ]
               - [ 35, 37, 6 ]
               - [ 23, 41, 6 ]
               - [ 15, 35, 5 ]
               - [ 26, 13, 6 ]
               - [ 9, 1, 5 ]
               - [ 20, 3, 4 ]
               - [ 31, 23, 1 ]
               - [ 37, 46, 1 ]
   -
      template_id: 2
      templates:
         -
            width: 81
            height: 93
            tl_x: 94
            tl_y: 106
            pyramid_level: 0
            features:
               - [ 1, 19, 0 ]
               - [ 28, 66, 6 ]
               - [ 25, 8, 6 ]
               - [ 59, 28, 6 ]
               - [ 72, 67, 6 ]
               - [ 15, 50, 7 ]
               - [ 50, 79, 6 ]
               - [ 51, 22, 5 ]
               - [ 8, 38, 7 ]
               - [ 65, 56, 7 ]
               - [ 14, 1, 5 ]
               - [ 58, 86, 6 ]
               - [ 21, 59, 6 ]
               - [ 41, 4, 5 ]
               - [ 3, 2, 2 ]
               - [ 37, 70, 5 ]
               - [ 66, 93, 5 ]
               - [ 81, 83, 0 ]
               - [ 63, 43, 1 ]
               - [ 45, 11, 1 ]
         -
            width: 40
            height: 46
            tl_x: 47
            tl_y: 53
            pyramid_level: 1
            features:
               - [ 2, 14, 7 ]
               - [ 35, 32, 6 ]
               - [ 9, 27, 7 ]
               - [ 16, 34, 5 ]
               - [ 30, 44, 6 ]
               - [ 8, 1, 5 ]
               - [ 27, 12, 6 ]
               - [ 40, 43, 1 ]
               - [ 32, 21, 1 ]
               - [ 5, 21, 7 ]
               - [ 22, 6, 1 ]
   -
      template_id: 3
      templates:
         -
            width: 84
            height: 82
            tl_x: 92
            tl_y: 110
            pyramid_level: 0
            features:
               - [ 0, 16, 7 ]
               - [ 32, 63, 5 ]
               - [ 48, 16, 5 ]
               - [ 55, 74, 6 ]
               - [ 13, 0, 5 ]
               - [ 9, 36, 7 ]
               - [ 22, 54, 6 ]
               - [ 38, 0, 4 ]
               - [ 4, 27, 7 ]
               - [ 71, 55, 6 ]
               - [ 62, 25, 6 ]
               - [ 65, 82, 6 ]
               - [ 14, 44, 6 ]
               - [ 84, 68, 6 ]
               - [ 66, 47, 7 ]
               - [ 1, 2, 1 ]
               - [ 41, 66, 5 ]
               - [ 65, 36, 1 ]
               - [ 84, 82, 1 ]
               - [ 21, 4, 5 ]
               - [ 30, 4, 1 ]
         -
            width: 42
            height: 41
            tl_x: 46
            tl_y: 55
            pyramid_level: 1
            features:
               - [ 30, 39, 6 ]
               - [ 29, 11, 6 ]
               - [ 34, 25, 7 ]
               - [ 7, 22, 6 ]
               - [ 17, 32, 5 ]
               - [ 9, 1, 5 ]
               - [ 0, 3, 1 ]
               - [ 42, 41, 1 ]
               - [ 19, 0, 4 ]
               - [ 11, 27, 6 ]
               - [ 23, 34, 5 ]
   -
      template_id: 4
      templates:
         -
            width: 90
            height: 83
            tl_x: 90
            tl_y: 110
            pyramid_level: 0
            features:
               - [ 0, 20, 7 ]
               - [ 36, 64, 5 ]
               - [ 58, 72, 5 ]
               - [ 46, 15, 5 ]
               - [ 66, 26, 6 ]
               - [ 20, 6, 5 ]
               - [ 81, 59, 6 ]
               - [ 7, 34, 7 ]
               - [ 27, 58, 6 ]
               - [ 33, 1, 3 ]
               - [ 8, 2, 4 ]
               - [ 66, 77, 5 ]
               - [ 72, 50, 6 ]
               - [ 17, 47, 6 ]
               - [ 48, 67, 5 ]
               - [ 75, 83, 5 ]
               - [ 66, 39, 7 ]
               - [ 43, 5, 0 ]
               - [ 90, 76, 1 ]
               - [ 59, 21, 5 ]
               - [ 0, 5, 2 ]
         -
            width: 45
            height: 41
            tl_x: 45
            tl_y: 55
            pyramid_level: 1
            features:
               - [ 25, 34, 5 ]
               - [ 40, 29, 6 ]
               - [ 3, 16, 7 ]
               - [ 16, 31, 5 ]
               - [ 10, 3, 5 ]
               - [ 30, 11, 5 ]
               - [ 37, 41, 5 ]
               - [ 34, 22, 7 ]
               - [ 8, 23, 6 ]
               - [ 45, 37, 0 ]
               - [ 18, 0, 4 ]
   -
      template_id: 5
      templates:
         -
            width: 96
            height: 76
            tl_x: 86
            tl_y: 112
            pyramid_level: 0
            features:
               - [ 3, 24, 7 ]
               - [ 65, 69, 5 ]
               - [ 24, 50, 6 ]
               - [ 42, 63, 5 ]
               - [ 17, 5, 5 ]
               - [ 34, 0, 3 ]
               - [ 47, 13, 5 ]
               - [ 68, 22, 5 ]
               - [ 84, 52, 6 ]
               - [ 11, 36, 6 ]
               - [ 59, 17, 5 ]
               - [ 33, 58, 6 ]
               - [ 75, 44, 6 ]
               - [ 78, 76, 5 ]
               - [ 55, 65, 5 ]
               - [ 0, 9, 1 ]
               - [ 69, 32, 0 ]
               - [ 96, 72, 1 ]
               - [ 44, 4, 0 ]
               - [ 25, 8, 5 ]
               - [ 91, 57, 5 ]
               - [ 18, 44, 6 ]
         -
            width: 48
            height: 38
            tl_x: 43
            tl_y: 56
            pyramid_level: 1
            features:
               - [ 7, 20, 6 ]
               - [ 26, 7, 5 ]
               - [ 13, 26, 6 ]
               - [ 25, 32, 4 ]
               - [ 39, 38, 5 ]
               - [ 6, 2, 4 ]
               - [ 42, 26, 6 ]
               - [ 36, 20, 7 ]
               - [ 48, 36, 1 ]
               - [ 20, 31, 5 ]
               - [ 31, 9, 5 ]
   -
      template_id: 6
      templates:
         -
            width: 101
