%YAML:1.0
---
class_id: "back0warp70.png"
pyramid_levels: 2
template_pyramids:
   -
      template_id: 0
      templates:
         -
            width: 85
            height: 116
            tl_x: 100
            tl_y: 104
            pyramid_level: 0
            features:
               - [ 50, 13, 1 ]
               - [ 44, 24, 5 ]
               - [ 76, 22, 5 ]
               - [ 62, 16, 2 ]
               - [ 79, 43, 1 ]
               - [ 19, 24, 3 ]
               - [ 80, 68, 7 ]
               - [ 85, 87, 1 ]
               - [ 79, 101, 1 ]
               - [ 23, 115, 6 ]
               - [ 1, 57, 1 ]
               - [ 77, 57, 0 ]
               - [ 41, 114, 3 ]
               - [ 70, 111, 3 ]
               - [ 1, 71, 0 ]
               - [ 68, 1, 0 ]
               - [ 7, 37, 1 ]
               - [ 12, 103, 7 ]
               - [ 5, 89, 7 ]
               - [ 51, 110, 4 ]
               - [ 3, 47, 1 ]
               - [ 54, 25, 3 ]
         -
            width: 42
            height: 58
            tl_x: 50
            tl_y: 52
            pyramid_level: 1
            features:
               - [ 39, 51, 1 ]
               - [ 39, 23, 1 ]
               - [ 19, 58, 3 ]
               - [ 1, 26, 0 ]
               - [ 26, 4, 1 ]
               - [ 4, 48, 7 ]
               - [ 8, 13, 2 ]
               - [ 37, 11, 5 ]
               - [ 41, 35, 6 ]
               - [ 18, 11, 4 ]
   -
      template_id: 1
      templates:
         -
            width: 88
            height: 114
            tl_x: 100
            tl_y: 104
            pyramid_level: 0
            features:
               - [ 46, 13, 1 ]
               - [ 1, 68, 0 ]
               - [ 81, 101, 1 ]
               - [ 46, 114, 2 ]
               - [ 77, 42, 1 ]
               - [ 79, 23, 6 ]
               - [ 77, 55, 7 ]
               - [ 20, 24, 3 ]
               - [ 84, 68, 6 ]
               - [ 60, 12, 1 ]
               - [ 25, 114, 6 ]
               - [ 88, 81, 1 ]
               - [ 8, 35, 1 ]
               - [ 58, 109, 4 ]
               - [ 4, 82, 7 ]
               - [ 36, 23, 4 ]
               - [ 15, 104, 6 ]
               - [ 3, 48, 1 ]
               - [ 63, 0, 0 ]
               - [ 70, 110, 4 ]
               - [ 49, 25, 3 ]
         -
            width: 44
            height: 57
            tl_x: 50
            tl_y: 52
            pyramid_level: 1
            features:
               - [ 44, 41, 1 ]
               - [ 40, 17, 1 ]
               - [ 39, 29, 7 ]
               - [ 2, 41, 7 ]
               - [ 2, 22, 1 ]
               - [ 23, 57, 2 ]
               - [ 10, 12, 3 ]
               - [ 23, 6, 1 ]
               - [ 10, 55, 6 ]
               - [ 34, 55, 4 ]
   -
      template_id: 2
      templates:
         -
            width: 87
            height: 117
            tl_x: 102
            tl_y: 104
            pyramid_level: 0
            features:
               - [ 0, 70, 0 ]
               - [ 84, 94, 1 ]
               - [ 43, 3, 1 ]
               - [ 67, 17, 4 ]
               - [ 74, 37, 0 ]
               - [ 78, 60, 7 ]
               - [ 87, 82, 1 ]
               - [ 52, 14, 1 ]
               - [ 40, 18, 0 ]
               - [ 30, 117, 5 ]
               - [ 10, 30, 2 ]
               - [ 56, 109, 3 ]
               - [ 3, 82, 7 ]
               - [ 74, 107, 3 ]
               - [ 56, 0, 0 ]
               - [ 22, 24, 4 ]
               - [ 2, 44, 1 ]
               - [ 16, 105, 6 ]
               - [ 8, 94, 7 ]
               - [ 74, 50, 7 ]
               - [ 47, 115, 2 ]
         -
            width: 43
            height: 58
            tl_x: 51
            tl_y: 52
            pyramid_level: 1
            features:
               - [ 37, 19, 0 ]
               - [ 42, 47, 1 ]
               - [ 22, 1, 1 ]
               - [ 13, 57, 6 ]
               - [ 16, 12, 4 ]
               - [ 41, 32, 6 ]
               - [ 1, 22, 1 ]
               - [ 2, 42, 7 ]
               - [ 27, 55, 3 ]
               - [ 35, 9, 5 ]
   -
      template_id: 3
      templates:
         -
            width: 89
            height: 115
            tl_x: 102
            tl_y: 108
            pyramid_level: 0
            features:
               - [ 2, 72, 7 ]
               - [ 36, 11, 0 ]
               - [ 87, 86, 1 ]
               - [ 63, 11, 4 ]
               - [ 72, 31, 0 ]
               - [ 51, 0, 0 ]
               - [ 38, 115, 5 ]
               - [ 8, 29, 2 ]
               - [ 89, 74, 0 ]
               - [ 80, 55, 6 ]
               - [ 80, 99, 3 ]
               - [ 73, 43, 7 ]
               - [ 60, 104, 3 ]
               - [ 51, 112, 2 ]
               - [ 0, 60, 0 ]
               - [ 1, 43, 1 ]
               - [ 19, 22, 3 ]
               - [ 20, 103, 6 ]
               - [ 8, 87, 7 ]
               - [ 38, 0, 1 ]
         -
            width: 44
            height: 57
            tl_x: 51
            tl_y: 54
            pyramid_level: 1
            features:
               - [ 44, 41, 0 ]
               - [ 19, 0, 1 ]
               - [ 0, 30, 0 ]
               - [ 18, 57, 5 ]
               - [ 3, 16, 2 ]
               - [ 36, 15, 0 ]
               - [ 41, 28, 6 ]
               - [ 32, 51, 3 ]
               - [ 5, 45, 7 ]
               - [ 29, 6, 4 ]
   -
      template_id: 4
      templates:
         -
            width: 91
            height: 123
            tl_x: 102
            tl_y: 100
            pyramid_level: 0
            features:
               - [ 3, 82, 7 ]
               - [ 45, 15, 1 ]
               - [ 33, 23, 7 ]
               - [ 6, 40, 2 ]
               - [ 33, 9, 1 ]
               - [ 43, 123, 5 ]
               - [ 70, 36, 0 ]
               - [ 89, 94, 1 ]
               - [ 66, 109, 3 ]
               - [ 91, 76, 0 ]
               - [ 68, 20, 5 ]
               - [ 79, 59, 6 ]
               - [ 56, 119, 2 ]
               - [ 0, 56, 0 ]
               - [ 0, 68, 0 ]
               - [ 17, 32, 3 ]
               - [ 45, 0, 7 ]
               - [ 26, 114, 6 ]
               - [ 10, 96, 7 ]
               - [ 83, 104, 3 ]
         -
            width: 45
            height: 61
            tl_x: 51
            tl_y: 50
            pyramid_level: 1
            features:
               - [ 0, 33, 0 ]
               - [ 35, 18, 0 ]
               - [ 20, 61, 5 ]
               - [ 23, 4, 0 ]
               - [ 45, 44, 0 ]
               - [ 3, 20, 2 ]
               - [ 7, 51, 6 ]
               - [ 42, 31, 5 ]
               - [ 34, 54, 3 ]
               - [ 13, 15, 4 ]
   -
      template_id: 5
      templates:
         -
            width: 92
            height: 119
            tl_x: 102
            tl_y: 104
            pyramid_level: 0
            features:
               - [ 5, 81, 7 ]
               - [ 29, 4, 1 ]
               - [ 29, 17, 0 ]
               - [ 41, 11, 1 ]
               - [ 92, 83, 0 ]
               - [ 49, 119, 5 ]
               - [ 92, 68, 0 ]
               - [ 65, 14, 5 ]
               - [ 68, 33, 0 ]
               - [ 5, 38, 1 ]
               - [ 84, 54, 5 ]
               - [ 87, 96, 2 ]
               - [ 63, 110, 2 ]
               - [ 73, 45, 7 ]
               - [ 0, 52, 0 ]
               - [ 22, 28, 3 ]
               - [ 14, 96, 6 ]
               - [ 32, 112, 5 ]
               - [ 1, 69, 7 ]
               - [ 41, 0, 7 ]
               - [ 76, 100, 3 ]
               - [ 23, 105, 6 ]
         -
            width: 46
            height: 59
            tl_x: 51
            tl_y: 52
            pyramid_level: 1
            features:
               - [ 46, 40, 0 ]
               - [ 34, 16, 0 ]
               - [ 23, 59, 5 ]
               - [ 1, 22, 1 ]
               - [ 11, 14, 3 ]
               - [ 7, 48, 6 ]
               - [ 38, 50, 3 ]
               - [ 15, 1, 1 ]
               - [ 40, 26, 5 ]
               - [ 28, 6, 4 ]
   -
      template_id: 6
      templates:
         -
            width: 94
            height: 118
