%YAML:1.0
---
class_id: "back0warp57.png"
pyramid_levels: 2
template_pyramids:
   -
      template_id: 0
      templates:
         -
            width: 93
            height: 109
            tl_x: 100
            tl_y: 108
            pyramid_level: 0
            features:
               - [ 52, 11, 1 ]
               - [ 84, 54, 7 ]
               - [ 71, 2, 1 ]
               - [ 85, 35, 1 ]
               - [ 92, 81, 1 ]
               - [ 52, 103, 4 ]
               - [ 10, 30, 2 ]
               - [ 58, 0, 2 ]
               - [ 81, 15, 5 ]
               - [ 74, 104, 4 ]
               - [ 41, 18, 4 ]
               - [ 5, 83, 7 ]
               - [ 3, 45, 1 ]
               - [ 86, 93, 1 ]
               - [ 27, 18, 3 ]
               - [ 17, 102, 6 ]
               - [ 93, 65, 6 ]
               - [ 39, 109, 3 ]
               - [ 1, 68, 0 ]
               - [ 10, 93, 7 ]
         -
            width: 46
            height: 54
            tl_x: 50
            tl_y: 54
            pyramid_level: 1
            features:
               - [ 3, 43, 7 ]
               - [ 20, 9, 4 ]
               - [ 5, 15, 2 ]
               - [ 42, 26, 7 ]
               - [ 22, 53, 3 ]
               - [ 35, 2, 1 ]
               - [ 45, 43, 1 ]
               - [ 35, 52, 4 ]
               - [ 11, 53, 6 ]
               - [ 44, 15, 1 ]
   -
      template_id: 1
      templates:
         -
            width: 95
            height: 112
            tl_x: 100
            tl_y: 104
            pyramid_level: 0
            features:
               - [ 84, 54, 7 ]
               - [ 49, 13, 1 ]
               - [ 10, 35, 2 ]
               - [ 68, 17, 4 ]
               - [ 67, 1, 0 ]
               - [ 9, 93, 7 ]
               - [ 24, 24, 3 ]
               - [ 84, 102, 2 ]
               - [ 16, 103, 6 ]
               - [ 95, 79, 1 ]
               - [ 94, 65, 5 ]
               - [ 86, 30, 1 ]
               - [ 1, 68, 0 ]
               - [ 2, 56, 0 ]
               - [ 51, 109, 3 ]
               - [ 80, 17, 5 ]
               - [ 26, 112, 6 ]
               - [ 4, 81, 7 ]
               - [ 70, 105, 4 ]
               - [ 91, 90, 1 ]
               - [ 56, 0, 2 ]
               - [ 35, 23, 4 ]
         -
            width: 47
            height: 56
            tl_x: 50
            tl_y: 52
            pyramid_level: 1
            features:
               - [ 42, 27, 7 ]
               - [ 2, 24, 1 ]
               - [ 42, 17, 1 ]
               - [ 46, 44, 1 ]
               - [ 6, 49, 6 ]
               - [ 30, 53, 4 ]
               - [ 25, 5, 1 ]
               - [ 12, 12, 3 ]
               - [ 37, 8, 4 ]
               - [ 13, 56, 6 ]
   -
      template_id: 2
      templates:
         -
            width: 95
            height: 116
            tl_x: 102
            tl_y: 104
            pyramid_level: 0
            features:
               - [ 64, 15, 3 ]
               - [ 22, 25, 3 ]
               - [ 43, 14, 0 ]
               - [ 7, 37, 1 ]
               - [ 60, 2, 0 ]
               - [ 82, 52, 7 ]
               - [ 95, 75, 1 ]
               - [ 79, 35, 0 ]
               - [ 9, 94, 6 ]
               - [ 48, 1, 2 ]
               - [ 60, 105, 3 ]
               - [ 1, 73, 0 ]
               - [ 86, 98, 2 ]
               - [ 23, 110, 5 ]
               - [ 1, 54, 0 ]
               - [ 81, 17, 5 ]
               - [ 92, 61, 5 ]
               - [ 73, 103, 4 ]
               - [ 92, 86, 1 ]
               - [ 33, 116, 5 ]
               - [ 4, 84, 7 ]
         -
            width: 47
            height: 58
            tl_x: 51
            tl_y: 52
            pyramid_level: 1
            features:
               - [ 47, 39, 1 ]
               - [ 40, 16, 1 ]
               - [ 0, 31, 0 ]
               - [ 10, 13, 3 ]
               - [ 22, 5, 1 ]
               - [ 29, 53, 3 ]
               - [ 5, 48, 7 ]
               - [ 15, 57, 5 ]
               - [ 35, 7, 4 ]
               - [ 2, 21, 1 ]
               - [ 41, 26, 7 ]
               - [ 43, 49, 2 ]
   -
      template_id: 3
      templates:
         -
            width: 96
            height: 117
            tl_x: 102
            tl_y: 102
            pyramid_level: 0
            features:
               - [ 61, 15, 3 ]
               - [ 2, 77, 7 ]
               - [ 18, 30, 3 ]
               - [ 81, 50, 7 ]
               - [ 6, 42, 1 ]
               - [ 42, 5, 1 ]
               - [ 79, 25, 1 ]
               - [ 14, 101, 6 ]
               - [ 90, 96, 1 ]
               - [ 96, 75, 0 ]
               - [ 55, 1, 0 ]
               - [ 64, 106, 3 ]
               - [ 24, 111, 6 ]
               - [ 1, 61, 0 ]
               - [ 39, 17, 0 ]
               - [ 93, 59, 5 ]
               - [ 53, 114, 2 ]
               - [ 7, 91, 7 ]
               - [ 29, 27, 4 ]
               - [ 75, 103, 4 ]
               - [ 34, 117, 5 ]
         -
            width: 48
            height: 58
            tl_x: 51
            tl_y: 51
            pyramid_level: 1
            features:
               - [ 2, 23, 1 ]
               - [ 48, 38, 0 ]
               - [ 39, 14, 1 ]
               - [ 12, 14, 3 ]
               - [ 40, 24, 7 ]
               - [ 35, 52, 3 ]
               - [ 16, 58, 5 ]
               - [ 20, 6, 0 ]
               - [ 4, 46, 7 ]
               - [ 33, 7, 4 ]
               - [ 0, 32, 0 ]
   -
      template_id: 4
      templates:
         -
            width: 96
            height: 120
            tl_x: 102
            tl_y: 100
            pyramid_level: 0
            features:
               - [ 57, 16, 3 ]
               - [ 4, 49, 1 ]
               - [ 17, 34, 3 ]
               - [ 4, 83, 7 ]
               - [ 36, 19, 0 ]
               - [ 79, 47, 7 ]
               - [ 75, 31, 0 ]
               - [ 50, 1, 0 ]
               - [ 1, 67, 0 ]
               - [ 17, 105, 6 ]
               - [ 38, 6, 1 ]
               - [ 96, 83, 0 ]
               - [ 65, 108, 2 ]
               - [ 88, 100, 3 ]
               - [ 38, 119, 5 ]
               - [ 72, 15, 5 ]
               - [ 93, 57, 5 ]
               - [ 26, 113, 6 ]
               - [ 29, 30, 3 ]
               - [ 76, 103, 3 ]
         -
            width: 48
            height: 60
            tl_x: 51
            tl_y: 50
            pyramid_level: 1
            features:
               - [ 48, 42, 0 ]
               - [ 11, 16, 3 ]
               - [ 2, 25, 1 ]
               - [ 38, 13, 0 ]
               - [ 1, 37, 0 ]
               - [ 20, 60, 5 ]
               - [ 40, 51, 3 ]
               - [ 19, 3, 1 ]
               - [ 45, 28, 5 ]
               - [ 10, 54, 6 ]
   -
      template_id: 5
      templates:
         -
            width: 96
            height: 120
            tl_x: 104
            tl_y: 100
            pyramid_level: 0
            features:
               - [ 52, 15, 3 ]
               - [ 1, 53, 1 ]
               - [ 12, 37, 3 ]
               - [ 30, 18, 0 ]
               - [ 77, 46, 6 ]
               - [ 43, 1, 7 ]
               - [ 71, 21, 0 ]
               - [ 96, 66, 0 ]
               - [ 0, 72, 0 ]
               - [ 70, 104, 2 ]
               - [ 19, 107, 6 ]
               - [ 39, 119, 5 ]
               - [ 94, 90, 1 ]
               - [ 27, 31, 3 ]
               - [ 60, 115, 1 ]
               - [ 71, 34, 7 ]
               - [ 8, 94, 7 ]
               - [ 91, 53, 4 ]
               - [ 96, 78, 0 ]
               - [ 81, 99, 3 ]
         -
            width: 48
            height: 60
            tl_x: 52
            tl_y: 50
            pyramid_level: 1
            features:
               - [ 48, 39, 0 ]
               - [ 1, 25, 1 ]
               - [ 10, 54, 6 ]
               - [ 21, 60, 5 ]
               - [ 15, 7, 0 ]
               - [ 27, 7, 3 ]
               - [ 38, 22, 6 ]
               - [ 39, 50, 3 ]
               - [ 9, 17, 3 ]
               - [ 0, 36, 0 ]
   -
      template_id: 6
      templates:
         -
            width: 97
