%YAML:1.0
---
class_id: "back0warp139.png"
pyramid_levels: 2
template_pyramids:
   -
      template_id: 0
      templates:
         -
            width: 93
            height: 74
            tl_x: 100
            tl_y: 102
            pyramid_level: 0
            features:
               - [ 21, 19, 3 ]
               - [ 38, 20, 5 ]
               - [ 80, 74, 3 ]
               - [ 60, 74, 5 ]
               - [ 21, 69, 5 ]
               - [ 67, 1, 3 ]
               - [ 44, 74, 3 ]
               - [ 8, 58, 6 ]
               - [ 93, 23, 5 ]
               - [ 1, 45, 7 ]
               - [ 92, 57, 5 ]
               - [ 31, 74, 5 ]
               - [ 93, 35, 2 ]
               - [ 72, 14, 2 ]
               - [ 53, 13, 1 ]
               - [ 2, 32, 1 ]
               - [ 80, 20, 4 ]
               - [ 79, 3, 1 ]
               - [ 58, 23, 4 ]
               - [ 88, 69, 2 ]
               - [ 87, 42, 1 ]
               - [ 12, 22, 3 ]
               - [ 47, 22, 4 ]
         -
            width: 46
            height: 37
            tl_x: 50
            tl_y: 51
            pyramid_level: 1
            features:
               - [ 19, 10, 4 ]
               - [ 43, 35, 2 ]
               - [ 6, 31, 6 ]
               - [ 46, 18, 2 ]
               - [ 13, 36, 5 ]
               - [ 6, 11, 3 ]
               - [ 35, 0, 3 ]
               - [ 40, 10, 4 ]
               - [ 27, 6, 1 ]
               - [ 1, 17, 1 ]
               - [ 45, 28, 6 ]
   -
      template_id: 1
      templates:
         -
            width: 94
            height: 75
            tl_x: 102
            tl_y: 102
            pyramid_level: 0
            features:
               - [ 53, 73, 4 ]
               - [ 83, 70, 2 ]
               - [ 35, 21, 4 ]
               - [ 94, 60, 2 ]
               - [ 21, 21, 4 ]
               - [ 28, 74, 5 ]
               - [ 59, 1, 3 ]
               - [ 0, 49, 7 ]
               - [ 93, 21, 5 ]
               - [ 16, 68, 6 ]
               - [ 71, 18, 4 ]
               - [ 85, 47, 7 ]
               - [ 49, 13, 1 ]
               - [ 5, 28, 2 ]
               - [ 88, 34, 2 ]
               - [ 74, 1, 0 ]
               - [ 8, 62, 6 ]
               - [ 83, 18, 4 ]
               - [ 43, 75, 3 ]
               - [ 53, 23, 4 ]
         -
            width: 47
            height: 37
            tl_x: 51
            tl_y: 51
            pyramid_level: 1
            features:
               - [ 24, 37, 4 ]
               - [ 14, 37, 5 ]
               - [ 8, 11, 3 ]
               - [ 29, 1, 2 ]
               - [ 40, 9, 4 ]
               - [ 45, 32, 2 ]
               - [ 1, 27, 7 ]
               - [ 19, 11, 4 ]
               - [ 0, 18, 1 ]
               - [ 45, 16, 2 ]
   -
      template_id: 2
      templates:
         -
            width: 95
            height: 77
            tl_x: 102
            tl_y: 100
            pyramid_level: 0
            features:
               - [ 60, 74, 4 ]
               - [ 22, 25, 4 ]
               - [ 95, 59, 2 ]
               - [ 26, 76, 5 ]
               - [ 58, 1, 3 ]
               - [ 88, 18, 5 ]
               - [ 10, 67, 6 ]
               - [ 47, 77, 3 ]
               - [ 88, 32, 2 ]
               - [ 86, 69, 2 ]
               - [ 1, 55, 7 ]
               - [ 64, 14, 2 ]
               - [ 8, 31, 2 ]
               - [ 0, 43, 0 ]
               - [ 47, 14, 1 ]
               - [ 85, 44, 7 ]
               - [ 71, 0, 0 ]
               - [ 42, 25, 4 ]
               - [ 54, 24, 3 ]
               - [ 77, 17, 4 ]
         -
            width: 47
            height: 38
            tl_x: 51
            tl_y: 50
            pyramid_level: 1
            features:
               - [ 30, 37, 4 ]
               - [ 13, 38, 5 ]
               - [ 9, 13, 3 ]
               - [ 2, 30, 6 ]
               - [ 26, 3, 2 ]
               - [ 44, 16, 2 ]
               - [ 46, 31, 2 ]
               - [ 1, 19, 1 ]
               - [ 37, 9, 4 ]
               - [ 16, 12, 4 ]
               - [ 44, 9, 5 ]
   -
      template_id: 3
      templates:
         -
            width: 97
            height: 82
            tl_x: 102
            tl_y: 98
            pyramid_level: 0
            features:
               - [ 59, 76, 3 ]
               - [ 18, 30, 3 ]
               - [ 29, 28, 4 ]
               - [ 70, 74, 4 ]
               - [ 97, 56, 1 ]
               - [ 24, 78, 5 ]
               - [ 55, 2, 2 ]
               - [ 39, 82, 4 ]
               - [ 87, 17, 5 ]
               - [ 14, 73, 5 ]
               - [ 89, 28, 2 ]
               - [ 3, 62, 7 ]
               - [ 74, 17, 3 ]
               - [ 4, 40, 2 ]
               - [ 45, 16, 1 ]
               - [ 66, 8, 1 ]
               - [ 86, 44, 7 ]
               - [ 41, 27, 4 ]
               - [ 0, 52, 0 ]
               - [ 51, 26, 3 ]
         -
            width: 48
            height: 41
            tl_x: 51
            tl_y: 49
            pyramid_level: 1
            features:
               - [ 15, 14, 4 ]
               - [ 12, 39, 5 ]
               - [ 7, 16, 3 ]
               - [ 47, 30, 2 ]
               - [ 3, 33, 6 ]
               - [ 44, 15, 1 ]
               - [ 39, 8, 4 ]
               - [ 24, 5, 1 ]
               - [ 1, 22, 1 ]
               - [ 29, 0, 3 ]
   -
      template_id: 4
      templates:
         -
            width: 94
            height: 84
            tl_x: 106
            tl_y: 96
            pyramid_level: 0
            features:
               - [ 55, 78, 3 ]
               - [ 15, 34, 3 ]
               - [ 29, 31, 4 ]
               - [ 69, 74, 3 ]
               - [ 94, 54, 1 ]
               - [ 23, 82, 5 ]
               - [ 34, 84, 4 ]
               - [ 47, 4, 2 ]
               - [ 88, 64, 2 ]
               - [ 83, 28, 1 ]
               - [ 56, 15, 2 ]
               - [ 67, 17, 3 ]
               - [ 83, 16, 5 ]
               - [ 1, 68, 7 ]
               - [ 0, 46, 1 ]
               - [ 39, 17, 1 ]
               - [ 83, 44, 6 ]
               - [ 60, 1, 0 ]
               - [ 46, 28, 3 ]
               - [ 13, 78, 5 ]
         -
            width: 47
            height: 42
            tl_x: 53
            tl_y: 48
            pyramid_level: 1
            features:
               - [ 12, 41, 5 ]
               - [ 8, 17, 3 ]
               - [ 46, 29, 1 ]
               - [ 42, 13, 1 ]
               - [ 36, 8, 4 ]
               - [ 22, 4, 2 ]
               - [ 0, 23, 1 ]
               - [ 16, 15, 4 ]
               - [ 29, 5, 1 ]
               - [ 43, 23, 5 ]
   -
      template_id: 5
      templates:
         -
            width: 97
            height: 85
            tl_x: 104
            tl_y: 96
            pyramid_level: 0
            features:
               - [ 60, 77, 3 ]
               - [ 16, 37, 3 ]
               - [ 73, 72, 3 ]
               - [ 97, 49, 1 ]
               - [ 31, 32, 3 ]
               - [ 88, 65, 2 ]
               - [ 30, 84, 4 ]
               - [ 44, 85, 4 ]
               - [ 17, 80, 5 ]
               - [ 67, 15, 3 ]
               - [ 83, 25, 1 ]
               - [ 84, 13, 5 ]
               - [ 5, 71, 6 ]
               - [ 3, 49, 1 ]
               - [ 42, 9, 1 ]
               - [ 55, 15, 1 ]
               - [ 58, 0, 7 ]
               - [ 39, 24, 7 ]
               - [ 83, 38, 7 ]
               - [ 1, 62, 0 ]
         -
            width: 48
            height: 42
            tl_x: 52
            tl_y: 48
            pyramid_level: 1
            features:
               - [ 12, 17, 3 ]
               - [ 47, 28, 1 ]
               - [ 11, 41, 5 ]
               - [ 4, 37, 6 ]
               - [ 22, 3, 2 ]
               - [ 42, 12, 1 ]
               - [ 35, 7, 3 ]
               - [ 2, 24, 1 ]
               - [ 44, 21, 5 ]
               - [ 29, 4, 1 ]
   -
      template_id: 6
      templates:
         -
            width: 95
            height: 87
            tl_x: 106
            tl_y: 94
            pyramid_level: 0
