%YAML:1.0
---
class_id: "back0warp105.png"
pyramid_levels: 2
template_pyramids:
   -
      template_id: 0
      templates:
         -
            width: 89
            height: 105
            tl_x: 100
            tl_y: 104
            pyramid_level: 0
            features:
               - [ 52, 11, 1 ]
               - [ 87, 77, 6 ]
               - [ 5, 70, 7 ]
               - [ 17, 90, 6 ]
               - [ 55, 102, 5 ]
               - [ 32, 103, 5 ]
               - [ 89, 33, 6 ]
               - [ 87, 94, 2 ]
               - [ 1, 38, 0 ]
               - [ 46, 22, 5 ]
               - [ 59, 1, 2 ]
               - [ 27, 15, 4 ]
               - [ 72, 24, 4 ]
               - [ 77, 105, 3 ]
               - [ 1, 55, 7 ]
               - [ 88, 45, 2 ]
               - [ 74, 2, 0 ]
               - [ 10, 20, 2 ]
               - [ 82, 57, 1 ]
               - [ 44, 102, 3 ]
               - [ 70, 13, 1 ]
               - [ 10, 80, 7 ]
               - [ 58, 21, 4 ]
         -
            width: 44
            height: 52
            tl_x: 50
            tl_y: 52
            pyramid_level: 1
            features:
               - [ 27, 51, 4 ]
               - [ 7, 43, 6 ]
               - [ 26, 6, 1 ]
               - [ 15, 8, 5 ]
               - [ 1, 17, 1 ]
               - [ 42, 49, 2 ]
               - [ 44, 16, 6 ]
               - [ 42, 36, 7 ]
               - [ 1, 30, 7 ]
               - [ 36, 4, 1 ]
   -
      template_id: 1
      templates:
         -
            width: 94
            height: 104
            tl_x: 100
            tl_y: 104
            pyramid_level: 0
            features:
               - [ 88, 72, 6 ]
               - [ 57, 101, 4 ]
               - [ 0, 42, 0 ]
               - [ 83, 101, 2 ]
               - [ 26, 97, 6 ]
               - [ 39, 104, 4 ]
               - [ 70, 22, 4 ]
               - [ 15, 86, 6 ]
               - [ 23, 17, 4 ]
               - [ 48, 13, 1 ]
               - [ 94, 83, 1 ]
               - [ 86, 28, 6 ]
               - [ 7, 74, 7 ]
               - [ 1, 57, 0 ]
               - [ 54, 1, 2 ]
               - [ 69, 4, 0 ]
               - [ 83, 50, 1 ]
               - [ 10, 21, 3 ]
               - [ 56, 24, 3 ]
               - [ 34, 19, 5 ]
               - [ 89, 39, 2 ]
               - [ 68, 103, 5 ]
         -
            width: 47
            height: 52
            tl_x: 50
            tl_y: 52
            pyramid_level: 1
            features:
               - [ 44, 36, 6 ]
               - [ 36, 11, 4 ]
               - [ 25, 51, 3 ]
               - [ 10, 46, 6 ]
               - [ 15, 9, 5 ]
               - [ 26, 2, 1 ]
               - [ 1, 31, 7 ]
               - [ 2, 14, 1 ]
               - [ 42, 50, 2 ]
               - [ 42, 24, 1 ]
   -
      template_id: 2
      templates:
         -
            width: 96
            height: 107
            tl_x: 98
            tl_y: 102
            pyramid_level: 0
            features:
               - [ 62, 102, 4 ]
               - [ 45, 107, 4 ]
               - [ 47, 13, 0 ]
               - [ 86, 27, 6 ]
               - [ 3, 62, 7 ]
               - [ 72, 22, 4 ]
               - [ 23, 21, 4 ]
               - [ 11, 79, 7 ]
               - [ 95, 73, 6 ]
               - [ 95, 90, 1 ]
               - [ 86, 62, 7 ]
               - [ 26, 96, 6 ]
               - [ 37, 23, 5 ]
               - [ 67, 0, 0 ]
               - [ 1, 47, 0 ]
               - [ 7, 29, 2 ]
               - [ 85, 48, 1 ]
               - [ 53, 26, 3 ]
               - [ 88, 101, 2 ]
               - [ 75, 103, 5 ]
         -
            width: 48
            height: 53
            tl_x: 49
            tl_y: 51
            pyramid_level: 1
            features:
               - [ 48, 44, 1 ]
               - [ 17, 51, 5 ]
               - [ 33, 51, 4 ]
               - [ 9, 44, 6 ]
               - [ 16, 11, 4 ]
               - [ 24, 5, 1 ]
               - [ 44, 33, 7 ]
               - [ 1, 21, 0 ]
               - [ 40, 12, 5 ]
               - [ 33, 4, 1 ]
   -
      template_id: 3
      templates:
         -
            width: 98
            height: 107
            tl_x: 98
            tl_y: 102
            pyramid_level: 0
            features:
               - [ 50, 107, 4 ]
               - [ 65, 101, 3 ]
               - [ 4, 66, 7 ]
               - [ 43, 17, 0 ]
               - [ 69, 20, 4 ]
               - [ 88, 61, 7 ]
               - [ 98, 86, 1 ]
               - [ 27, 96, 6 ]
               - [ 1, 52, 0 ]
               - [ 82, 23, 5 ]
               - [ 13, 82, 6 ]
               - [ 48, 1, 2 ]
               - [ 98, 70, 5 ]
               - [ 23, 23, 4 ]
               - [ 62, 8, 1 ]
               - [ 85, 41, 1 ]
               - [ 5, 33, 1 ]
               - [ 52, 25, 3 ]
               - [ 93, 96, 2 ]
               - [ 34, 24, 4 ]
         -
            width: 49
            height: 53
            tl_x: 49
            tl_y: 51
            pyramid_level: 1
            features:
               - [ 6, 40, 6 ]
               - [ 22, 5, 1 ]
               - [ 48, 45, 1 ]
               - [ 31, 51, 3 ]
               - [ 18, 51, 5 ]
               - [ 35, 10, 4 ]
               - [ 42, 24, 0 ]
               - [ 9, 12, 3 ]
               - [ 1, 20, 1 ]
               - [ 46, 33, 6 ]
   -
      template_id: 4
      templates:
         -
            width: 100
            height: 112
            tl_x: 98
            tl_y: 96
            pyramid_level: 0
            features:
               - [ 70, 105, 3 ]
               - [ 41, 27, 7 ]
               - [ 56, 112, 3 ]
               - [ 6, 77, 7 ]
               - [ 95, 69, 5 ]
               - [ 15, 90, 6 ]
               - [ 79, 26, 5 ]
               - [ 100, 89, 1 ]
               - [ 30, 103, 6 ]
               - [ 46, 111, 5 ]
               - [ 18, 32, 4 ]
               - [ 63, 25, 4 ]
               - [ 41, 12, 1 ]
               - [ 1, 62, 0 ]
               - [ 86, 37, 1 ]
               - [ 58, 12, 0 ]
               - [ 50, 1, 2 ]
               - [ 3, 43, 1 ]
               - [ 84, 54, 0 ]
               - [ 88, 63, 6 ]
               - [ 9, 36, 2 ]
               - [ 27, 31, 4 ]
         -
            width: 50
            height: 56
            tl_x: 49
            tl_y: 48
            pyramid_level: 1
            features:
               - [ 20, 10, 0 ]
               - [ 38, 52, 4 ]
               - [ 50, 45, 1 ]
               - [ 6, 43, 6 ]
               - [ 9, 16, 4 ]
               - [ 24, 56, 5 ]
               - [ 34, 12, 4 ]
               - [ 42, 22, 0 ]
               - [ 0, 28, 0 ]
               - [ 48, 35, 5 ]
   -
      template_id: 5
      templates:
         -
            width: 104
            height: 108
            tl_x: 98
            tl_y: 100
            pyramid_level: 0
            features:
               - [ 59, 108, 3 ]
               - [ 38, 23, 7 ]
               - [ 74, 99, 3 ]
               - [ 8, 77, 7 ]
               - [ 95, 61, 5 ]
               - [ 18, 89, 6 ]
               - [ 44, 105, 5 ]
               - [ 63, 19, 3 ]
               - [ 37, 9, 1 ]
               - [ 33, 100, 5 ]
               - [ 18, 30, 3 ]
               - [ 100, 89, 1 ]
               - [ 84, 29, 1 ]
               - [ 103, 78, 0 ]
               - [ 1, 61, 7 ]
               - [ 2, 43, 1 ]
               - [ 82, 40, 0 ]
               - [ 51, 18, 1 ]
               - [ 53, 1, 7 ]
               - [ 78, 20, 5 ]
               - [ 87, 54, 6 ]
               - [ 30, 29, 4 ]
               - [ 104, 68, 0 ]
               - [ 8, 35, 2 ]
         -
            width: 52
            height: 54
            tl_x: 49
            tl_y: 50
            pyramid_level: 1
            features:
               - [ 38, 49, 3 ]
               - [ 15, 49, 5 ]
               - [ 51, 41, 1 ]
               - [ 10, 15, 4 ]
               - [ 19, 3, 1 ]
               - [ 47, 30, 5 ]
               - [ 6, 41, 6 ]
               - [ 38, 10, 5 ]
