%YAML:1.0
---
class_id: "back0warp80.png"
pyramid_levels: 2
template_pyramids:
   -
      template_id: 0
      templates:
         -
            width: 94
            height: 116
            tl_x: 100
            tl_y: 102
            pyramid_level: 0
            features:
               - [ 53, 15, 1 ]
               - [ 94, 96, 1 ]
               - [ 47, 114, 3 ]
               - [ 20, 109, 6 ]
               - [ 94, 34, 6 ]
               - [ 93, 81, 6 ]
               - [ 21, 24, 3 ]
               - [ 47, 27, 5 ]
               - [ 83, 113, 2 ]
               - [ 76, 25, 4 ]
               - [ 85, 58, 0 ]
               - [ 1, 73, 0 ]
               - [ 65, 1, 3 ]
               - [ 67, 116, 5 ]
               - [ 1, 51, 0 ]
               - [ 10, 97, 7 ]
               - [ 7, 35, 1 ]
               - [ 86, 70, 7 ]
               - [ 72, 13, 1 ]
               - [ 59, 28, 3 ]
         -
            width: 47
            height: 58
            tl_x: 50
            tl_y: 51
            pyramid_level: 1
            features:
               - [ 24, 57, 3 ]
               - [ 46, 50, 1 ]
               - [ 7, 14, 2 ]
               - [ 6, 50, 6 ]
               - [ 18, 12, 4 ]
               - [ 43, 27, 1 ]
               - [ 1, 39, 7 ]
               - [ 41, 13, 5 ]
               - [ 32, 1, 3 ]
               - [ 46, 40, 6 ]
               - [ 1, 23, 1 ]
   -
      template_id: 1
      templates:
         -
            width: 98
            height: 116
            tl_x: 100
            tl_y: 102
            pyramid_level: 0
            features:
               - [ 52, 114, 3 ]
               - [ 50, 13, 1 ]
               - [ 97, 93, 1 ]
               - [ 30, 116, 6 ]
               - [ 84, 113, 2 ]
               - [ 95, 77, 6 ]
               - [ 24, 25, 4 ]
               - [ 18, 106, 6 ]
               - [ 70, 23, 4 ]
               - [ 70, 1, 0 ]
               - [ 85, 55, 0 ]
               - [ 91, 30, 6 ]
               - [ 1, 51, 0 ]
               - [ 9, 93, 7 ]
               - [ 44, 27, 5 ]
               - [ 2, 76, 0 ]
               - [ 87, 67, 7 ]
               - [ 64, 113, 4 ]
               - [ 5, 39, 1 ]
               - [ 56, 3, 2 ]
         -
            width: 49
            height: 58
            tl_x: 50
            tl_y: 51
            pyramid_level: 1
            features:
               - [ 49, 45, 1 ]
               - [ 26, 57, 3 ]
               - [ 25, 7, 1 ]
               - [ 9, 53, 6 ]
               - [ 8, 14, 3 ]
               - [ 45, 20, 1 ]
               - [ 2, 41, 7 ]
               - [ 1, 24, 1 ]
               - [ 43, 32, 7 ]
               - [ 37, 11, 4 ]
   -
      template_id: 2
      templates:
         -
            width: 100
            height: 120
            tl_x: 100
            tl_y: 100
            pyramid_level: 0
            features:
               - [ 46, 15, 0 ]
               - [ 100, 90, 1 ]
               - [ 27, 114, 6 ]
               - [ 54, 117, 3 ]
               - [ 88, 28, 6 ]
               - [ 13, 33, 2 ]
               - [ 95, 74, 6 ]
               - [ 4, 82, 7 ]
               - [ 92, 108, 2 ]
               - [ 69, 23, 4 ]
               - [ 65, 2, 0 ]
               - [ 77, 114, 4 ]
               - [ 42, 30, 4 ]
               - [ 88, 39, 1 ]
               - [ 86, 62, 7 ]
               - [ 12, 98, 6 ]
               - [ 1, 54, 1 ]
               - [ 29, 29, 4 ]
               - [ 36, 120, 5 ]
               - [ 55, 1, 2 ]
               - [ 63, 14, 1 ]
         -
            width: 50
            height: 60
            tl_x: 50
            tl_y: 50
            pyramid_level: 1
            features:
               - [ 50, 45, 1 ]
               - [ 28, 58, 3 ]
               - [ 24, 5, 1 ]
               - [ 11, 55, 6 ]
               - [ 6, 17, 2 ]
               - [ 43, 31, 7 ]
               - [ 3, 44, 7 ]
               - [ 41, 12, 5 ]
               - [ 1, 25, 1 ]
               - [ 43, 22, 1 ]
               - [ 15, 14, 4 ]
   -
      template_id: 3
      templates:
         -
            width: 102
            height: 117
            tl_x: 100
            tl_y: 100
            pyramid_level: 0
            features:
               - [ 42, 24, 7 ]
               - [ 102, 87, 1 ]
               - [ 34, 117, 5 ]
               - [ 65, 113, 3 ]
               - [ 45, 7, 1 ]
               - [ 94, 107, 2 ]
               - [ 11, 36, 2 ]
               - [ 88, 31, 1 ]
               - [ 6, 86, 7 ]
               - [ 98, 71, 5 ]
               - [ 1, 67, 0 ]
               - [ 63, 22, 3 ]
               - [ 60, 1, 0 ]
               - [ 84, 52, 0 ]
               - [ 17, 103, 6 ]
               - [ 77, 21, 4 ]
               - [ 2, 51, 1 ]
               - [ 30, 30, 4 ]
               - [ 81, 111, 4 ]
               - [ 89, 64, 6 ]
         -
            width: 51
            height: 58
            tl_x: 50
            tl_y: 50
            pyramid_level: 1
            features:
               - [ 21, 8, 0 ]
               - [ 51, 43, 1 ]
               - [ 16, 58, 5 ]
               - [ 30, 58, 3 ]
               - [ 43, 18, 1 ]
               - [ 4, 45, 7 ]
               - [ 1, 26, 1 ]
               - [ 9, 16, 3 ]
               - [ 33, 11, 3 ]
               - [ 43, 29, 7 ]
   -
      template_id: 4
      templates:
         -
            width: 104
            height: 118
            tl_x: 100
            tl_y: 102
            pyramid_level: 0
            features:
               - [ 39, 23, 7 ]
               - [ 104, 81, 0 ]
               - [ 67, 111, 2 ]
               - [ 40, 6, 1 ]
               - [ 37, 115, 5 ]
               - [ 98, 101, 2 ]
               - [ 83, 20, 5 ]
               - [ 7, 40, 2 ]
               - [ 97, 64, 5 ]
               - [ 65, 17, 3 ]
               - [ 2, 70, 7 ]
               - [ 86, 54, 7 ]
               - [ 8, 87, 7 ]
               - [ 26, 108, 6 ]
               - [ 21, 31, 4 ]
               - [ 55, 0, 0 ]
               - [ 1, 55, 0 ]
               - [ 83, 33, 1 ]
               - [ 53, 15, 1 ]
               - [ 79, 107, 4 ]
         -
            width: 52
            height: 59
            tl_x: 50
            tl_y: 51
            pyramid_level: 1
            features:
               - [ 52, 40, 0 ]
               - [ 33, 56, 2 ]
               - [ 20, 3, 1 ]
               - [ 42, 15, 1 ]
               - [ 9, 16, 3 ]
               - [ 13, 54, 6 ]
               - [ 43, 27, 7 ]
               - [ 1, 25, 1 ]
               - [ 32, 9, 3 ]
               - [ 22, 59, 5 ]
   -
      template_id: 5
      templates:
         -
            width: 106
            height: 122
            tl_x: 100
            tl_y: 98
            pyramid_level: 0
            features:
               - [ 36, 28, 7 ]
               - [ 106, 78, 0 ]
               - [ 73, 112, 3 ]
               - [ 42, 120, 5 ]
               - [ 36, 10, 1 ]
               - [ 79, 21, 5 ]
               - [ 98, 64, 5 ]
               - [ 15, 39, 3 ]
               - [ 6, 47, 1 ]
               - [ 103, 97, 1 ]
               - [ 59, 21, 3 ]
               - [ 3, 78, 7 ]
               - [ 29, 113, 6 ]
               - [ 90, 107, 4 ]
               - [ 11, 95, 7 ]
               - [ 49, 1, 7 ]
               - [ 82, 48, 7 ]
               - [ 1, 66, 0 ]
               - [ 19, 105, 6 ]
               - [ 81, 32, 1 ]
         -
            width: 53
            height: 61
            tl_x: 50
            tl_y: 49
            pyramid_level: 1
            features:
               - [ 53, 39, 0 ]
               - [ 24, 61, 5 ]
               - [ 18, 5, 1 ]
               - [ 13, 18, 3 ]
               - [ 37, 56, 3 ]
               - [ 31, 10, 3 ]
               - [ 42, 26, 7 ]
               - [ 2, 25, 1 ]
               - [ 9, 52, 6 ]
               - [ 51, 50, 1 ]
               - [ 41, 15, 0 ]
   -
      template_id: 6
      templates:
         -
            width: 107
            height: 121
            tl_x: 100
            tl_y: 100
