%YAML:1.0
---
class_id: "back0warp133.png"
pyramid_levels: 2
template_pyramids:
   -
      template_id: 0
      templates:
         -
            width: 48
            height: 92
            tl_x: 100
            tl_y: 116
            pyramid_level: 0
            features:
               - [ 2, 66, 1 ]
               - [ 5, 57, 1 ]
               - [ 48, 10, 1 ]
               - [ 28, 8, 1 ]
               - [ 37, 0, 1 ]
               - [ 45, 19, 1 ]
               - [ 46, 48, 1 ]
               - [ 42, 58, 1 ]
               - [ 36, 70, 1 ]
               - [ 21, 86, 1 ]
               - [ 9, 49, 1 ]
               - [ 1, 87, 7 ]
               - [ 43, 27, 1 ]
               - [ 28, 78, 2 ]
               - [ 22, 33, 2 ]
               - [ 25, 19, 0 ]
               - [ 39, 8, 2 ]
               - [ 46, 37, 4 ]
               - [ 17, 92, 2 ]
               - [ 13, 43, 2 ]
         -
            width: 24
            height: 46
            tl_x: 50
            tl_y: 58
            pyramid_level: 1
            features:
               - [ 7, 21, 2 ]
               - [ 22, 11, 1 ]
               - [ 21, 29, 1 ]
               - [ 2, 30, 1 ]
               - [ 13, 40, 2 ]
               - [ 18, 35, 2 ]
               - [ 1, 45, 7 ]
               - [ 13, 6, 1 ]
               - [ 22, 1, 3 ]
               - [ 23, 24, 1 ]
               - [ 10, 44, 1 ]
   -
      template_id: 1
      templates:
         -
            width: 44
            height: 100
            tl_x: 104
            tl_y: 112
            pyramid_level: 0
            features:
               - [ 42, 9, 1 ]
               - [ 22, 9, 1 ]
               - [ 39, 21, 1 ]
               - [ 1, 68, 1 ]
               - [ 38, 65, 1 ]
               - [ 5, 56, 1 ]
               - [ 41, 56, 1 ]
               - [ 21, 90, 1 ]
               - [ 11, 46, 2 ]
               - [ 44, 44, 0 ]
               - [ 34, 8, 1 ]
               - [ 34, 74, 1 ]
               - [ 1, 92, 7 ]
               - [ 38, 34, 0 ]
               - [ 25, 0, 1 ]
               - [ 0, 81, 0 ]
               - [ 20, 18, 1 ]
               - [ 17, 38, 2 ]
               - [ 6, 100, 5 ]
               - [ 25, 84, 2 ]
         -
            width: 22
            height: 50
            tl_x: 52
            tl_y: 56
            pyramid_level: 1
            features:
               - [ 10, 46, 1 ]
               - [ 18, 35, 1 ]
               - [ 3, 27, 1 ]
               - [ 21, 26, 1 ]
               - [ 19, 14, 0 ]
               - [ 0, 38, 0 ]
               - [ 7, 21, 2 ]
               - [ 10, 7, 1 ]
               - [ 18, 3, 2 ]
               - [ 1, 33, 1 ]
               - [ 20, 9, 1 ]
   -
      template_id: 2
      templates:
         -
            width: 42
            height: 105
            tl_x: 106
            tl_y: 108
            pyramid_level: 0
            features:
               - [ 34, 78, 1 ]
               - [ 4, 62, 1 ]
               - [ 1, 87, 0 ]
               - [ 17, 13, 0 ]
               - [ 35, 23, 0 ]
               - [ 24, 92, 1 ]
               - [ 39, 63, 1 ]
               - [ 35, 37, 0 ]
               - [ 1, 78, 0 ]
               - [ 9, 51, 1 ]
               - [ 24, 7, 0 ]
               - [ 37, 12, 0 ]
               - [ 42, 46, 0 ]
               - [ 15, 42, 2 ]
               - [ 2, 70, 1 ]
               - [ 3, 97, 7 ]
               - [ 20, 0, 1 ]
               - [ 9, 105, 5 ]
               - [ 15, 30, 0 ]
               - [ 29, 84, 2 ]
               - [ 16, 20, 0 ]
               - [ 21, 99, 1 ]
               - [ 37, 70, 1 ]
               - [ 28, 13, 1 ]
               - [ 35, 30, 0 ]
         -
            width: 21
            height: 52
            tl_x: 53
            tl_y: 54
            pyramid_level: 1
            features:
               - [ 20, 29, 0 ]
               - [ 6, 23, 1 ]
               - [ 2, 31, 1 ]
               - [ 12, 46, 1 ]
               - [ 16, 40, 2 ]
               - [ 18, 9, 0 ]
               - [ 17, 15, 0 ]
               - [ 8, 8, 0 ]
               - [ 1, 35, 0 ]
               - [ 19, 33, 1 ]
   -
      template_id: 3
      templates:
         -
            width: 38
            height: 96
            tl_x: 110
            tl_y: 112
            pyramid_level: 0
            features:
               - [ 34, 68, 1 ]
               - [ 22, 93, 1 ]
               - [ 0, 83, 0 ]
               - [ 36, 58, 0 ]
               - [ 3, 53, 1 ]
               - [ 26, 83, 1 ]
               - [ 1, 61, 1 ]
               - [ 10, 9, 0 ]
               - [ 29, 25, 0 ]
               - [ 37, 50, 0 ]
               - [ 30, 4, 0 ]
               - [ 4, 96, 7 ]
               - [ 29, 17, 0 ]
               - [ 11, 1, 1 ]
               - [ 8, 43, 1 ]
               - [ 21, 8, 1 ]
               - [ 38, 40, 0 ]
               - [ 9, 20, 0 ]
               - [ 16, 27, 1 ]
               - [ 31, 75, 2 ]
               - [ 0, 68, 0 ]
               - [ 30, 32, 7 ]
         -
            width: 19
            height: 48
            tl_x: 55
            tl_y: 56
            pyramid_level: 1
            features:
               - [ 18, 29, 0 ]
               - [ 0, 34, 0 ]
               - [ 12, 44, 1 ]
               - [ 3, 23, 1 ]
               - [ 19, 22, 0 ]
               - [ 15, 14, 0 ]
               - [ 15, 5, 0 ]
               - [ 4, 9, 0 ]
               - [ 15, 38, 1 ]
               - [ 5, 3, 0 ]
   -
      template_id: 4
      templates:
         -
            width: 36
            height: 106
            tl_x: 112
            tl_y: 108
            pyramid_level: 0
            features:
               - [ 2, 90, 7 ]
               - [ 27, 86, 1 ]
               - [ 33, 75, 1 ]
               - [ 2, 58, 1 ]
               - [ 5, 15, 0 ]
               - [ 27, 35, 7 ]
               - [ 24, 98, 1 ]
               - [ 0, 73, 0 ]
               - [ 35, 64, 0 ]
               - [ 16, 11, 1 ]
               - [ 25, 27, 0 ]
               - [ 6, 100, 7 ]
               - [ 8, 43, 1 ]
               - [ 5, 23, 0 ]
               - [ 35, 43, 0 ]
               - [ 24, 9, 0 ]
               - [ 13, 106, 5 ]
               - [ 10, 1, 7 ]
               - [ 35, 53, 0 ]
               - [ 4, 52, 1 ]
               - [ 24, 15, 0 ]
         -
            width: 18
            height: 53
            tl_x: 56
            tl_y: 54
            pyramid_level: 1
            features:
               - [ 13, 45, 1 ]
               - [ 17, 35, 0 ]
               - [ 1, 29, 1 ]
               - [ 0, 35, 0 ]
               - [ 13, 15, 7 ]
               - [ 12, 9, 0 ]
               - [ 18, 28, 0 ]
               - [ 2, 9, 0 ]
               - [ 9, 3, 2 ]
               - [ 3, 24, 1 ]
               - [ 15, 40, 1 ]
   -
      template_id: 5
      templates:
         -
            width: 34
            height: 95
            tl_x: 114
            tl_y: 114
            pyramid_level: 0
            features:
               - [ 29, 77, 1 ]
               - [ 33, 68, 1 ]
               - [ 1, 74, 0 ]
               - [ 4, 85, 7 ]
               - [ 20, 13, 0 ]
               - [ 0, 61, 0 ]
               - [ 0, 8, 0 ]
               - [ 9, 95, 6 ]
               - [ 1, 17, 0 ]
               - [ 1, 52, 1 ]
               - [ 5, 1, 0 ]
               - [ 23, 26, 7 ]
               - [ 19, 3, 0 ]
               - [ 27, 85, 0 ]
               - [ 4, 42, 1 ]
               - [ 33, 37, 0 ]
               - [ 34, 48, 0 ]
               - [ 10, 8, 1 ]
               - [ 26, 92, 0 ]
               - [ 12, 1, 1 ]
         -
            width: 17
            height: 47
            tl_x: 57
            tl_y: 57
            pyramid_level: 1
            features:
               - [ 17, 30, 0 ]
               - [ 10, 6, 0 ]
               - [ 1, 24, 1 ]
               - [ 0, 32, 0 ]
               - [ 1, 39, 7 ]
               - [ 17, 23, 0 ]
               - [ 14, 40, 1 ]
               - [ 0, 7, 0 ]
               - [ 6, 0, 2 ]
               - [ 16, 35, 1 ]
               - [ 11, 11, 7 ]
