%YAML:1.0
---
class_id: "back0warp25.png"
pyramid_levels: 2
template_pyramids:
   -
      template_id: 0
      templates:
         -
            width: 52
            height: 103
            tl_x: 100
            tl_y: 104
            pyramid_level: 0
            features:
               - [ 9, 62, 7 ]
               - [ 45, 68, 7 ]
               - [ 33, 18, 6 ]
               - [ 2, 2, 1 ]
               - [ 6, 53, 7 ]
               - [ 43, 29, 7 ]
               - [ 3, 40, 7 ]
               - [ 28, 88, 7 ]
               - [ 48, 77, 7 ]
               - [ 35, 100, 7 ]
               - [ 48, 39, 7 ]
               - [ 52, 86, 7 ]
               - [ 19, 5, 6 ]
               - [ 13, 72, 6 ]
               - [ 1, 29, 0 ]
               - [ 35, 8, 1 ]
               - [ 44, 50, 1 ]
               - [ 50, 103, 1 ]
               - [ 23, 81, 6 ]
               - [ 32, 0, 5 ]
         -
            width: 26
            height: 51
            tl_x: 50
            tl_y: 52
            pyramid_level: 1
            features:
               - [ 1, 17, 0 ]
               - [ 17, 49, 7 ]
               - [ 22, 32, 0 ]
               - [ 4, 30, 7 ]
               - [ 23, 17, 7 ]
               - [ 25, 41, 7 ]
               - [ 12, 41, 6 ]
               - [ 1, 2, 1 ]
               - [ 13, 1, 2 ]
               - [ 19, 11, 6 ]
   -
      template_id: 1
      templates:
         -
            width: 60
            height: 104
            tl_x: 96
            tl_y: 102
            pyramid_level: 0
            features:
               - [ 54, 77, 7 ]
               - [ 10, 56, 7 ]
               - [ 14, 66, 7 ]
               - [ 36, 21, 6 ]
               - [ 43, 101, 7 ]
               - [ 46, 31, 6 ]
               - [ 6, 44, 7 ]
               - [ 2, 28, 0 ]
               - [ 17, 6, 6 ]
               - [ 1, 11, 0 ]
               - [ 35, 90, 6 ]
               - [ 49, 65, 7 ]
               - [ 35, 8, 0 ]
               - [ 20, 77, 6 ]
               - [ 47, 54, 0 ]
               - [ 60, 99, 1 ]
               - [ 8, 0, 4 ]
               - [ 27, 2, 3 ]
               - [ 51, 39, 7 ]
               - [ 28, 82, 6 ]
         -
            width: 30
            height: 52
            tl_x: 48
            tl_y: 51
            pyramid_level: 1
            features:
               - [ 3, 22, 7 ]
               - [ 7, 33, 7 ]
               - [ 17, 44, 6 ]
               - [ 25, 34, 7 ]
               - [ 21, 13, 6 ]
               - [ 24, 25, 1 ]
               - [ 1, 4, 0 ]
               - [ 29, 52, 1 ]
               - [ 17, 5, 1 ]
               - [ 21, 50, 7 ]
               - [ 11, 39, 6 ]
   -
      template_id: 2
      templates:
         -
            width: 65
            height: 94
            tl_x: 94
            tl_y: 108
            pyramid_level: 0
            features:
               - [ 2, 25, 0 ]
               - [ 0, 1, 1 ]
               - [ 34, 14, 5 ]
               - [ 49, 94, 6 ]
               - [ 51, 31, 6 ]
               - [ 20, 67, 7 ]
               - [ 53, 60, 7 ]
               - [ 11, 50, 7 ]
               - [ 33, 1, 0 ]
               - [ 58, 69, 7 ]
               - [ 40, 83, 6 ]
               - [ 13, 0, 6 ]
               - [ 7, 40, 7 ]
               - [ 0, 14, 0 ]
               - [ 63, 77, 6 ]
               - [ 49, 45, 0 ]
               - [ 32, 76, 5 ]
               - [ 65, 93, 1 ]
               - [ 22, 1, 0 ]
               - [ 46, 24, 6 ]
         -
            width: 32
            height: 47
            tl_x: 47
            tl_y: 54
            pyramid_level: 1
            features:
               - [ 27, 31, 7 ]
               - [ 2, 16, 7 ]
               - [ 7, 28, 7 ]
               - [ 23, 12, 6 ]
               - [ 21, 43, 6 ]
               - [ 14, 37, 5 ]
               - [ 0, 2, 0 ]
               - [ 32, 47, 1 ]
               - [ 16, 2, 1 ]
               - [ 25, 20, 1 ]
   -
      template_id: 3
      templates:
         -
            width: 73
            height: 93
            tl_x: 90
            tl_y: 108
            pyramid_level: 0
            features:
               - [ 4, 28, 7 ]
               - [ 37, 15, 5 ]
               - [ 33, 1, 0 ]
               - [ 0, 13, 0 ]
               - [ 24, 66, 7 ]
               - [ 13, 2, 6 ]
               - [ 43, 79, 6 ]
               - [ 46, 21, 6 ]
               - [ 55, 52, 7 ]
               - [ 10, 42, 7 ]
               - [ 70, 75, 6 ]
               - [ 53, 29, 6 ]
               - [ 62, 65, 6 ]
               - [ 57, 93, 6 ]
               - [ 16, 53, 7 ]
               - [ 73, 89, 1 ]
               - [ 53, 39, 1 ]
               - [ 0, 4, 1 ]
               - [ 31, 73, 5 ]
               - [ 22, 2, 0 ]
         -
            width: 36
            height: 46
            tl_x: 45
            tl_y: 54
            pyramid_level: 1
            features:
               - [ 29, 29, 7 ]
               - [ 4, 19, 7 ]
               - [ 9, 28, 7 ]
               - [ 21, 9, 6 ]
               - [ 28, 46, 6 ]
               - [ 22, 40, 6 ]
               - [ 36, 46, 1 ]
               - [ 6, 1, 5 ]
               - [ 27, 19, 1 ]
               - [ 33, 35, 6 ]
   -
      template_id: 4
      templates:
         -
            width: 80
            height: 89
            tl_x: 86
            tl_y: 110
            pyramid_level: 0
            features:
               - [ 6, 28, 7 ]
               - [ 2, 17, 7 ]
               - [ 33, 0, 7 ]
               - [ 35, 12, 5 ]
               - [ 63, 55, 6 ]
               - [ 19, 51, 6 ]
               - [ 14, 3, 5 ]
               - [ 29, 64, 6 ]
               - [ 0, 8, 0 ]
               - [ 13, 42, 7 ]
               - [ 48, 19, 6 ]
               - [ 65, 89, 6 ]
               - [ 74, 68, 6 ]
               - [ 49, 76, 5 ]
               - [ 56, 40, 7 ]
               - [ 57, 82, 6 ]
               - [ 80, 85, 0 ]
               - [ 59, 48, 7 ]
               - [ 35, 70, 5 ]
               - [ 22, 1, 0 ]
         -
            width: 40
            height: 44
            tl_x: 43
            tl_y: 55
            pyramid_level: 1
            features:
               - [ 32, 28, 6 ]
               - [ 20, 7, 5 ]
               - [ 13, 30, 6 ]
               - [ 6, 20, 7 ]
               - [ 32, 44, 6 ]
               - [ 20, 36, 5 ]
               - [ 6, 1, 5 ]
               - [ 40, 42, 0 ]
               - [ 28, 20, 0 ]
               - [ 37, 34, 6 ]
               - [ 26, 11, 6 ]
   -
      template_id: 5
      templates:
         -
            width: 87
            height: 93
            tl_x: 82
            tl_y: 106
            pyramid_level: 0
            features:
               - [ 6, 30, 7 ]
               - [ 37, 17, 5 ]
               - [ 33, 5, 7 ]
               - [ 47, 21, 5 ]
               - [ 60, 44, 7 ]
               - [ 1, 16, 0 ]
               - [ 16, 10, 5 ]
               - [ 13, 43, 7 ]
               - [ 22, 55, 6 ]
               - [ 57, 80, 5 ]
               - [ 69, 88, 6 ]
               - [ 42, 75, 5 ]
               - [ 81, 70, 6 ]
               - [ 66, 55, 6 ]
               - [ 58, 29, 6 ]
               - [ 73, 63, 6 ]
               - [ 87, 86, 0 ]
               - [ 35, 70, 6 ]
               - [ 76, 93, 5 ]
               - [ 26, 1, 3 ]
         -
            width: 43
            height: 46
            tl_x: 41
            tl_y: 53
            pyramid_level: 1
            features:
               - [ 33, 43, 6 ]
               - [ 9, 25, 6 ]
               - [ 20, 9, 5 ]
               - [ 37, 32, 6 ]
               - [ 26, 39, 5 ]
               - [ 30, 22, 7 ]
               - [ 6, 4, 5 ]
               - [ 16, 2, 7 ]
               - [ 14, 31, 6 ]
               - [ 26, 12, 6 ]
   -
      template_id: 6
      templates:
         -
            width: 92
            height: 89
            tl_x: 80
            tl_y: 108
            pyramid_level: 0
            features:
               - [ 3, 26, 7 ]
               - [ 10, 38, 7 ]
               - [ 37, 16, 5 ]
