%YAML:1.0
---
class_id: "back0warp141.png"
pyramid_levels: 2
template_pyramids:
   -
      template_id: 0
      templates:
         -
            width: 91
            height: 75
            tl_x: 100
            tl_y: 100
            pyramid_level: 0
            features:
               - [ 55, 71, 5 ]
               - [ 35, 67, 5 ]
               - [ 25, 7, 5 ]
               - [ 10, 46, 6 ]
               - [ 24, 60, 6 ]
               - [ 73, 23, 5 ]
               - [ 91, 34, 6 ]
               - [ 41, 14, 5 ]
               - [ 88, 64, 6 ]
               - [ 80, 75, 3 ]
               - [ 2, 31, 7 ]
               - [ 81, 54, 7 ]
               - [ 51, 9, 1 ]
               - [ 13, 6, 4 ]
               - [ 72, 1, 5 ]
               - [ 1, 16, 1 ]
               - [ 60, 2, 3 ]
               - [ 53, 20, 5 ]
               - [ 83, 27, 5 ]
               - [ 84, 44, 2 ]
               - [ 73, 11, 1 ]
         -
            width: 45
            height: 37
            tl_x: 50
            tl_y: 50
            pyramid_level: 1
            features:
               - [ 38, 12, 5 ]
               - [ 21, 34, 4 ]
               - [ 2, 18, 7 ]
               - [ 12, 30, 6 ]
               - [ 16, 5, 5 ]
               - [ 7, 3, 4 ]
               - [ 41, 37, 3 ]
               - [ 30, 1, 3 ]
               - [ 42, 22, 2 ]
               - [ 29, 36, 5 ]
   -
      template_id: 1
      templates:
         -
            width: 90
            height: 76
            tl_x: 100
            tl_y: 98
            pyramid_level: 0
            features:
               - [ 26, 64, 5 ]
               - [ 61, 73, 5 ]
               - [ 38, 70, 4 ]
               - [ 13, 53, 6 ]
               - [ 69, 22, 5 ]
               - [ 23, 11, 5 ]
               - [ 83, 74, 3 ]
               - [ 82, 26, 5 ]
               - [ 87, 60, 6 ]
               - [ 35, 15, 5 ]
               - [ 4, 42, 7 ]
               - [ 11, 11, 3 ]
               - [ 49, 70, 4 ]
               - [ 68, 1, 4 ]
               - [ 82, 47, 1 ]
               - [ 0, 19, 1 ]
               - [ 48, 12, 1 ]
               - [ 90, 38, 3 ]
               - [ 70, 76, 5 ]
               - [ 0, 33, 7 ]
               - [ 69, 13, 2 ]
               - [ 59, 2, 3 ]
         -
            width: 45
            height: 38
            tl_x: 50
            tl_y: 49
            pyramid_level: 1
            features:
               - [ 13, 6, 5 ]
               - [ 29, 36, 5 ]
               - [ 5, 25, 6 ]
               - [ 41, 13, 5 ]
               - [ 20, 35, 4 ]
               - [ 30, 1, 3 ]
               - [ 42, 28, 7 ]
               - [ 4, 6, 3 ]
               - [ 13, 32, 6 ]
               - [ 35, 6, 1 ]
   -
      template_id: 2
      templates:
         -
            width: 93
            height: 73
            tl_x: 98
            tl_y: 98
            pyramid_level: 0
            features:
               - [ 15, 55, 6 ]
               - [ 54, 70, 4 ]
               - [ 27, 64, 5 ]
               - [ 75, 21, 4 ]
               - [ 30, 15, 5 ]
               - [ 38, 70, 5 ]
               - [ 90, 27, 6 ]
               - [ 71, 73, 5 ]
               - [ 41, 18, 5 ]
               - [ 87, 71, 2 ]
               - [ 93, 58, 5 ]
               - [ 85, 42, 1 ]
               - [ 5, 44, 7 ]
               - [ 11, 14, 3 ]
               - [ 63, 0, 3 ]
               - [ 70, 9, 1 ]
               - [ 1, 22, 1 ]
               - [ 0, 32, 0 ]
               - [ 54, 18, 4 ]
               - [ 21, 13, 4 ]
               - [ 48, 11, 1 ]
         -
            width: 46
            height: 36
            tl_x: 49
            tl_y: 49
            pyramid_level: 1
            features:
               - [ 28, 35, 4 ]
               - [ 5, 25, 6 ]
               - [ 17, 34, 5 ]
               - [ 17, 8, 5 ]
               - [ 42, 12, 5 ]
               - [ 6, 7, 3 ]
               - [ 44, 35, 2 ]
               - [ 28, 1, 3 ]
               - [ 45, 28, 6 ]
               - [ 44, 19, 2 ]
               - [ 35, 4, 1 ]
   -
      template_id: 3
      templates:
         -
            width: 98
            height: 71
            tl_x: 96
            tl_y: 98
            pyramid_level: 0
            features:
               - [ 69, 70, 4 ]
               - [ 49, 71, 4 ]
               - [ 32, 66, 5 ]
               - [ 17, 57, 6 ]
               - [ 94, 53, 5 ]
               - [ 90, 23, 5 ]
               - [ 26, 16, 4 ]
               - [ 76, 19, 4 ]
               - [ 38, 18, 4 ]
               - [ 3, 41, 7 ]
               - [ 87, 39, 1 ]
               - [ 47, 12, 0 ]
               - [ 16, 16, 4 ]
               - [ 10, 51, 6 ]
               - [ 58, 0, 3 ]
               - [ 69, 7, 1 ]
               - [ 66, 19, 4 ]
               - [ 6, 20, 2 ]
               - [ 1, 29, 0 ]
               - [ 57, 70, 4 ]
               - [ 98, 61, 1 ]
               - [ 88, 47, 7 ]
               - [ 93, 31, 2 ]
         -
            width: 49
            height: 35
            tl_x: 48
            tl_y: 49
            pyramid_level: 1
            features:
               - [ 35, 35, 4 ]
               - [ 16, 33, 5 ]
               - [ 8, 28, 6 ]
               - [ 41, 10, 5 ]
               - [ 12, 8, 4 ]
               - [ 47, 33, 2 ]
               - [ 1, 13, 1 ]
               - [ 34, 4, 1 ]
               - [ 45, 17, 2 ]
               - [ 45, 25, 6 ]
   -
      template_id: 4
      templates:
         -
            width: 97
            height: 74
            tl_x: 96
            tl_y: 96
            pyramid_level: 0
            features:
               - [ 60, 71, 3 ]
               - [ 97, 52, 5 ]
               - [ 89, 22, 5 ]
               - [ 32, 69, 5 ]
               - [ 72, 19, 4 ]
               - [ 19, 62, 6 ]
               - [ 44, 73, 5 ]
               - [ 33, 21, 4 ]
               - [ 94, 66, 2 ]
               - [ 3, 47, 7 ]
               - [ 22, 20, 4 ]
               - [ 11, 22, 3 ]
               - [ 88, 45, 7 ]
               - [ 45, 12, 1 ]
               - [ 88, 34, 1 ]
               - [ 66, 8, 1 ]
               - [ 0, 36, 0 ]
               - [ 58, 0, 3 ]
               - [ 53, 19, 3 ]
               - [ 69, 70, 4 ]
         -
            width: 48
            height: 37
            tl_x: 48
            tl_y: 48
            pyramid_level: 1
            features:
               - [ 35, 35, 4 ]
               - [ 8, 30, 6 ]
               - [ 15, 34, 5 ]
               - [ 41, 10, 5 ]
               - [ 6, 11, 3 ]
               - [ 48, 32, 2 ]
               - [ 18, 11, 4 ]
               - [ 33, 4, 1 ]
               - [ 24, 37, 4 ]
               - [ 47, 25, 5 ]
               - [ 45, 16, 1 ]
   -
      template_id: 5
      templates:
         -
            width: 101
            height: 75
            tl_x: 96
            tl_y: 94
            pyramid_level: 0
            features:
               - [ 63, 72, 3 ]
               - [ 54, 75, 3 ]
               - [ 36, 73, 5 ]
               - [ 19, 25, 4 ]
               - [ 101, 56, 1 ]
               - [ 87, 21, 5 ]
               - [ 78, 70, 4 ]
               - [ 95, 49, 5 ]
               - [ 19, 66, 5 ]
               - [ 78, 19, 4 ]
               - [ 64, 20, 4 ]
               - [ 38, 25, 4 ]
               - [ 86, 38, 0 ]
               - [ 7, 57, 6 ]
               - [ 7, 29, 3 ]
               - [ 63, 9, 0 ]
               - [ 50, 4, 3 ]
               - [ 0, 45, 7 ]
               - [ 43, 12, 1 ]
               - [ 44, 75, 5 ]
               - [ 58, 0, 4 ]
               - [ 89, 30, 2 ]
         -
            width: 50
            height: 37
            tl_x: 48
            tl_y: 47
            pyramid_level: 1
            features:
               - [ 39, 35, 4 ]
               - [ 14, 35, 5 ]
               - [ 42, 10, 5 ]
               - [ 28, 37, 3 ]
               - [ 7, 13, 3 ]
               - [ 0, 20, 0 ]
               - [ 15, 12, 4 ]
               - [ 47, 24, 5 ]
               - [ 31, 5, 1 ]
               - [ 8, 32, 5 ]
