%YAML:1.0
---
class_id: "back0warp56.png"
pyramid_levels: 2
template_pyramids:
   -
      template_id: 0
      templates:
         -
            width: 98
            height: 115
            tl_x: 100
            tl_y: 100
            pyramid_level: 0
            features:
               - [ 68, 1, 3 ]
               - [ 54, 15, 1 ]
               - [ 96, 91, 1 ]
               - [ 16, 29, 3 ]
               - [ 86, 58, 7 ]
               - [ 69, 23, 3 ]
               - [ 45, 25, 5 ]
               - [ 4, 85, 7 ]
               - [ 4, 46, 1 ]
               - [ 94, 35, 2 ]
               - [ 53, 110, 4 ]
               - [ 70, 112, 5 ]
               - [ 19, 108, 6 ]
               - [ 39, 115, 3 ]
               - [ 88, 105, 2 ]
               - [ 96, 74, 6 ]
               - [ 1, 59, 0 ]
               - [ 83, 23, 5 ]
               - [ 10, 97, 7 ]
               - [ 1, 71, 0 ]
         -
            width: 49
            height: 57
            tl_x: 50
            tl_y: 50
            pyramid_level: 1
            features:
               - [ 18, 12, 4 ]
               - [ 2, 42, 7 ]
               - [ 2, 23, 1 ]
               - [ 49, 43, 1 ]
               - [ 23, 56, 3 ]
               - [ 35, 56, 5 ]
               - [ 43, 26, 0 ]
               - [ 43, 12, 5 ]
               - [ 33, 1, 3 ]
               - [ 12, 56, 6 ]
   -
      template_id: 1
      templates:
         -
            width: 100
            height: 115
            tl_x: 100
            tl_y: 100
            pyramid_level: 0
            features:
               - [ 86, 55, 7 ]
               - [ 61, 1, 3 ]
               - [ 69, 21, 4 ]
               - [ 51, 13, 1 ]
               - [ 15, 31, 2 ]
               - [ 29, 25, 4 ]
               - [ 3, 50, 1 ]
               - [ 97, 91, 1 ]
               - [ 97, 70, 5 ]
               - [ 1, 64, 0 ]
               - [ 5, 85, 7 ]
               - [ 83, 21, 5 ]
               - [ 63, 109, 4 ]
               - [ 91, 103, 2 ]
               - [ 44, 26, 4 ]
               - [ 18, 106, 6 ]
               - [ 90, 34, 1 ]
               - [ 45, 115, 3 ]
               - [ 78, 111, 4 ]
               - [ 28, 114, 6 ]
         -
            width: 50
            height: 57
            tl_x: 50
            tl_y: 50
            pyramid_level: 1
            features:
               - [ 5, 18, 2 ]
               - [ 2, 41, 7 ]
               - [ 50, 42, 1 ]
               - [ 43, 27, 7 ]
               - [ 14, 57, 6 ]
               - [ 39, 10, 4 ]
               - [ 28, 55, 3 ]
               - [ 30, 1, 2 ]
               - [ 20, 13, 4 ]
               - [ 45, 52, 2 ]
   -
      template_id: 2
      templates:
         -
            width: 100
            height: 118
            tl_x: 102
            tl_y: 98
            pyramid_level: 0
            features:
               - [ 65, 21, 3 ]
               - [ 44, 20, 0 ]
               - [ 21, 30, 3 ]
               - [ 7, 40, 2 ]
               - [ 84, 55, 7 ]
               - [ 0, 73, 0 ]
               - [ 56, 1, 2 ]
               - [ 84, 23, 5 ]
               - [ 6, 92, 7 ]
               - [ 99, 85, 1 ]
               - [ 0, 58, 0 ]
               - [ 47, 118, 2 ]
               - [ 63, 110, 3 ]
               - [ 96, 68, 5 ]
               - [ 93, 101, 1 ]
               - [ 25, 114, 5 ]
               - [ 84, 37, 1 ]
               - [ 77, 110, 4 ]
               - [ 14, 104, 6 ]
               - [ 47, 10, 1 ]
               - [ 62, 10, 1 ]
               - [ 52, 27, 3 ]
         -
            width: 50
            height: 59
            tl_x: 51
            tl_y: 49
            pyramid_level: 1
            features:
               - [ 3, 21, 1 ]
               - [ 50, 40, 0 ]
               - [ 36, 10, 4 ]
               - [ 11, 15, 3 ]
               - [ 42, 27, 7 ]
               - [ 26, 2, 2 ]
               - [ 32, 55, 4 ]
               - [ 3, 46, 7 ]
               - [ 14, 58, 5 ]
               - [ 47, 49, 1 ]
               - [ 0, 30, 0 ]
   -
      template_id: 3
      templates:
         -
            width: 101
            height: 118
            tl_x: 102
            tl_y: 98
            pyramid_level: 0
            features:
               - [ 61, 20, 3 ]
               - [ 20, 32, 3 ]
               - [ 1, 76, 0 ]
               - [ 84, 53, 7 ]
               - [ 50, 1, 2 ]
               - [ 6, 43, 1 ]
               - [ 41, 17, 0 ]
               - [ 101, 80, 1 ]
               - [ 0, 62, 0 ]
               - [ 81, 20, 5 ]
               - [ 66, 109, 3 ]
               - [ 8, 94, 7 ]
               - [ 52, 118, 2 ]
               - [ 34, 118, 5 ]
               - [ 97, 64, 5 ]
               - [ 96, 98, 1 ]
               - [ 81, 107, 4 ]
               - [ 81, 37, 0 ]
               - [ 18, 107, 6 ]
               - [ 33, 30, 4 ]
         -
            width: 50
            height: 59
            tl_x: 51
            tl_y: 49
            pyramid_level: 1
            features:
               - [ 10, 16, 3 ]
               - [ 17, 59, 5 ]
               - [ 50, 42, 1 ]
               - [ 41, 17, 1 ]
               - [ 0, 34, 0 ]
               - [ 6, 50, 6 ]
               - [ 22, 4, 1 ]
               - [ 36, 54, 4 ]
               - [ 43, 28, 6 ]
               - [ 2, 23, 1 ]
               - [ 34, 9, 4 ]
   -
      template_id: 4
      templates:
         -
            width: 102
            height: 117
            tl_x: 102
            tl_y: 100
            pyramid_level: 0
            features:
               - [ 19, 32, 3 ]
               - [ 57, 17, 3 ]
               - [ 83, 48, 7 ]
               - [ 5, 44, 1 ]
               - [ 37, 16, 0 ]
               - [ 3, 80, 7 ]
               - [ 44, 0, 2 ]
               - [ 79, 16, 5 ]
               - [ 13, 98, 6 ]
               - [ 95, 57, 5 ]
               - [ 71, 105, 3 ]
               - [ 39, 117, 5 ]
               - [ 99, 91, 1 ]
               - [ 102, 76, 0 ]
               - [ 79, 31, 0 ]
               - [ 86, 102, 4 ]
               - [ 58, 114, 2 ]
               - [ 0, 63, 0 ]
               - [ 33, 29, 4 ]
               - [ 27, 111, 6 ]
         -
            width: 51
            height: 58
            tl_x: 51
            tl_y: 50
            pyramid_level: 1
            features:
               - [ 4, 20, 2 ]
               - [ 40, 13, 1 ]
               - [ 51, 38, 0 ]
               - [ 18, 58, 5 ]
               - [ 20, 3, 1 ]
               - [ 37, 52, 3 ]
               - [ 5, 47, 7 ]
               - [ 43, 26, 6 ]
               - [ 30, 8, 3 ]
               - [ 0, 31, 0 ]
   -
      template_id: 5
      templates:
         -
            width: 104
            height: 120
            tl_x: 102
            tl_y: 98
            pyramid_level: 0
            features:
               - [ 16, 37, 3 ]
               - [ 82, 47, 7 ]
               - [ 54, 18, 3 ]
               - [ 40, 1, 2 ]
               - [ 4, 83, 7 ]
               - [ 34, 24, 7 ]
               - [ 3, 52, 1 ]
               - [ 1, 70, 0 ]
               - [ 77, 26, 0 ]
               - [ 95, 55, 5 ]
               - [ 99, 95, 1 ]
               - [ 74, 105, 3 ]
               - [ 39, 118, 5 ]
               - [ 67, 14, 4 ]
               - [ 88, 101, 4 ]
               - [ 15, 101, 6 ]
               - [ 62, 116, 2 ]
               - [ 104, 70, 0 ]
               - [ 26, 111, 6 ]
               - [ 34, 13, 0 ]
               - [ 103, 81, 0 ]
         -
            width: 52
            height: 60
            tl_x: 51
            tl_y: 49
            pyramid_level: 1
            features:
               - [ 17, 7, 0 ]
               - [ 2, 25, 1 ]
               - [ 23, 60, 5 ]
               - [ 42, 51, 3 ]
               - [ 7, 50, 6 ]
               - [ 51, 43, 0 ]
               - [ 46, 27, 5 ]
               - [ 1, 38, 7 ]
               - [ 29, 8, 3 ]
               - [ 12, 17, 3 ]
               - [ 38, 15, 0 ]
   -
      template_id: 6
      templates:
         -
            width: 102
            height: 119
