%YAML:1.0
---
class_id: "back0warp132.png"
pyramid_levels: 2
template_pyramids:
   -
      template_id: 0
      templates:
         -
            width: 62
            height: 92
            tl_x: 100
            tl_y: 102
            pyramid_level: 0
            features:
               - [ 57, 74, 7 ]
               - [ 62, 48, 7 ]
               - [ 16, 66, 7 ]
               - [ 4, 38, 7 ]
               - [ 11, 56, 7 ]
               - [ 30, 81, 5 ]
               - [ 57, 61, 1 ]
               - [ 57, 39, 6 ]
               - [ 31, 16, 6 ]
               - [ 46, 6, 5 ]
               - [ 23, 7, 6 ]
               - [ 41, 88, 6 ]
               - [ 51, 19, 1 ]
               - [ 1, 25, 0 ]
               - [ 60, 91, 2 ]
               - [ 1, 8, 1 ]
               - [ 21, 74, 7 ]
               - [ 7, 47, 7 ]
               - [ 50, 32, 6 ]
               - [ 16, 1, 5 ]
         -
            width: 31
            height: 46
            tl_x: 50
            tl_y: 51
            pyramid_level: 1
            features:
               - [ 8, 33, 7 ]
               - [ 2, 19, 7 ]
               - [ 12, 4, 6 ]
               - [ 30, 22, 7 ]
               - [ 16, 41, 5 ]
               - [ 29, 38, 7 ]
               - [ 1, 3, 1 ]
               - [ 26, 8, 1 ]
               - [ 29, 30, 1 ]
               - [ 29, 46, 2 ]
   -
      template_id: 1
      templates:
         -
            width: 67
            height: 89
            tl_x: 98
            tl_y: 104
            pyramid_level: 0
            features:
               - [ 35, 79, 5 ]
               - [ 65, 77, 7 ]
               - [ 22, 68, 6 ]
               - [ 14, 56, 7 ]
               - [ 9, 47, 7 ]
               - [ 64, 43, 7 ]
               - [ 4, 35, 7 ]
               - [ 0, 21, 0 ]
               - [ 61, 69, 7 ]
               - [ 53, 30, 6 ]
               - [ 60, 57, 1 ]
               - [ 44, 3, 4 ]
               - [ 26, 10, 6 ]
               - [ 13, 0, 5 ]
               - [ 51, 89, 6 ]
               - [ 51, 14, 1 ]
               - [ 36, 9, 1 ]
               - [ 0, 8, 1 ]
               - [ 58, 35, 6 ]
               - [ 45, 84, 6 ]
               - [ 67, 84, 1 ]
               - [ 47, 26, 5 ]
         -
            width: 33
            height: 44
            tl_x: 49
            tl_y: 52
            pyramid_level: 1
            features:
               - [ 11, 34, 6 ]
               - [ 4, 22, 7 ]
               - [ 12, 4, 6 ]
               - [ 19, 40, 5 ]
               - [ 30, 32, 0 ]
               - [ 31, 20, 7 ]
               - [ 0, 4, 0 ]
               - [ 32, 44, 2 ]
               - [ 25, 8, 1 ]
               - [ 1, 14, 7 ]
   -
      template_id: 2
      templates:
         -
            width: 74
            height: 86
            tl_x: 94
            tl_y: 106
            pyramid_level: 0
            features:
               - [ 70, 70, 6 ]
               - [ 55, 26, 5 ]
               - [ 27, 66, 6 ]
               - [ 65, 35, 6 ]
               - [ 3, 25, 7 ]
               - [ 19, 56, 7 ]
               - [ 47, 78, 5 ]
               - [ 65, 53, 0 ]
               - [ 10, 41, 7 ]
               - [ 1, 16, 0 ]
               - [ 28, 10, 6 ]
               - [ 38, 76, 5 ]
               - [ 74, 80, 1 ]
               - [ 52, 12, 1 ]
               - [ 48, 1, 5 ]
               - [ 60, 86, 6 ]
               - [ 13, 0, 5 ]
               - [ 37, 7, 0 ]
               - [ 1, 7, 0 ]
               - [ 15, 50, 7 ]
               - [ 32, 72, 6 ]
               - [ 22, 5, 6 ]
               - [ 41, 1, 3 ]
         -
            width: 37
            height: 43
            tl_x: 47
            tl_y: 53
            pyramid_level: 1
            features:
               - [ 11, 30, 6 ]
               - [ 27, 41, 5 ]
               - [ 35, 35, 7 ]
               - [ 13, 4, 6 ]
               - [ 30, 15, 6 ]
               - [ 4, 19, 7 ]
               - [ 26, 5, 0 ]
               - [ 6, 0, 5 ]
               - [ 33, 25, 1 ]
               - [ 20, 38, 5 ]
   -
      template_id: 3
      templates:
         -
            width: 78
            height: 83
            tl_x: 92
            tl_y: 106
            pyramid_level: 0
            features:
               - [ 56, 25, 5 ]
               - [ 3, 27, 7 ]
               - [ 76, 69, 6 ]
               - [ 31, 67, 6 ]
               - [ 70, 60, 7 ]
               - [ 51, 77, 4 ]
               - [ 69, 36, 6 ]
               - [ 45, 0, 4 ]
               - [ 39, 74, 5 ]
               - [ 11, 42, 7 ]
               - [ 68, 49, 0 ]
               - [ 21, 56, 6 ]
               - [ 26, 10, 6 ]
               - [ 16, 4, 5 ]
               - [ 51, 12, 1 ]
               - [ 76, 82, 2 ]
               - [ 64, 83, 5 ]
               - [ 0, 14, 0 ]
               - [ 36, 7, 0 ]
               - [ 1, 6, 1 ]
         -
            width: 39
            height: 41
            tl_x: 46
            tl_y: 53
            pyramid_level: 1
            features:
               - [ 16, 34, 6 ]
               - [ 9, 26, 6 ]
               - [ 10, 3, 5 ]
               - [ 31, 41, 5 ]
               - [ 29, 13, 5 ]
               - [ 35, 30, 7 ]
               - [ 3, 17, 7 ]
               - [ 22, 0, 4 ]
               - [ 23, 38, 4 ]
               - [ 39, 39, 1 ]
   -
      template_id: 4
      templates:
         -
            width: 82
            height: 80
            tl_x: 90
            tl_y: 106
            pyramid_level: 0
            features:
               - [ 55, 23, 5 ]
               - [ 73, 57, 7 ]
               - [ 3, 28, 7 ]
               - [ 57, 76, 4 ]
               - [ 37, 69, 6 ]
               - [ 46, 75, 5 ]
               - [ 68, 31, 6 ]
               - [ 79, 65, 6 ]
               - [ 42, 0, 4 ]
               - [ 68, 80, 5 ]
               - [ 14, 46, 6 ]
               - [ 11, 5, 4 ]
               - [ 30, 14, 5 ]
               - [ 22, 55, 6 ]
               - [ 50, 7, 0 ]
               - [ 82, 77, 1 ]
               - [ 71, 44, 1 ]
               - [ 48, 16, 2 ]
               - [ 0, 10, 1 ]
               - [ 22, 10, 5 ]
               - [ 9, 39, 7 ]
         -
            width: 41
            height: 40
            tl_x: 45
            tl_y: 53
            pyramid_level: 1
            features:
               - [ 7, 3, 5 ]
               - [ 28, 38, 4 ]
               - [ 32, 14, 6 ]
               - [ 19, 35, 6 ]
               - [ 37, 29, 7 ]
               - [ 8, 24, 6 ]
               - [ 25, 4, 0 ]
               - [ 41, 38, 1 ]
               - [ 36, 21, 1 ]
               - [ 18, 2, 1 ]
   -
      template_id: 5
      templates:
         -
            width: 88
            height: 78
            tl_x: 86
            tl_y: 106
            pyramid_level: 0
            features:
               - [ 6, 32, 7 ]
               - [ 87, 63, 6 ]
               - [ 33, 62, 6 ]
               - [ 57, 22, 5 ]
               - [ 78, 54, 7 ]
               - [ 41, 68, 5 ]
               - [ 18, 48, 6 ]
               - [ 24, 12, 5 ]
               - [ 67, 75, 4 ]
               - [ 55, 75, 4 ]
               - [ 42, 0, 4 ]
               - [ 72, 30, 6 ]
               - [ 13, 8, 4 ]
               - [ 88, 75, 1 ]
               - [ 51, 7, 7 ]
               - [ 36, 12, 7 ]
               - [ 75, 42, 0 ]
               - [ 1, 19, 0 ]
               - [ 26, 56, 6 ]
               - [ 76, 78, 5 ]
               - [ 49, 16, 2 ]
         -
            width: 44
            height: 39
            tl_x: 43
            tl_y: 53
            pyramid_level: 1
            features:
               - [ 22, 35, 5 ]
               - [ 12, 6, 5 ]
               - [ 10, 25, 6 ]
               - [ 38, 39, 5 ]
               - [ 31, 12, 5 ]
               - [ 39, 27, 7 ]
               - [ 31, 37, 4 ]
               - [ 38, 20, 0 ]
               - [ 25, 3, 7 ]
               - [ 6, 4, 4 ]
               - [ 44, 37, 1 ]
               - [ 18, 4, 0 ]
   -
      template_id: 6
      templates:
         -
            width: 94
