%YAML:1.0
---
class_id: "back0warp65.png"
pyramid_levels: 2
template_pyramids:
   -
      template_id: 0
      templates:
         -
            width: 93
            height: 118
            tl_x: 100
            tl_y: 102
            pyramid_level: 0
            features:
               - [ 47, 15, 1 ]
               - [ 4, 38, 1 ]
               - [ 4, 82, 7 ]
               - [ 16, 104, 6 ]
               - [ 12, 27, 2 ]
               - [ 1, 70, 0 ]
               - [ 65, 13, 1 ]
               - [ 87, 31, 6 ]
               - [ 87, 81, 6 ]
               - [ 38, 113, 4 ]
               - [ 62, 118, 5 ]
               - [ 58, 1, 3 ]
               - [ 35, 24, 5 ]
               - [ 84, 46, 1 ]
               - [ 80, 67, 0 ]
               - [ 83, 112, 2 ]
               - [ 93, 95, 1 ]
               - [ 52, 27, 3 ]
               - [ 67, 24, 4 ]
               - [ 49, 113, 4 ]
               - [ 27, 114, 4 ]
         -
            width: 46
            height: 59
            tl_x: 50
            tl_y: 51
            pyramid_level: 1
            features:
               - [ 2, 19, 1 ]
               - [ 9, 53, 6 ]
               - [ 44, 41, 6 ]
               - [ 2, 41, 7 ]
               - [ 29, 58, 5 ]
               - [ 24, 6, 1 ]
               - [ 40, 28, 1 ]
               - [ 43, 54, 1 ]
               - [ 43, 15, 6 ]
               - [ 13, 11, 4 ]
   -
      template_id: 1
      templates:
         -
            width: 96
            height: 118
            tl_x: 100
            tl_y: 100
            pyramid_level: 0
            features:
               - [ 43, 17, 1 ]
               - [ 3, 42, 1 ]
               - [ 1, 73, 0 ]
               - [ 6, 87, 7 ]
               - [ 12, 30, 2 ]
               - [ 13, 100, 7 ]
               - [ 59, 17, 2 ]
               - [ 55, 1, 3 ]
               - [ 50, 114, 4 ]
               - [ 34, 118, 4 ]
               - [ 81, 49, 1 ]
               - [ 82, 28, 5 ]
               - [ 36, 28, 5 ]
               - [ 91, 81, 6 ]
               - [ 63, 117, 5 ]
               - [ 82, 70, 7 ]
               - [ 96, 93, 1 ]
               - [ 85, 114, 2 ]
               - [ 49, 29, 3 ]
               - [ 68, 24, 4 ]
               - [ 23, 26, 4 ]
               - [ 0, 53, 0 ]
               - [ 87, 38, 2 ]
               - [ 91, 104, 1 ]
         -
            width: 48
            height: 59
            tl_x: 50
            tl_y: 50
            pyramid_level: 1
            features:
               - [ 22, 7, 1 ]
               - [ 2, 20, 1 ]
               - [ 8, 52, 6 ]
               - [ 2, 41, 7 ]
               - [ 30, 58, 5 ]
               - [ 35, 12, 4 ]
               - [ 40, 27, 0 ]
               - [ 46, 51, 1 ]
               - [ 45, 40, 6 ]
               - [ 12, 13, 4 ]
               - [ 17, 59, 4 ]
   -
      template_id: 2
      templates:
         -
            width: 98
            height: 117
            tl_x: 100
            tl_y: 102
            pyramid_level: 0
            features:
               - [ 2, 73, 7 ]
               - [ 39, 17, 0 ]
               - [ 1, 45, 1 ]
               - [ 88, 72, 6 ]
               - [ 39, 117, 4 ]
               - [ 56, 112, 4 ]
               - [ 22, 107, 6 ]
               - [ 55, 14, 1 ]
               - [ 9, 90, 7 ]
               - [ 44, 4, 2 ]
               - [ 82, 25, 6 ]
               - [ 70, 114, 5 ]
               - [ 58, 1, 0 ]
               - [ 17, 27, 3 ]
               - [ 81, 40, 1 ]
               - [ 91, 106, 1 ]
               - [ 98, 89, 1 ]
               - [ 0, 58, 0 ]
               - [ 66, 20, 4 ]
               - [ 81, 62, 7 ]
               - [ 46, 27, 3 ]
         -
            width: 49
            height: 58
            tl_x: 50
            tl_y: 51
            pyramid_level: 1
            features:
               - [ 3, 42, 7 ]
               - [ 13, 55, 6 ]
               - [ 24, 0, 2 ]
               - [ 0, 25, 0 ]
               - [ 47, 50, 1 ]
               - [ 35, 57, 5 ]
               - [ 41, 19, 1 ]
               - [ 44, 36, 6 ]
               - [ 7, 14, 3 ]
               - [ 33, 10, 4 ]
   -
      template_id: 3
      templates:
         -
            width: 100
            height: 113
            tl_x: 100
            tl_y: 106
            pyramid_level: 0
            features:
               - [ 4, 75, 7 ]
               - [ 0, 45, 0 ]
               - [ 90, 65, 5 ]
               - [ 60, 107, 4 ]
               - [ 5, 33, 2 ]
               - [ 11, 88, 6 ]
               - [ 25, 104, 6 ]
               - [ 52, 7, 1 ]
               - [ 36, 19, 7 ]
               - [ 39, 1, 1 ]
               - [ 80, 19, 5 ]
               - [ 45, 113, 4 ]
               - [ 17, 25, 3 ]
               - [ 76, 108, 4 ]
               - [ 79, 34, 1 ]
               - [ 93, 102, 1 ]
               - [ 0, 59, 0 ]
               - [ 81, 54, 7 ]
               - [ 100, 82, 0 ]
               - [ 61, 15, 3 ]
         -
            width: 50
            height: 56
            tl_x: 50
            tl_y: 53
            pyramid_level: 1
            features:
               - [ 0, 23, 0 ]
               - [ 46, 33, 5 ]
               - [ 14, 53, 6 ]
               - [ 37, 54, 4 ]
               - [ 18, 5, 0 ]
               - [ 5, 43, 7 ]
               - [ 49, 45, 1 ]
               - [ 40, 16, 1 ]
               - [ 29, 8, 3 ]
               - [ 28, 54, 3 ]
   -
      template_id: 4
      templates:
         -
            width: 104
            height: 116
            tl_x: 98
            tl_y: 104
            pyramid_level: 0
            features:
               - [ 8, 81, 7 ]
               - [ 34, 20, 0 ]
               - [ 92, 63, 5 ]
               - [ 1, 51, 0 ]
               - [ 16, 93, 6 ]
               - [ 35, 110, 5 ]
               - [ 74, 107, 4 ]
               - [ 78, 18, 5 ]
               - [ 50, 116, 3 ]
               - [ 48, 14, 1 ]
               - [ 36, 4, 1 ]
               - [ 16, 30, 3 ]
               - [ 50, 0, 0 ]
               - [ 2, 64, 0 ]
               - [ 79, 34, 0 ]
               - [ 99, 100, 1 ]
               - [ 65, 15, 4 ]
               - [ 103, 86, 0 ]
               - [ 5, 39, 1 ]
               - [ 83, 54, 7 ]
         -
            width: 52
            height: 58
            tl_x: 49
            tl_y: 52
            pyramid_level: 1
            features:
               - [ 16, 54, 5 ]
               - [ 17, 7, 0 ]
               - [ 1, 24, 0 ]
               - [ 52, 40, 0 ]
               - [ 6, 44, 7 ]
               - [ 30, 8, 3 ]
               - [ 33, 54, 3 ]
               - [ 44, 30, 6 ]
               - [ 40, 15, 1 ]
               - [ 8, 15, 3 ]
   -
      template_id: 5
      templates:
         -
            width: 106
            height: 119
            tl_x: 98
            tl_y: 100
            pyramid_level: 0
            features:
               - [ 10, 88, 7 ]
               - [ 31, 26, 7 ]
               - [ 71, 110, 3 ]
               - [ 92, 63, 5 ]
               - [ 1, 57, 0 ]
               - [ 36, 113, 5 ]
               - [ 73, 19, 5 ]
               - [ 56, 119, 3 ]
               - [ 45, 16, 1 ]
               - [ 31, 11, 1 ]
               - [ 19, 100, 6 ]
               - [ 14, 37, 3 ]
               - [ 77, 33, 0 ]
               - [ 3, 73, 7 ]
               - [ 44, 1, 7 ]
               - [ 86, 108, 4 ]
               - [ 102, 100, 1 ]
               - [ 106, 78, 0 ]
               - [ 79, 50, 7 ]
               - [ 60, 18, 4 ]
         -
            width: 53
            height: 59
            tl_x: 49
            tl_y: 50
            pyramid_level: 1
            features:
               - [ 47, 32, 5 ]
               - [ 19, 57, 5 ]
               - [ 15, 9, 0 ]
               - [ 1, 26, 1 ]
               - [ 34, 9, 4 ]
               - [ 8, 48, 6 ]
               - [ 32, 57, 2 ]
               - [ 52, 47, 1 ]
               - [ 39, 23, 7 ]
               - [ 43, 54, 4 ]
   -
      template_id: 6
      templates:
         -
            width: 107
