%YAML:1.0
---
class_id: "back0warp3.png"
pyramid_levels: 2
template_pyramids:
   -
      template_id: 0
      templates:
         -
            width: 74
            height: 88
            tl_x: 102
            tl_y: 100
            pyramid_level: 0
            features:
               - [ 54, 27, 5 ]
               - [ 14, 1, 5 ]
               - [ 26, 8, 6 ]
               - [ 73, 69, 6 ]
               - [ 46, 12, 5 ]
               - [ 39, 67, 6 ]
               - [ 58, 85, 6 ]
               - [ 0, 21, 7 ]
               - [ 25, 59, 5 ]
               - [ 3, 30, 7 ]
               - [ 12, 46, 7 ]
               - [ 62, 33, 6 ]
               - [ 1, 3, 2 ]
               - [ 65, 54, 7 ]
               - [ 52, 79, 6 ]
               - [ 68, 62, 7 ]
               - [ 69, 46, 3 ]
               - [ 72, 88, 3 ]
               - [ 33, 63, 5 ]
               - [ 19, 55, 6 ]
               - [ 67, 38, 6 ]
               - [ 45, 72, 6 ]
         -
            width: 37
            height: 44
            tl_x: 51
            tl_y: 50
            pyramid_level: 1
            features:
               - [ 0, 11, 7 ]
               - [ 10, 2, 5 ]
               - [ 6, 23, 7 ]
               - [ 29, 15, 6 ]
               - [ 37, 35, 6 ]
               - [ 14, 30, 5 ]
               - [ 33, 28, 7 ]
               - [ 30, 43, 5 ]
               - [ 23, 6, 5 ]
               - [ 3, 18, 7 ]
               - [ 14, 5, 6 ]
               - [ 19, 33, 6 ]
   -
      template_id: 1
      templates:
         -
            width: 80
            height: 81
            tl_x: 98
            tl_y: 104
            pyramid_level: 0
            features:
               - [ 79, 62, 6 ]
               - [ 29, 7, 5 ]
               - [ 45, 63, 5 ]
               - [ 66, 28, 6 ]
               - [ 19, 1, 5 ]
               - [ 7, 31, 7 ]
               - [ 55, 21, 5 ]
               - [ 2, 21, 7 ]
               - [ 15, 43, 6 ]
               - [ 23, 52, 6 ]
               - [ 33, 57, 5 ]
               - [ 71, 51, 7 ]
               - [ 58, 73, 6 ]
               - [ 67, 80, 5 ]
               - [ 49, 8, 5 ]
               - [ 1, 3, 1 ]
               - [ 73, 34, 6 ]
               - [ 80, 81, 3 ]
               - [ 70, 42, 1 ]
               - [ 0, 14, 0 ]
               - [ 54, 14, 1 ]
         -
            width: 40
            height: 40
            tl_x: 49
            tl_y: 52
            pyramid_level: 1
            features:
               - [ 14, 3, 5 ]
               - [ 33, 14, 6 ]
               - [ 27, 35, 6 ]
               - [ 5, 18, 6 ]
               - [ 1, 10, 7 ]
               - [ 20, 30, 5 ]
               - [ 13, 27, 5 ]
               - [ 37, 28, 6 ]
               - [ 24, 4, 5 ]
               - [ 8, 0, 5 ]
               - [ 32, 39, 6 ]
   -
      template_id: 2
      templates:
         -
            width: 93
            height: 76
            tl_x: 94
            tl_y: 106
            pyramid_level: 0
            features:
               - [ 65, 22, 5 ]
               - [ 15, 0, 5 ]
               - [ 18, 42, 6 ]
               - [ 87, 59, 6 ]
               - [ 53, 62, 5 ]
               - [ 1, 12, 0 ]
               - [ 75, 29, 6 ]
               - [ 28, 5, 5 ]
               - [ 57, 18, 5 ]
               - [ 30, 53, 5 ]
               - [ 68, 72, 6 ]
               - [ 51, 6, 5 ]
               - [ 4, 2, 2 ]
               - [ 45, 58, 5 ]
               - [ 10, 32, 6 ]
               - [ 75, 76, 5 ]
               - [ 5, 24, 7 ]
               - [ 75, 45, 7 ]
               - [ 93, 68, 1 ]
               - [ 59, 66, 6 ]
               - [ 74, 38, 1 ]
         -
            width: 46
            height: 38
            tl_x: 47
            tl_y: 53
            pyramid_level: 1
            features:
               - [ 13, 2, 5 ]
               - [ 42, 28, 6 ]
               - [ 9, 21, 6 ]
               - [ 28, 32, 5 ]
               - [ 34, 36, 6 ]
               - [ 34, 12, 5 ]
               - [ 2, 11, 7 ]
               - [ 19, 28, 5 ]
               - [ 1, 3, 1 ]
               - [ 38, 23, 7 ]
   -
      template_id: 3
      templates:
         -
            width: 97
            height: 72
            tl_x: 92
            tl_y: 108
            pyramid_level: 0
            features:
               - [ 27, 5, 5 ]
               - [ 77, 25, 5 ]
               - [ 59, 16, 5 ]
               - [ 56, 59, 5 ]
               - [ 1, 15, 7 ]
               - [ 14, 1, 4 ]
               - [ 35, 53, 5 ]
               - [ 5, 24, 7 ]
               - [ 74, 69, 5 ]
               - [ 19, 41, 6 ]
               - [ 90, 53, 6 ]
               - [ 48, 56, 5 ]
               - [ 51, 4, 4 ]
               - [ 77, 40, 7 ]
               - [ 13, 35, 6 ]
               - [ 1, 7, 1 ]
               - [ 43, 4, 3 ]
               - [ 97, 63, 1 ]
               - [ 92, 70, 2 ]
               - [ 66, 19, 5 ]
               - [ 81, 72, 5 ]
               - [ 76, 33, 1 ]
         -
            width: 48
            height: 36
            tl_x: 46
            tl_y: 54
            pyramid_level: 1
            features:
               - [ 31, 31, 5 ]
               - [ 11, 22, 6 ]
               - [ 24, 28, 5 ]
               - [ 43, 25, 6 ]
               - [ 9, 1, 5 ]
               - [ 32, 9, 5 ]
               - [ 38, 35, 5 ]
               - [ 47, 34, 2 ]
               - [ 24, 2, 4 ]
               - [ 15, 3, 5 ]
               - [ 16, 26, 5 ]
   -
      template_id: 4
      templates:
         -
            width: 101
            height: 65
            tl_x: 90
            tl_y: 112
            pyramid_level: 0
            features:
               - [ 65, 13, 5 ]
               - [ 26, 3, 5 ]
               - [ 64, 56, 5 ]
               - [ 94, 46, 5 ]
               - [ 23, 41, 6 ]
               - [ 1, 14, 7 ]
               - [ 78, 19, 5 ]
               - [ 44, 0, 3 ]
               - [ 6, 24, 6 ]
               - [ 56, 53, 5 ]
               - [ 38, 50, 5 ]
               - [ 82, 64, 5 ]
               - [ 1, 6, 1 ]
               - [ 79, 33, 6 ]
               - [ 12, 0, 4 ]
               - [ 91, 65, 4 ]
               - [ 101, 56, 1 ]
               - [ 19, 1, 5 ]
               - [ 58, 11, 5 ]
               - [ 11, 30, 6 ]
               - [ 51, 0, 4 ]
               - [ 88, 42, 5 ]
         -
            width: 50
            height: 32
            tl_x: 45
            tl_y: 56
            pyramid_level: 1
            features:
               - [ 26, 26, 4 ]
               - [ 34, 7, 5 ]
               - [ 11, 1, 5 ]
               - [ 44, 21, 6 ]
               - [ 12, 21, 6 ]
               - [ 19, 25, 5 ]
               - [ 3, 12, 6 ]
               - [ 39, 31, 5 ]
               - [ 23, 0, 4 ]
               - [ 32, 28, 5 ]
               - [ 7, 17, 6 ]
   -
      template_id: 5
      templates:
         -
            width: 104
            height: 62
            tl_x: 88
            tl_y: 112
            pyramid_level: 0
            features:
               - [ 66, 12, 5 ]
               - [ 24, 5, 5 ]
               - [ 77, 16, 5 ]
               - [ 66, 54, 5 ]
               - [ 48, 0, 4 ]
               - [ 40, 51, 5 ]
               - [ 86, 61, 5 ]
               - [ 32, 7, 5 ]
               - [ 91, 39, 5 ]
               - [ 31, 47, 5 ]
               - [ 55, 52, 4 ]
               - [ 22, 41, 6 ]
               - [ 5, 25, 6 ]
               - [ 82, 32, 6 ]
               - [ 56, 10, 4 ]
               - [ 75, 57, 5 ]
               - [ 1, 10, 1 ]
               - [ 94, 62, 4 ]
               - [ 102, 57, 2 ]
               - [ 47, 52, 4 ]
         -
            width: 52
            height: 31
            tl_x: 44
            tl_y: 56
            pyramid_level: 1
            features:
               - [ 33, 6, 5 ]
               - [ 9, 2, 4 ]
               - [ 39, 29, 5 ]
               - [ 28, 26, 4 ]
               - [ 9, 19, 6 ]
               - [ 48, 21, 5 ]
               - [ 19, 25, 5 ]
               - [ 23, 0, 4 ]
