%YAML:1.0
---
class_id: "back0warp30.png"
pyramid_levels: 2
template_pyramids:
   -
      template_id: 0
      templates:
         -
            width: 96
            height: 94
            tl_x: 102
            tl_y: 100
            pyramid_level: 0
            features:
               - [ 38, 15, 5 ]
               - [ 49, 12, 1 ]
               - [ 86, 22, 5 ]
               - [ 61, 1, 3 ]
               - [ 5, 23, 2 ]
               - [ 18, 14, 3 ]
               - [ 85, 53, 7 ]
               - [ 22, 88, 6 ]
               - [ 11, 76, 6 ]
               - [ 0, 33, 1 ]
               - [ 0, 55, 7 ]
               - [ 64, 93, 5 ]
               - [ 68, 17, 4 ]
               - [ 40, 89, 4 ]
               - [ 84, 41, 1 ]
               - [ 96, 65, 6 ]
               - [ 96, 81, 2 ]
               - [ 88, 92, 2 ]
               - [ 28, 13, 4 ]
               - [ 4, 65, 7 ]
               - [ 69, 7, 1 ]
               - [ 50, 89, 4 ]
               - [ 89, 32, 2 ]
         -
            width: 48
            height: 47
            tl_x: 51
            tl_y: 50
            pyramid_level: 1
            features:
               - [ 17, 7, 5 ]
               - [ 8, 41, 6 ]
               - [ 0, 27, 7 ]
               - [ 37, 9, 4 ]
               - [ 0, 16, 1 ]
               - [ 33, 47, 5 ]
               - [ 29, 1, 3 ]
               - [ 47, 42, 1 ]
               - [ 45, 30, 6 ]
               - [ 44, 17, 2 ]
               - [ 23, 44, 4 ]
   -
      template_id: 1
      templates:
         -
            width: 103
            height: 94
            tl_x: 100
            tl_y: 98
            pyramid_level: 0
            features:
               - [ 4, 30, 1 ]
               - [ 48, 13, 1 ]
               - [ 62, 1, 3 ]
               - [ 86, 21, 5 ]
               - [ 37, 18, 4 ]
               - [ 71, 18, 4 ]
               - [ 26, 17, 4 ]
               - [ 16, 19, 3 ]
               - [ 17, 83, 6 ]
               - [ 87, 51, 7 ]
               - [ 0, 44, 0 ]
               - [ 95, 60, 6 ]
               - [ 1, 54, 0 ]
               - [ 35, 94, 4 ]
               - [ 4, 64, 7 ]
               - [ 85, 40, 0 ]
               - [ 53, 91, 4 ]
               - [ 63, 92, 5 ]
               - [ 103, 73, 1 ]
               - [ 44, 92, 3 ]
               - [ 11, 76, 6 ]
               - [ 62, 14, 2 ]
               - [ 99, 82, 1 ]
         -
            width: 51
            height: 47
            tl_x: 50
            tl_y: 49
            pyramid_level: 1
            features:
               - [ 18, 9, 4 ]
               - [ 2, 15, 1 ]
               - [ 2, 32, 7 ]
               - [ 38, 9, 4 ]
               - [ 10, 43, 6 ]
               - [ 32, 46, 5 ]
               - [ 49, 31, 6 ]
               - [ 28, 2, 3 ]
               - [ 43, 19, 1 ]
               - [ 22, 46, 3 ]
   -
      template_id: 2
      templates:
         -
            width: 105
            height: 93
            tl_x: 100
            tl_y: 100
            pyramid_level: 0
            features:
               - [ 68, 14, 4 ]
               - [ 83, 16, 5 ]
               - [ 3, 31, 1 ]
               - [ 45, 11, 1 ]
               - [ 19, 83, 6 ]
               - [ 19, 18, 3 ]
               - [ 54, 0, 3 ]
               - [ 40, 93, 4 ]
               - [ 87, 46, 7 ]
               - [ 1, 55, 0 ]
               - [ 28, 90, 6 ]
               - [ 57, 88, 4 ]
               - [ 74, 90, 5 ]
               - [ 7, 69, 7 ]
               - [ 105, 66, 0 ]
               - [ 97, 55, 5 ]
               - [ 32, 17, 4 ]
               - [ 85, 31, 1 ]
               - [ 96, 86, 2 ]
               - [ 0, 41, 0 ]
               - [ 63, 5, 1 ]
         -
            width: 52
            height: 46
            tl_x: 50
            tl_y: 50
            pyramid_level: 1
            features:
               - [ 0, 21, 0 ]
               - [ 9, 41, 6 ]
               - [ 18, 9, 4 ]
               - [ 35, 7, 4 ]
               - [ 37, 45, 4 ]
               - [ 25, 45, 3 ]
               - [ 48, 27, 5 ]
               - [ 49, 41, 1 ]
               - [ 7, 10, 3 ]
               - [ 2, 32, 7 ]
   -
      template_id: 3
      templates:
         -
            width: 106
            height: 90
            tl_x: 100
            tl_y: 104
            pyramid_level: 0
            features:
               - [ 64, 9, 3 ]
               - [ 42, 6, 1 ]
               - [ 82, 10, 5 ]
               - [ 19, 16, 3 ]
               - [ 44, 90, 4 ]
               - [ 2, 31, 1 ]
               - [ 24, 83, 5 ]
               - [ 34, 15, 4 ]
               - [ 0, 49, 0 ]
               - [ 59, 84, 3 ]
               - [ 5, 63, 7 ]
               - [ 83, 31, 0 ]
               - [ 95, 46, 5 ]
               - [ 78, 84, 4 ]
               - [ 13, 74, 6 ]
               - [ 106, 59, 0 ]
               - [ 99, 78, 2 ]
               - [ 48, 15, 3 ]
               - [ 59, 1, 1 ]
               - [ 7, 23, 2 ]
               - [ 84, 22, 1 ]
               - [ 0, 40, 0 ]
         -
            width: 53
            height: 45
            tl_x: 50
            tl_y: 52
            pyramid_level: 1
            features:
               - [ 13, 42, 5 ]
               - [ 0, 19, 0 ]
               - [ 30, 42, 3 ]
               - [ 5, 35, 6 ]
               - [ 10, 8, 3 ]
               - [ 48, 23, 5 ]
               - [ 36, 4, 4 ]
               - [ 52, 33, 1 ]
               - [ 39, 42, 4 ]
               - [ 42, 11, 1 ]
   -
      template_id: 4
      templates:
         -
            width: 107
            height: 95
            tl_x: 100
            tl_y: 100
            pyramid_level: 0
            features:
               - [ 61, 12, 3 ]
               - [ 63, 87, 3 ]
               - [ 1, 39, 1 ]
               - [ 29, 21, 4 ]
               - [ 77, 11, 5 ]
               - [ 25, 88, 5 ]
               - [ 17, 23, 3 ]
               - [ 39, 10, 1 ]
               - [ 39, 95, 5 ]
               - [ 3, 64, 7 ]
               - [ 46, 0, 2 ]
               - [ 87, 41, 6 ]
               - [ 81, 29, 0 ]
               - [ 15, 80, 6 ]
               - [ 100, 48, 5 ]
               - [ 107, 59, 0 ]
               - [ 102, 77, 1 ]
               - [ 80, 85, 4 ]
               - [ 0, 50, 0 ]
               - [ 44, 20, 3 ]
         -
            width: 53
            height: 47
            tl_x: 50
            tl_y: 50
            pyramid_level: 1
            features:
               - [ 34, 43, 4 ]
               - [ 11, 11, 4 ]
               - [ 0, 22, 0 ]
               - [ 11, 43, 6 ]
               - [ 52, 36, 1 ]
               - [ 22, 1, 2 ]
               - [ 50, 24, 5 ]
               - [ 41, 12, 1 ]
               - [ 31, 6, 3 ]
               - [ 24, 47, 3 ]
   -
      template_id: 5
      templates:
         -
            width: 107
            height: 96
            tl_x: 100
            tl_y: 100
            pyramid_level: 0
            features:
               - [ 59, 11, 3 ]
               - [ 74, 9, 4 ]
               - [ 15, 26, 3 ]
               - [ 51, 95, 3 ]
               - [ 27, 23, 4 ]
               - [ 0, 45, 0 ]
               - [ 31, 91, 5 ]
               - [ 66, 86, 3 ]
               - [ 1, 61, 7 ]
               - [ 38, 5, 1 ]
               - [ 80, 29, 7 ]
               - [ 81, 83, 4 ]
               - [ 16, 82, 6 ]
               - [ 94, 42, 5 ]
               - [ 7, 72, 6 ]
               - [ 107, 60, 0 ]
               - [ 104, 73, 1 ]
               - [ 51, 0, 7 ]
               - [ 43, 20, 3 ]
               - [ 4, 35, 2 ]
               - [ 41, 95, 5 ]
               - [ 80, 19, 1 ]
         -
            width: 53
            height: 48
            tl_x: 50
            tl_y: 50
            pyramid_level: 1
            features:
               - [ 11, 12, 3 ]
               - [ 37, 42, 4 ]
               - [ 47, 21, 5 ]
               - [ 0, 27, 0 ]
               - [ 11, 43, 6 ]
               - [ 31, 5, 3 ]
               - [ 40, 10, 1 ]
               - [ 53, 33, 1 ]
