%YAML:1.0
---
class_id: "back0warp119.png"
pyramid_levels: 2
template_pyramids:
   -
      template_id: 0
      templates:
         -
            width: 73
            height: 97
            tl_x: 100
            tl_y: 100
            pyramid_level: 0
            features:
               - [ 11, 67, 7 ]
               - [ 4, 51, 7 ]
               - [ 73, 39, 7 ]
               - [ 20, 81, 6 ]
               - [ 69, 74, 7 ]
               - [ 69, 95, 2 ]
               - [ 31, 12, 5 ]
               - [ 68, 57, 1 ]
               - [ 31, 91, 5 ]
               - [ 43, 13, 1 ]
               - [ 62, 28, 5 ]
               - [ 52, 97, 5 ]
               - [ 1, 38, 7 ]
               - [ 59, 16, 1 ]
               - [ 2, 16, 1 ]
               - [ 18, 5, 4 ]
               - [ 48, 3, 2 ]
               - [ 60, 1, 5 ]
               - [ 46, 24, 5 ]
               - [ 43, 92, 5 ]
         -
            width: 36
            height: 48
            tl_x: 50
            tl_y: 50
            pyramid_level: 1
            features:
               - [ 3, 28, 7 ]
               - [ 34, 35, 7 ]
               - [ 12, 43, 6 ]
               - [ 14, 5, 6 ]
               - [ 35, 47, 2 ]
               - [ 25, 48, 5 ]
               - [ 36, 19, 7 ]
               - [ 1, 9, 1 ]
               - [ 30, 6, 1 ]
               - [ 22, 5, 1 ]
   -
      template_id: 1
      templates:
         -
            width: 76
            height: 94
            tl_x: 98
            tl_y: 100
            pyramid_level: 0
            features:
               - [ 6, 53, 7 ]
               - [ 28, 86, 6 ]
               - [ 74, 73, 7 ]
               - [ 74, 36, 7 ]
               - [ 62, 26, 5 ]
               - [ 11, 63, 7 ]
               - [ 2, 41, 7 ]
               - [ 17, 73, 6 ]
               - [ 55, 94, 5 ]
               - [ 70, 61, 7 ]
               - [ 75, 92, 1 ]
               - [ 36, 17, 6 ]
               - [ 44, 91, 4 ]
               - [ 60, 4, 0 ]
               - [ 25, 10, 5 ]
               - [ 2, 17, 1 ]
               - [ 0, 28, 0 ]
               - [ 49, 0, 3 ]
               - [ 75, 46, 2 ]
               - [ 58, 14, 1 ]
         -
            width: 38
            height: 47
            tl_x: 49
            tl_y: 50
            pyramid_level: 1
            features:
               - [ 14, 43, 6 ]
               - [ 38, 45, 1 ]
               - [ 5, 31, 7 ]
               - [ 14, 6, 5 ]
               - [ 27, 47, 5 ]
               - [ 31, 13, 5 ]
               - [ 36, 34, 7 ]
               - [ 1, 9, 1 ]
               - [ 36, 25, 1 ]
               - [ 30, 4, 0 ]
   -
      template_id: 2
      templates:
         -
            width: 82
            height: 96
            tl_x: 96
            tl_y: 98
            pyramid_level: 0
            features:
               - [ 32, 88, 6 ]
               - [ 10, 61, 7 ]
               - [ 2, 43, 7 ]
               - [ 78, 72, 6 ]
               - [ 76, 37, 6 ]
               - [ 17, 72, 6 ]
               - [ 81, 90, 1 ]
               - [ 47, 93, 4 ]
               - [ 65, 96, 5 ]
               - [ 73, 61, 7 ]
               - [ 34, 19, 5 ]
               - [ 57, 25, 4 ]
               - [ 22, 13, 5 ]
               - [ 41, 11, 0 ]
               - [ 58, 6, 0 ]
               - [ 1, 24, 0 ]
               - [ 74, 49, 1 ]
               - [ 10, 12, 3 ]
               - [ 56, 93, 5 ]
               - [ 69, 30, 5 ]
               - [ 56, 16, 1 ]
               - [ 1, 34, 0 ]
               - [ 51, 0, 3 ]
         -
            width: 41
            height: 48
            tl_x: 48
            tl_y: 49
            pyramid_level: 1
            features:
               - [ 15, 43, 6 ]
               - [ 37, 32, 7 ]
               - [ 32, 48, 5 ]
               - [ 7, 34, 6 ]
               - [ 2, 24, 7 ]
               - [ 12, 7, 5 ]
               - [ 30, 13, 5 ]
               - [ 1, 10, 1 ]
               - [ 41, 44, 1 ]
               - [ 29, 4, 0 ]
   -
      template_id: 3
      templates:
         -
            width: 86
            height: 94
            tl_x: 94
            tl_y: 98
            pyramid_level: 0
            features:
               - [ 4, 48, 7 ]
               - [ 13, 64, 7 ]
               - [ 32, 85, 6 ]
               - [ 39, 14, 0 ]
               - [ 76, 59, 7 ]
               - [ 55, 92, 3 ]
               - [ 86, 86, 1 ]
               - [ 67, 93, 5 ]
               - [ 22, 75, 6 ]
               - [ 42, 92, 5 ]
               - [ 27, 17, 5 ]
               - [ 83, 70, 6 ]
               - [ 63, 25, 5 ]
               - [ 55, 14, 1 ]
               - [ 77, 43, 1 ]
               - [ 47, 0, 3 ]
               - [ 12, 14, 4 ]
               - [ 1, 25, 0 ]
               - [ 46, 25, 4 ]
               - [ 1, 37, 7 ]
         -
            width: 43
            height: 47
            tl_x: 47
            tl_y: 49
            pyramid_level: 1
            features:
               - [ 17, 43, 6 ]
               - [ 8, 34, 6 ]
               - [ 12, 8, 5 ]
               - [ 43, 43, 1 ]
               - [ 27, 46, 4 ]
               - [ 39, 32, 7 ]
               - [ 36, 15, 6 ]
               - [ 28, 4, 0 ]
               - [ 1, 11, 1 ]
               - [ 35, 47, 5 ]
               - [ 38, 23, 1 ]
               - [ 20, 4, 1 ]
   -
      template_id: 4
      templates:
         -
            width: 91
            height: 93
            tl_x: 92
            tl_y: 98
            pyramid_level: 0
            features:
               - [ 5, 50, 7 ]
               - [ 53, 93, 4 ]
               - [ 17, 68, 6 ]
               - [ 91, 82, 1 ]
               - [ 59, 23, 4 ]
               - [ 39, 87, 5 ]
               - [ 27, 78, 6 ]
               - [ 79, 57, 7 ]
               - [ 88, 68, 6 ]
               - [ 38, 17, 7 ]
               - [ 66, 90, 4 ]
               - [ 78, 92, 5 ]
               - [ 23, 18, 5 ]
               - [ 75, 30, 6 ]
               - [ 77, 44, 0 ]
               - [ 1, 38, 0 ]
               - [ 54, 12, 0 ]
               - [ 44, 0, 3 ]
               - [ 10, 17, 3 ]
               - [ 11, 60, 7 ]
               - [ 45, 25, 4 ]
         -
            width: 45
            height: 46
            tl_x: 46
            tl_y: 49
            pyramid_level: 1
            features:
               - [ 7, 32, 6 ]
               - [ 22, 45, 5 ]
               - [ 32, 45, 4 ]
               - [ 32, 12, 5 ]
               - [ 45, 42, 1 ]
               - [ 12, 9, 5 ]
               - [ 39, 28, 7 ]
               - [ 0, 16, 0 ]
               - [ 27, 4, 0 ]
               - [ 19, 5, 0 ]
               - [ 4, 9, 3 ]
   -
      template_id: 5
      templates:
         -
            width: 96
            height: 90
            tl_x: 90
            tl_y: 100
            pyramid_level: 0
            features:
               - [ 47, 87, 5 ]
               - [ 78, 43, 0 ]
               - [ 94, 81, 1 ]
               - [ 21, 69, 6 ]
               - [ 8, 53, 7 ]
               - [ 89, 61, 6 ]
               - [ 32, 78, 6 ]
               - [ 77, 27, 6 ]
               - [ 71, 86, 4 ]
               - [ 58, 20, 4 ]
               - [ 83, 87, 5 ]
               - [ 59, 90, 4 ]
               - [ 37, 16, 7 ]
               - [ 3, 43, 7 ]
               - [ 22, 18, 5 ]
               - [ 51, 1, 7 ]
               - [ 38, 2, 1 ]
               - [ 10, 18, 3 ]
               - [ 1, 28, 0 ]
               - [ 96, 69, 0 ]
               - [ 45, 23, 4 ]
         -
            width: 48
            height: 45
            tl_x: 45
            tl_y: 50
            pyramid_level: 1
            features:
               - [ 11, 9, 4 ]
               - [ 16, 39, 6 ]
               - [ 9, 33, 6 ]
               - [ 44, 30, 6 ]
               - [ 38, 43, 4 ]
               - [ 39, 21, 0 ]
               - [ 30, 10, 4 ]
               - [ 47, 40, 1 ]
               - [ 29, 45, 4 ]
               - [ 26, 3, 0 ]
               - [ 18, 5, 0 ]
   -
      template_id: 6
      templates:
         -
