%YAML:1.0
---
class_id: "back0warp138.png"
pyramid_levels: 2
template_pyramids:
   -
      template_id: 0
      templates:
         -
            width: 93
            height: 80
            tl_x: 102
            tl_y: 100
            pyramid_level: 0
            features:
               - [ 44, 80, 3 ]
               - [ 73, 78, 3 ]
               - [ 18, 79, 5 ]
               - [ 58, 8, 2 ]
               - [ 88, 23, 5 ]
               - [ 83, 43, 1 ]
               - [ 87, 57, 5 ]
               - [ 77, 22, 4 ]
               - [ 3, 67, 6 ]
               - [ 3, 39, 2 ]
               - [ 48, 21, 1 ]
               - [ 88, 67, 2 ]
               - [ 71, 1, 3 ]
               - [ 25, 28, 4 ]
               - [ 93, 32, 2 ]
               - [ 66, 24, 3 ]
               - [ 56, 79, 4 ]
               - [ 35, 28, 4 ]
               - [ 72, 12, 2 ]
               - [ 81, 73, 2 ]
               - [ 10, 74, 6 ]
               - [ 10, 33, 3 ]
               - [ 55, 28, 3 ]
         -
            width: 46
            height: 40
            tl_x: 51
            tl_y: 50
            pyramid_level: 1
            features:
               - [ 41, 36, 2 ]
               - [ 22, 40, 3 ]
               - [ 10, 40, 5 ]
               - [ 18, 14, 4 ]
               - [ 29, 4, 2 ]
               - [ 6, 16, 3 ]
               - [ 44, 18, 2 ]
               - [ 32, 40, 4 ]
               - [ 0, 31, 7 ]
               - [ 0, 22, 1 ]
               - [ 43, 28, 6 ]
   -
      template_id: 1
      templates:
         -
            width: 92
            height: 85
            tl_x: 102
            tl_y: 98
            pyramid_level: 0
            features:
               - [ 73, 79, 3 ]
               - [ 48, 82, 3 ]
               - [ 90, 65, 2 ]
               - [ 59, 6, 3 ]
               - [ 69, 23, 3 ]
               - [ 83, 42, 1 ]
               - [ 26, 85, 5 ]
               - [ 47, 21, 1 ]
               - [ 16, 81, 5 ]
               - [ 62, 80, 4 ]
               - [ 92, 30, 2 ]
               - [ 24, 32, 3 ]
               - [ 3, 45, 1 ]
               - [ 36, 31, 4 ]
               - [ 82, 21, 4 ]
               - [ 13, 36, 3 ]
               - [ 2, 68, 7 ]
               - [ 71, 8, 1 ]
               - [ 87, 55, 5 ]
               - [ 67, 1, 3 ]
               - [ 80, 75, 2 ]
         -
            width: 46
            height: 42
            tl_x: 51
            tl_y: 49
            pyramid_level: 1
            features:
               - [ 33, 40, 4 ]
               - [ 12, 42, 5 ]
               - [ 13, 16, 4 ]
               - [ 28, 4, 2 ]
               - [ 44, 17, 2 ]
               - [ 0, 26, 1 ]
               - [ 43, 27, 6 ]
               - [ 24, 41, 3 ]
               - [ 42, 36, 2 ]
               - [ 37, 11, 4 ]
   -
      template_id: 2
      templates:
         -
            width: 89
            height: 89
            tl_x: 102
            tl_y: 96
            pyramid_level: 0
            features:
               - [ 51, 84, 3 ]
               - [ 79, 77, 3 ]
               - [ 56, 7, 2 ]
               - [ 89, 67, 2 ]
               - [ 71, 22, 3 ]
               - [ 20, 37, 3 ]
               - [ 32, 89, 4 ]
               - [ 16, 84, 5 ]
               - [ 89, 54, 5 ]
               - [ 64, 81, 4 ]
               - [ 45, 23, 1 ]
               - [ 5, 48, 2 ]
               - [ 88, 21, 5 ]
               - [ 83, 40, 1 ]
               - [ 37, 34, 4 ]
               - [ 4, 73, 6 ]
               - [ 67, 11, 1 ]
               - [ 53, 31, 3 ]
               - [ 64, 1, 3 ]
               - [ 89, 30, 2 ]
               - [ 1, 57, 1 ]
         -
            width: 44
            height: 44
            tl_x: 51
            tl_y: 48
            pyramid_level: 1
            features:
               - [ 35, 40, 4 ]
               - [ 18, 17, 4 ]
               - [ 44, 34, 2 ]
               - [ 8, 42, 5 ]
               - [ 26, 42, 3 ]
               - [ 40, 10, 4 ]
               - [ 2, 25, 1 ]
               - [ 24, 8, 1 ]
               - [ 41, 22, 0 ]
               - [ 33, 6, 1 ]
   -
      template_id: 3
      templates:
         -
            width: 88
            height: 90
            tl_x: 106
            tl_y: 96
            pyramid_level: 0
            features:
               - [ 73, 77, 3 ]
               - [ 54, 82, 3 ]
               - [ 88, 61, 1 ]
               - [ 29, 90, 4 ]
               - [ 65, 20, 3 ]
               - [ 17, 39, 3 ]
               - [ 49, 6, 2 ]
               - [ 81, 71, 2 ]
               - [ 17, 87, 5 ]
               - [ 36, 34, 3 ]
               - [ 1, 52, 1 ]
               - [ 80, 32, 1 ]
               - [ 79, 17, 4 ]
               - [ 39, 23, 0 ]
               - [ 0, 73, 7 ]
               - [ 85, 50, 5 ]
               - [ 59, 12, 1 ]
               - [ 43, 13, 2 ]
               - [ 85, 24, 2 ]
               - [ 56, 0, 3 ]
               - [ 45, 32, 3 ]
         -
            width: 44
            height: 45
            tl_x: 53
            tl_y: 48
            pyramid_level: 1
            features:
               - [ 34, 39, 3 ]
               - [ 14, 45, 4 ]
               - [ 43, 32, 1 ]
               - [ 10, 19, 3 ]
               - [ 22, 6, 1 ]
               - [ 36, 9, 4 ]
               - [ 4, 41, 6 ]
               - [ 40, 16, 1 ]
               - [ 3, 23, 2 ]
               - [ 27, 41, 3 ]
               - [ 30, 5, 1 ]
               - [ 42, 25, 5 ]
   -
      template_id: 4
      templates:
         -
            width: 91
            height: 87
            tl_x: 106
            tl_y: 100
            pyramid_level: 0
            features:
               - [ 76, 70, 3 ]
               - [ 15, 38, 3 ]
               - [ 57, 77, 3 ]
               - [ 61, 15, 3 ]
               - [ 20, 85, 5 ]
               - [ 30, 87, 4 ]
               - [ 45, 2, 2 ]
               - [ 91, 49, 1 ]
               - [ 86, 59, 1 ]
               - [ 77, 10, 4 ]
               - [ 34, 31, 3 ]
               - [ 3, 73, 7 ]
               - [ 79, 24, 1 ]
               - [ 2, 51, 1 ]
               - [ 83, 42, 5 ]
               - [ 38, 15, 1 ]
               - [ 57, 1, 0 ]
               - [ 44, 28, 3 ]
               - [ 49, 82, 2 ]
               - [ 11, 81, 5 ]
               - [ 77, 33, 0 ]
         -
            width: 45
            height: 43
            tl_x: 53
            tl_y: 50
            pyramid_level: 1
            features:
               - [ 35, 36, 3 ]
               - [ 15, 16, 3 ]
               - [ 44, 28, 1 ]
               - [ 40, 11, 1 ]
               - [ 12, 43, 5 ]
               - [ 20, 5, 1 ]
               - [ 6, 20, 2 ]
               - [ 0, 31, 0 ]
               - [ 28, 3, 1 ]
               - [ 5, 40, 6 ]
               - [ 42, 21, 5 ]
   -
      template_id: 5
      templates:
         -
            width: 89
            height: 94
            tl_x: 108
            tl_y: 94
            pyramid_level: 0
            features:
               - [ 75, 74, 3 ]
               - [ 89, 52, 1 ]
               - [ 12, 47, 3 ]
               - [ 57, 82, 3 ]
               - [ 56, 20, 3 ]
               - [ 1, 61, 1 ]
               - [ 31, 94, 4 ]
               - [ 83, 66, 1 ]
               - [ 39, 9, 2 ]
               - [ 31, 38, 3 ]
               - [ 75, 29, 1 ]
               - [ 68, 14, 3 ]
               - [ 34, 20, 1 ]
               - [ 4, 83, 6 ]
               - [ 13, 90, 5 ]
               - [ 51, 11, 0 ]
               - [ 77, 42, 6 ]
               - [ 45, 1, 2 ]
               - [ 42, 33, 2 ]
               - [ 22, 93, 4 ]
               - [ 0, 74, 7 ]
         -
            width: 44
            height: 47
            tl_x: 54
            tl_y: 47
            pyramid_level: 1
            features:
               - [ 43, 30, 1 ]
               - [ 35, 38, 3 ]
               - [ 38, 13, 1 ]
               - [ 14, 47, 4 ]
               - [ 18, 7, 1 ]
               - [ 13, 20, 3 ]
               - [ 0, 33, 0 ]
               - [ 5, 44, 6 ]
