%YAML:1.0
---
class_id: "back0warp2.png"
pyramid_levels: 2
template_pyramids:
   -
      template_id: 0
      templates:
         -
            width: 66
            height: 94
            tl_x: 100
            tl_y: 102
            pyramid_level: 0
            features:
               - [ 36, 72, 6 ]
               - [ 58, 67, 7 ]
               - [ 65, 80, 7 ]
               - [ 11, 44, 7 ]
               - [ 15, 52, 7 ]
               - [ 15, 1, 5 ]
               - [ 5, 31, 7 ]
               - [ 1, 2, 1 ]
               - [ 56, 42, 6 ]
               - [ 1, 18, 7 ]
               - [ 39, 15, 5 ]
               - [ 25, 11, 6 ]
               - [ 26, 62, 6 ]
               - [ 43, 81, 6 ]
               - [ 47, 32, 6 ]
               - [ 54, 94, 5 ]
               - [ 66, 93, 2 ]
               - [ 58, 53, 3 ]
               - [ 33, 22, 6 ]
               - [ 56, 60, 7 ]
               - [ 49, 89, 6 ]
         -
            width: 33
            height: 47
            tl_x: 50
            tl_y: 51
            pyramid_level: 1
            features:
               - [ 18, 36, 6 ]
               - [ 6, 23, 7 ]
               - [ 12, 5, 6 ]
               - [ 2, 14, 7 ]
               - [ 32, 39, 7 ]
               - [ 27, 20, 6 ]
               - [ 24, 44, 6 ]
               - [ 32, 47, 3 ]
               - [ 21, 8, 6 ]
               - [ 13, 31, 6 ]
   -
      template_id: 1
      templates:
         -
            width: 74
            height: 90
            tl_x: 96
            tl_y: 104
            pyramid_level: 0
            features:
               - [ 15, 1, 5 ]
               - [ 66, 67, 7 ]
               - [ 16, 46, 7 ]
               - [ 28, 12, 6 ]
               - [ 39, 67, 6 ]
               - [ 24, 56, 6 ]
               - [ 74, 78, 6 ]
               - [ 61, 56, 7 ]
               - [ 50, 78, 6 ]
               - [ 10, 36, 7 ]
               - [ 1, 3, 1 ]
               - [ 4, 23, 7 ]
               - [ 64, 44, 6 ]
               - [ 50, 29, 6 ]
               - [ 38, 12, 4 ]
               - [ 62, 90, 5 ]
               - [ 57, 36, 6 ]
               - [ 74, 88, 2 ]
               - [ 36, 21, 5 ]
               - [ 30, 60, 5 ]
               - [ 44, 72, 6 ]
         -
            width: 37
            height: 45
            tl_x: 48
            tl_y: 52
            pyramid_level: 1
            features:
               - [ 5, 18, 7 ]
               - [ 25, 39, 6 ]
               - [ 12, 28, 6 ]
               - [ 34, 35, 6 ]
               - [ 19, 33, 6 ]
               - [ 27, 16, 6 ]
               - [ 13, 5, 6 ]
               - [ 35, 45, 3 ]
               - [ 31, 25, 1 ]
               - [ 2, 11, 7 ]
               - [ 20, 6, 5 ]
   -
      template_id: 2
      templates:
         -
            width: 79
            height: 83
            tl_x: 94
            tl_y: 108
            pyramid_level: 0
            features:
               - [ 45, 64, 6 ]
               - [ 18, 2, 6 ]
               - [ 70, 61, 6 ]
               - [ 52, 25, 6 ]
               - [ 28, 54, 5 ]
               - [ 27, 9, 6 ]
               - [ 18, 44, 6 ]
               - [ 11, 34, 6 ]
               - [ 56, 74, 6 ]
               - [ 62, 34, 6 ]
               - [ 2, 17, 7 ]
               - [ 64, 50, 7 ]
               - [ 41, 9, 5 ]
               - [ 66, 83, 5 ]
               - [ 79, 71, 6 ]
               - [ 0, 1, 1 ]
               - [ 79, 81, 2 ]
               - [ 35, 17, 5 ]
               - [ 38, 59, 5 ]
               - [ 7, 27, 7 ]
         -
            width: 39
            height: 41
            tl_x: 47
            tl_y: 54
            pyramid_level: 1
            features:
               - [ 18, 29, 5 ]
               - [ 34, 29, 7 ]
               - [ 7, 0, 5 ]
               - [ 9, 22, 6 ]
               - [ 29, 15, 6 ]
               - [ 28, 37, 6 ]
               - [ 3, 13, 7 ]
               - [ 39, 41, 2 ]
               - [ 20, 4, 5 ]
               - [ 38, 34, 6 ]
   -
      template_id: 3
      templates:
         -
            width: 87
            height: 80
            tl_x: 90
            tl_y: 108
            pyramid_level: 0
            features:
               - [ 50, 63, 5 ]
               - [ 20, 5, 5 ]
               - [ 24, 48, 6 ]
               - [ 56, 25, 5 ]
               - [ 32, 54, 5 ]
               - [ 59, 70, 6 ]
               - [ 69, 49, 7 ]
               - [ 29, 11, 5 ]
               - [ 13, 35, 6 ]
               - [ 42, 9, 5 ]
               - [ 69, 35, 6 ]
               - [ 77, 60, 6 ]
               - [ 3, 18, 7 ]
               - [ 0, 7, 0 ]
               - [ 73, 80, 5 ]
               - [ 87, 77, 1 ]
               - [ 41, 58, 5 ]
               - [ 11, 1, 5 ]
               - [ 36, 17, 5 ]
               - [ 7, 26, 7 ]
         -
            width: 43
            height: 40
            tl_x: 45
            tl_y: 54
            pyramid_level: 1
            features:
               - [ 27, 33, 6 ]
               - [ 16, 27, 5 ]
               - [ 7, 1, 5 ]
               - [ 7, 18, 6 ]
               - [ 30, 14, 6 ]
               - [ 37, 28, 6 ]
               - [ 35, 39, 5 ]
               - [ 43, 39, 2 ]
               - [ 20, 4, 4 ]
               - [ 11, 23, 6 ]
   -
      template_id: 4
      templates:
         -
            width: 94
            height: 73
            tl_x: 86
            tl_y: 112
            pyramid_level: 0
            features:
               - [ 57, 59, 5 ]
               - [ 36, 51, 5 ]
               - [ 18, 2, 5 ]
               - [ 71, 28, 6 ]
               - [ 56, 19, 5 ]
               - [ 30, 8, 5 ]
               - [ 46, 6, 5 ]
               - [ 68, 66, 5 ]
               - [ 75, 45, 6 ]
               - [ 19, 36, 6 ]
               - [ 85, 55, 6 ]
               - [ 45, 54, 5 ]
               - [ 25, 42, 6 ]
               - [ 79, 73, 5 ]
               - [ 12, 28, 6 ]
               - [ 1, 6, 0 ]
               - [ 94, 69, 1 ]
               - [ 72, 36, 1 ]
               - [ 39, 14, 5 ]
               - [ 30, 47, 6 ]
               - [ 65, 24, 5 ]
               - [ 11, 0, 4 ]
         -
            width: 47
            height: 36
            tl_x: 43
            tl_y: 56
            pyramid_level: 1
            features:
               - [ 29, 30, 5 ]
               - [ 11, 2, 5 ]
               - [ 29, 10, 5 ]
               - [ 42, 27, 6 ]
               - [ 20, 26, 5 ]
               - [ 6, 14, 6 ]
               - [ 37, 35, 5 ]
               - [ 13, 22, 6 ]
               - [ 34, 13, 6 ]
               - [ 38, 23, 6 ]
               - [ 6, 0, 4 ]
               - [ 9, 18, 6 ]
   -
      template_id: 5
      templates:
         -
            width: 98
            height: 69
            tl_x: 84
            tl_y: 114
            pyramid_level: 0
            features:
               - [ 18, 3, 5 ]
               - [ 66, 59, 5 ]
               - [ 40, 50, 5 ]
               - [ 65, 20, 5 ]
               - [ 77, 40, 6 ]
               - [ 30, 8, 5 ]
               - [ 43, 4, 4 ]
               - [ 15, 31, 6 ]
               - [ 89, 50, 6 ]
               - [ 7, 22, 6 ]
               - [ 26, 41, 6 ]
               - [ 76, 64, 5 ]
               - [ 52, 53, 5 ]
               - [ 1, 9, 0 ]
               - [ 86, 69, 5 ]
               - [ 98, 64, 1 ]
               - [ 56, 16, 5 ]
               - [ 9, 1, 4 ]
               - [ 74, 31, 1 ]
               - [ 39, 13, 5 ]
         -
            width: 49
            height: 34
            tl_x: 42
            tl_y: 57
            pyramid_level: 1
            features:
               - [ 32, 29, 5 ]
               - [ 20, 25, 5 ]
               - [ 7, 1, 4 ]
               - [ 42, 34, 5 ]
               - [ 30, 9, 5 ]
               - [ 10, 18, 6 ]
               - [ 43, 24, 6 ]
               - [ 38, 19, 7 ]
               - [ 21, 2, 4 ]
               - [ 13, 3, 5 ]
   -
      template_id: 6
      templates:
         -
            width: 102
            height: 62
            tl_x: 82
