%YAML:1.0
---
class_id: "back0warp137.png"
pyramid_levels: 2
template_pyramids:
   -
      template_id: 0
      templates:
         -
            width: 89
            height: 83
            tl_x: 102
            tl_y: 104
            pyramid_level: 0
            features:
               - [ 36, 83, 3 ]
               - [ 67, 76, 3 ]
               - [ 47, 79, 3 ]
               - [ 86, 59, 2 ]
               - [ 69, 19, 3 ]
               - [ 18, 83, 5 ]
               - [ 21, 32, 3 ]
               - [ 79, 38, 1 ]
               - [ 46, 19, 1 ]
               - [ 77, 69, 2 ]
               - [ 11, 37, 2 ]
               - [ 8, 78, 6 ]
               - [ 54, 7, 2 ]
               - [ 63, 0, 3 ]
               - [ 2, 46, 1 ]
               - [ 89, 25, 2 ]
               - [ 0, 68, 7 ]
               - [ 41, 29, 4 ]
               - [ 68, 9, 1 ]
               - [ 31, 30, 4 ]
         -
            width: 44
            height: 41
            tl_x: 51
            tl_y: 52
            pyramid_level: 1
            features:
               - [ 28, 39, 4 ]
               - [ 17, 15, 4 ]
               - [ 38, 35, 2 ]
               - [ 19, 41, 3 ]
               - [ 3, 38, 6 ]
               - [ 29, 2, 2 ]
               - [ 5, 19, 2 ]
               - [ 37, 9, 4 ]
               - [ 40, 18, 1 ]
               - [ 0, 25, 1 ]
   -
      template_id: 1
      templates:
         -
            width: 88
            height: 86
            tl_x: 102
            tl_y: 100
            pyramid_level: 0
            features:
               - [ 70, 78, 3 ]
               - [ 67, 21, 3 ]
               - [ 44, 23, 1 ]
               - [ 21, 38, 3 ]
               - [ 47, 84, 3 ]
               - [ 82, 67, 2 ]
               - [ 58, 81, 3 ]
               - [ 11, 44, 2 ]
               - [ 13, 86, 5 ]
               - [ 1, 58, 1 ]
               - [ 88, 25, 2 ]
               - [ 82, 33, 1 ]
               - [ 54, 7, 2 ]
               - [ 66, 9, 1 ]
               - [ 33, 35, 4 ]
               - [ 0, 68, 0 ]
               - [ 79, 18, 4 ]
               - [ 84, 53, 5 ]
               - [ 4, 78, 7 ]
               - [ 63, 0, 3 ]
         -
            width: 44
            height: 43
            tl_x: 51
            tl_y: 50
            pyramid_level: 1
            features:
               - [ 27, 41, 3 ]
               - [ 42, 32, 2 ]
               - [ 1, 28, 1 ]
               - [ 39, 9, 4 ]
               - [ 11, 19, 3 ]
               - [ 5, 42, 6 ]
               - [ 26, 5, 2 ]
               - [ 35, 39, 3 ]
               - [ 40, 18, 1 ]
               - [ 18, 17, 4 ]
               - [ 33, 5, 1 ]
   -
      template_id: 2
      templates:
         -
            width: 86
            height: 91
            tl_x: 104
            tl_y: 100
            pyramid_level: 0
            features:
               - [ 69, 77, 3 ]
               - [ 52, 82, 3 ]
               - [ 86, 57, 1 ]
               - [ 64, 19, 3 ]
               - [ 8, 48, 2 ]
               - [ 43, 87, 3 ]
               - [ 19, 40, 3 ]
               - [ 79, 29, 1 ]
               - [ 47, 9, 2 ]
               - [ 40, 24, 0 ]
               - [ 34, 35, 3 ]
               - [ 13, 88, 5 ]
               - [ 0, 66, 0 ]
               - [ 77, 70, 2 ]
               - [ 2, 77, 7 ]
               - [ 80, 15, 4 ]
               - [ 62, 1, 0 ]
               - [ 76, 44, 7 ]
               - [ 49, 29, 2 ]
               - [ 22, 91, 4 ]
               - [ 60, 10, 1 ]
         -
            width: 43
            height: 45
            tl_x: 52
            tl_y: 50
            pyramid_level: 1
            features:
               - [ 29, 40, 3 ]
               - [ 22, 43, 3 ]
               - [ 12, 19, 3 ]
               - [ 42, 30, 1 ]
               - [ 4, 24, 2 ]
               - [ 7, 44, 5 ]
               - [ 36, 8, 3 ]
               - [ 40, 14, 1 ]
               - [ 23, 5, 2 ]
               - [ 2, 40, 6 ]
               - [ 30, 5, 1 ]
   -
      template_id: 3
      templates:
         -
            width: 85
            height: 93
            tl_x: 106
            tl_y: 100
            pyramid_level: 0
            features:
               - [ 56, 80, 3 ]
               - [ 67, 76, 3 ]
               - [ 75, 70, 2 ]
               - [ 85, 53, 1 ]
               - [ 43, 88, 2 ]
               - [ 80, 18, 1 ]
               - [ 5, 53, 2 ]
               - [ 31, 36, 3 ]
               - [ 15, 43, 3 ]
               - [ 60, 17, 3 ]
               - [ 26, 93, 4 ]
               - [ 41, 10, 1 ]
               - [ 14, 90, 5 ]
               - [ 55, 8, 1 ]
               - [ 2, 79, 7 ]
               - [ 36, 26, 0 ]
               - [ 73, 35, 0 ]
               - [ 0, 67, 0 ]
               - [ 48, 1, 2 ]
               - [ 69, 13, 3 ]
         -
            width: 42
            height: 46
            tl_x: 53
            tl_y: 50
            pyramid_level: 1
            features:
               - [ 28, 40, 3 ]
               - [ 39, 33, 1 ]
               - [ 1, 29, 1 ]
               - [ 7, 45, 5 ]
               - [ 38, 13, 1 ]
               - [ 7, 22, 2 ]
               - [ 22, 3, 2 ]
               - [ 33, 7, 3 ]
               - [ 37, 20, 7 ]
               - [ 13, 19, 3 ]
   -
      template_id: 4
      templates:
         -
            width: 82
            height: 96
            tl_x: 108
            tl_y: 98
            pyramid_level: 0
            features:
               - [ 56, 81, 3 ]
               - [ 67, 76, 3 ]
               - [ 75, 69, 2 ]
               - [ 82, 55, 1 ]
               - [ 28, 96, 4 ]
               - [ 28, 39, 3 ]
               - [ 15, 46, 2 ]
               - [ 52, 20, 2 ]
               - [ 72, 25, 1 ]
               - [ 2, 62, 1 ]
               - [ 16, 94, 5 ]
               - [ 41, 4, 2 ]
               - [ 3, 84, 7 ]
               - [ 36, 13, 1 ]
               - [ 70, 11, 4 ]
               - [ 0, 73, 0 ]
               - [ 72, 41, 7 ]
               - [ 37, 31, 2 ]
               - [ 50, 8, 0 ]
               - [ 59, 15, 3 ]
               - [ 33, 21, 1 ]
               - [ 50, 0, 7 ]
               - [ 80, 45, 4 ]
         -
            width: 41
            height: 48
            tl_x: 54
            tl_y: 49
            pyramid_level: 1
            features:
               - [ 29, 40, 3 ]
               - [ 18, 6, 1 ]
               - [ 40, 30, 1 ]
               - [ 13, 48, 4 ]
               - [ 6, 24, 2 ]
               - [ 36, 13, 1 ]
               - [ 0, 36, 0 ]
               - [ 13, 20, 3 ]
               - [ 29, 8, 3 ]
               - [ 3, 44, 6 ]
               - [ 39, 22, 5 ]
   -
      template_id: 5
      templates:
         -
            width: 81
            height: 95
            tl_x: 110
            tl_y: 100
            pyramid_level: 0
            features:
               - [ 58, 77, 3 ]
               - [ 68, 71, 3 ]
               - [ 43, 14, 1 ]
               - [ 76, 62, 1 ]
               - [ 30, 95, 4 ]
               - [ 1, 65, 1 ]
               - [ 13, 46, 2 ]
               - [ 81, 48, 1 ]
               - [ 27, 37, 3 ]
               - [ 31, 11, 1 ]
               - [ 36, 1, 1 ]
               - [ 68, 20, 1 ]
               - [ 29, 27, 0 ]
               - [ 67, 30, 0 ]
               - [ 18, 94, 5 ]
               - [ 55, 11, 2 ]
               - [ 1, 77, 7 ]
               - [ 71, 11, 1 ]
               - [ 78, 39, 4 ]
               - [ 5, 86, 6 ]
               - [ 45, 5, 0 ]
         -
            width: 40
            height: 47
            tl_x: 55
            tl_y: 50
            pyramid_level: 1
            features:
               - [ 28, 39, 2 ]
               - [ 2, 29, 1 ]
               - [ 40, 26, 1 ]
               - [ 34, 10, 1 ]
               - [ 10, 47, 5 ]
               - [ 11, 20, 3 ]
               - [ 15, 7, 1 ]
               - [ 27, 6, 2 ]
               - [ 0, 36, 0 ]
               - [ 34, 16, 7 ]
   -
      template_id: 6
      templates:
         -
            width: 79
