%YAML:1.0
---
class_id: "back0warp75.png"
pyramid_levels: 2
template_pyramids:
   -
      template_id: 0
      templates:
         -
            width: 76
            height: 114
            tl_x: 100
            tl_y: 108
            pyramid_level: 0
            features:
               - [ 1, 72, 7 ]
               - [ 1, 49, 1 ]
               - [ 16, 108, 6 ]
               - [ 37, 13, 1 ]
               - [ 55, 1, 1 ]
               - [ 4, 85, 7 ]
               - [ 16, 24, 3 ]
               - [ 70, 78, 6 ]
               - [ 71, 39, 1 ]
               - [ 44, 114, 5 ]
               - [ 68, 109, 2 ]
               - [ 5, 35, 1 ]
               - [ 58, 20, 4 ]
               - [ 29, 112, 3 ]
               - [ 65, 65, 0 ]
               - [ 76, 93, 1 ]
               - [ 41, 26, 3 ]
               - [ 42, 2, 2 ]
               - [ 66, 50, 1 ]
               - [ 27, 24, 5 ]
               - [ 73, 28, 6 ]
         -
            width: 38
            height: 57
            tl_x: 50
            tl_y: 54
            pyramid_level: 1
            features:
               - [ 2, 42, 7 ]
               - [ 1, 22, 1 ]
               - [ 27, 2, 1 ]
               - [ 33, 25, 1 ]
               - [ 22, 57, 5 ]
               - [ 36, 51, 1 ]
               - [ 13, 12, 4 ]
               - [ 8, 54, 6 ]
               - [ 36, 13, 6 ]
               - [ 36, 40, 6 ]
   -
      template_id: 1
      templates:
         -
            width: 79
            height: 116
            tl_x: 100
            tl_y: 108
            pyramid_level: 0
            features:
               - [ 15, 103, 6 ]
               - [ 50, 0, 0 ]
               - [ 4, 80, 7 ]
               - [ 1, 48, 0 ]
               - [ 14, 26, 3 ]
               - [ 33, 15, 0 ]
               - [ 38, 1, 1 ]
               - [ 5, 35, 1 ]
               - [ 42, 111, 4 ]
               - [ 53, 19, 4 ]
               - [ 67, 42, 1 ]
               - [ 75, 101, 1 ]
               - [ 67, 22, 6 ]
               - [ 65, 116, 2 ]
               - [ 73, 76, 6 ]
               - [ 28, 26, 4 ]
               - [ 65, 60, 7 ]
               - [ 8, 91, 7 ]
               - [ 72, 32, 1 ]
               - [ 31, 114, 3 ]
               - [ 79, 90, 1 ]
         -
            width: 39
            height: 58
            tl_x: 50
            tl_y: 54
            pyramid_level: 1
            features:
               - [ 2, 40, 7 ]
               - [ 8, 52, 6 ]
               - [ 1, 22, 1 ]
               - [ 17, 5, 1 ]
               - [ 38, 49, 1 ]
               - [ 22, 56, 4 ]
               - [ 34, 20, 1 ]
               - [ 33, 32, 7 ]
               - [ 28, 9, 4 ]
               - [ 7, 13, 3 ]
   -
      template_id: 2
      templates:
         -
            width: 78
            height: 115
            tl_x: 100
            tl_y: 108
            pyramid_level: 0
            features:
               - [ 45, 0, 0 ]
               - [ 3, 74, 7 ]
               - [ 23, 109, 6 ]
               - [ 8, 87, 7 ]
               - [ 14, 98, 7 ]
               - [ 0, 58, 0 ]
               - [ 66, 21, 6 ]
               - [ 72, 71, 6 ]
               - [ 49, 18, 3 ]
               - [ 47, 111, 4 ]
               - [ 66, 38, 1 ]
               - [ 78, 100, 1 ]
               - [ 12, 28, 3 ]
               - [ 29, 18, 0 ]
               - [ 31, 6, 1 ]
               - [ 34, 115, 4 ]
               - [ 2, 41, 1 ]
               - [ 62, 115, 5 ]
               - [ 66, 60, 7 ]
               - [ 73, 110, 2 ]
               - [ 64, 49, 0 ]
         -
            width: 39
            height: 57
            tl_x: 50
            tl_y: 54
            pyramid_level: 1
            features:
               - [ 11, 54, 6 ]
               - [ 1, 21, 1 ]
               - [ 15, 6, 0 ]
               - [ 27, 56, 5 ]
               - [ 38, 52, 1 ]
               - [ 33, 19, 1 ]
               - [ 35, 34, 6 ]
               - [ 32, 10, 5 ]
               - [ 6, 14, 3 ]
               - [ 22, 3, 0 ]
               - [ 18, 57, 3 ]
   -
      template_id: 3
      templates:
         -
            width: 84
            height: 117
            tl_x: 100
            tl_y: 106
            pyramid_level: 0
            features:
               - [ 1, 65, 0 ]
               - [ 5, 80, 7 ]
               - [ 11, 92, 7 ]
               - [ 26, 19, 0 ]
               - [ 29, 113, 6 ]
               - [ 40, 1, 0 ]
               - [ 52, 112, 4 ]
               - [ 63, 21, 5 ]
               - [ 47, 19, 3 ]
               - [ 28, 5, 1 ]
               - [ 66, 32, 1 ]
               - [ 10, 32, 3 ]
               - [ 72, 69, 6 ]
               - [ 2, 42, 1 ]
               - [ 81, 101, 1 ]
               - [ 40, 117, 3 ]
               - [ 64, 53, 0 ]
               - [ 65, 114, 5 ]
               - [ 84, 88, 0 ]
               - [ 0, 55, 0 ]
               - [ 17, 101, 6 ]
               - [ 39, 13, 1 ]
               - [ 20, 30, 4 ]
               - [ 80, 75, 5 ]
         -
            width: 42
            height: 58
            tl_x: 50
            tl_y: 53
            pyramid_level: 1
            features:
               - [ 5, 45, 7 ]
               - [ 20, 3, 0 ]
               - [ 14, 56, 6 ]
               - [ 0, 28, 0 ]
               - [ 32, 20, 0 ]
               - [ 27, 56, 4 ]
               - [ 42, 43, 0 ]
               - [ 9, 15, 4 ]
               - [ 35, 33, 6 ]
               - [ 31, 10, 5 ]
   -
      template_id: 4
      templates:
         -
            width: 85
            height: 117
            tl_x: 100
            tl_y: 106
            pyramid_level: 0
            features:
               - [ 1, 66, 7 ]
               - [ 35, 1, 0 ]
               - [ 7, 83, 7 ]
               - [ 30, 111, 6 ]
               - [ 42, 19, 3 ]
               - [ 23, 23, 0 ]
               - [ 58, 18, 5 ]
               - [ 16, 97, 6 ]
               - [ 63, 33, 1 ]
               - [ 23, 8, 1 ]
               - [ 74, 67, 6 ]
               - [ 55, 111, 3 ]
               - [ 2, 42, 1 ]
               - [ 85, 95, 0 ]
               - [ 44, 117, 3 ]
               - [ 71, 112, 5 ]
               - [ 13, 33, 3 ]
               - [ 63, 48, 7 ]
               - [ 81, 107, 1 ]
               - [ 67, 59, 7 ]
         -
            width: 42
            height: 58
            tl_x: 50
            tl_y: 53
            pyramid_level: 1
            features:
               - [ 7, 47, 6 ]
               - [ 0, 29, 0 ]
               - [ 17, 57, 6 ]
               - [ 42, 49, 1 ]
               - [ 31, 20, 0 ]
               - [ 12, 2, 1 ]
               - [ 38, 34, 5 ]
               - [ 8, 16, 4 ]
               - [ 30, 55, 4 ]
               - [ 22, 9, 3 ]
   -
      template_id: 5
      templates:
         -
            width: 88
            height: 117
            tl_x: 100
            tl_y: 106
            pyramid_level: 0
            features:
               - [ 2, 70, 7 ]
               - [ 9, 85, 7 ]
               - [ 37, 113, 5 ]
               - [ 30, 1, 7 ]
               - [ 16, 95, 6 ]
               - [ 61, 109, 3 ]
               - [ 39, 19, 3 ]
               - [ 55, 17, 5 ]
               - [ 61, 29, 0 ]
               - [ 19, 20, 0 ]
               - [ 15, 34, 3 ]
               - [ 19, 7, 0 ]
               - [ 75, 64, 5 ]
               - [ 0, 48, 1 ]
               - [ 88, 92, 0 ]
               - [ 84, 105, 1 ]
               - [ 48, 117, 3 ]
               - [ 65, 53, 6 ]
               - [ 61, 42, 0 ]
               - [ 0, 60, 0 ]
               - [ 28, 107, 6 ]
         -
            width: 44
            height: 58
            tl_x: 50
            tl_y: 53
            pyramid_level: 1
            features:
               - [ 7, 46, 6 ]
               - [ 0, 30, 0 ]
               - [ 19, 57, 5 ]
               - [ 44, 45, 0 ]
               - [ 31, 23, 7 ]
               - [ 10, 2, 1 ]
               - [ 25, 8, 4 ]
               - [ 5, 18, 3 ]
               - [ 40, 33, 5 ]
               - [ 35, 54, 4 ]
   -
      template_id: 6
