%YAML:1.0
---
class_id: "back0warp23.png"
pyramid_levels: 2
template_pyramids:
   -
      template_id: 0
      templates:
         -
            width: 78
            height: 95
            tl_x: 100
            tl_y: 108
            pyramid_level: 0
            features:
               - [ 62, 3, 3 ]
               - [ 24, 26, 2 ]
               - [ 13, 37, 2 ]
               - [ 69, 25, 7 ]
               - [ 49, 0, 2 ]
               - [ 75, 47, 1 ]
               - [ 33, 21, 3 ]
               - [ 41, 79, 2 ]
               - [ 63, 67, 2 ]
               - [ 3, 56, 1 ]
               - [ 26, 94, 2 ]
               - [ 69, 13, 1 ]
               - [ 53, 72, 3 ]
               - [ 44, 9, 1 ]
               - [ 1, 79, 7 ]
               - [ 15, 95, 5 ]
               - [ 78, 38, 1 ]
               - [ 69, 60, 1 ]
               - [ 8, 45, 1 ]
               - [ 33, 87, 2 ]
         -
            width: 39
            height: 47
            tl_x: 50
            tl_y: 54
            pyramid_level: 1
            features:
               - [ 12, 13, 2 ]
               - [ 35, 29, 1 ]
               - [ 1, 30, 1 ]
               - [ 17, 43, 2 ]
               - [ 29, 35, 3 ]
               - [ 5, 21, 1 ]
               - [ 35, 6, 1 ]
               - [ 6, 47, 5 ]
               - [ 23, 2, 1 ]
               - [ 38, 22, 1 ]
               - [ 1, 41, 7 ]
   -
      template_id: 1
      templates:
         -
            width: 73
            height: 101
            tl_x: 102
            tl_y: 104
            pyramid_level: 0
            features:
               - [ 59, 4, 3 ]
               - [ 15, 37, 2 ]
               - [ 62, 70, 2 ]
               - [ 64, 24, 7 ]
               - [ 27, 27, 3 ]
               - [ 73, 48, 1 ]
               - [ 45, 1, 2 ]
               - [ 65, 12, 1 ]
               - [ 70, 58, 1 ]
               - [ 3, 60, 1 ]
               - [ 7, 50, 1 ]
               - [ 43, 82, 2 ]
               - [ 28, 99, 2 ]
               - [ 51, 76, 3 ]
               - [ 36, 22, 3 ]
               - [ 39, 12, 1 ]
               - [ 1, 72, 0 ]
               - [ 2, 86, 7 ]
               - [ 17, 101, 5 ]
               - [ 71, 30, 4 ]
               - [ 37, 89, 2 ]
         -
            width: 36
            height: 50
            tl_x: 51
            tl_y: 52
            pyramid_level: 1
            features:
               - [ 1, 32, 1 ]
               - [ 36, 26, 1 ]
               - [ 8, 18, 2 ]
               - [ 19, 44, 2 ]
               - [ 32, 8, 0 ]
               - [ 16, 12, 3 ]
               - [ 32, 34, 2 ]
               - [ 4, 48, 6 ]
               - [ 21, 2, 1 ]
               - [ 24, 39, 2 ]
   -
      template_id: 2
      templates:
         -
            width: 71
            height: 102
            tl_x: 104
            tl_y: 104
            pyramid_level: 0
            features:
               - [ 13, 38, 2 ]
               - [ 71, 44, 0 ]
               - [ 61, 5, 1 ]
               - [ 39, 0, 1 ]
               - [ 60, 22, 7 ]
               - [ 8, 46, 1 ]
               - [ 68, 57, 1 ]
               - [ 49, 5, 2 ]
               - [ 39, 88, 1 ]
               - [ 29, 24, 3 ]
               - [ 34, 96, 2 ]
               - [ 1, 77, 0 ]
               - [ 4, 56, 1 ]
               - [ 50, 76, 2 ]
               - [ 34, 12, 0 ]
               - [ 68, 27, 4 ]
               - [ 59, 70, 3 ]
               - [ 3, 88, 7 ]
               - [ 12, 100, 5 ]
               - [ 59, 14, 0 ]
               - [ 2, 64, 0 ]
         -
            width: 35
            height: 51
            tl_x: 52
            tl_y: 52
            pyramid_level: 1
            features:
               - [ 4, 23, 1 ]
               - [ 1, 32, 0 ]
               - [ 35, 24, 1 ]
               - [ 13, 13, 2 ]
               - [ 28, 36, 3 ]
               - [ 21, 42, 2 ]
               - [ 30, 5, 0 ]
               - [ 16, 49, 2 ]
               - [ 18, 2, 1 ]
               - [ 33, 31, 1 ]
               - [ 9, 51, 5 ]
   -
      template_id: 3
      templates:
         -
            width: 69
            height: 104
            tl_x: 106
            tl_y: 102
            pyramid_level: 0
            features:
               - [ 11, 41, 1 ]
               - [ 47, 3, 2 ]
               - [ 31, 6, 1 ]
               - [ 56, 23, 7 ]
               - [ 54, 14, 0 ]
               - [ 63, 65, 1 ]
               - [ 46, 81, 2 ]
               - [ 22, 29, 2 ]
               - [ 67, 54, 0 ]
               - [ 69, 34, 0 ]
               - [ 2, 65, 0 ]
               - [ 36, 98, 1 ]
               - [ 5, 53, 1 ]
               - [ 1, 79, 0 ]
               - [ 3, 88, 7 ]
               - [ 56, 72, 2 ]
               - [ 15, 104, 5 ]
               - [ 35, 18, 1 ]
               - [ 55, 6, 1 ]
               - [ 39, 1, 0 ]
               - [ 65, 26, 4 ]
         -
            width: 34
            height: 52
            tl_x: 53
            tl_y: 51
            pyramid_level: 1
            features:
               - [ 4, 23, 1 ]
               - [ 34, 24, 0 ]
               - [ 19, 47, 1 ]
               - [ 1, 33, 0 ]
               - [ 27, 7, 0 ]
               - [ 28, 36, 2 ]
               - [ 12, 14, 2 ]
               - [ 4, 49, 6 ]
               - [ 15, 4, 1 ]
               - [ 31, 13, 5 ]
   -
      template_id: 4
      templates:
         -
            width: 66
            height: 107
            tl_x: 108
            tl_y: 102
            pyramid_level: 0
            features:
               - [ 27, 1, 1 ]
               - [ 9, 41, 1 ]
               - [ 5, 50, 1 ]
               - [ 49, 4, 0 ]
               - [ 41, 2, 2 ]
               - [ 39, 96, 1 ]
               - [ 65, 53, 0 ]
               - [ 24, 10, 0 ]
               - [ 2, 62, 0 ]
               - [ 2, 83, 7 ]
               - [ 46, 81, 1 ]
               - [ 63, 61, 1 ]
               - [ 66, 40, 0 ]
               - [ 52, 22, 6 ]
               - [ 23, 26, 2 ]
               - [ 1, 74, 0 ]
               - [ 6, 95, 7 ]
               - [ 17, 105, 5 ]
               - [ 49, 15, 0 ]
               - [ 59, 24, 4 ]
               - [ 24, 107, 4 ]
         -
            width: 33
            height: 53
            tl_x: 54
            tl_y: 51
            pyramid_level: 1
            features:
               - [ 2, 27, 1 ]
               - [ 24, 39, 2 ]
               - [ 32, 28, 1 ]
               - [ 33, 19, 0 ]
               - [ 19, 49, 1 ]
               - [ 9, 15, 2 ]
               - [ 6, 51, 6 ]
               - [ 25, 9, 7 ]
               - [ 20, 1, 3 ]
               - [ 12, 4, 1 ]
   -
      template_id: 5
      templates:
         -
            width: 63
            height: 107
            tl_x: 110
            tl_y: 102
            pyramid_level: 0
            features:
               - [ 21, 1, 1 ]
               - [ 6, 44, 1 ]
               - [ 34, 2, 2 ]
               - [ 3, 86, 7 ]
               - [ 10, 37, 2 ]
               - [ 41, 95, 1 ]
               - [ 2, 57, 0 ]
               - [ 45, 83, 1 ]
               - [ 63, 50, 0 ]
               - [ 43, 10, 0 ]
               - [ 61, 60, 1 ]
               - [ 1, 70, 0 ]
               - [ 62, 30, 0 ]
               - [ 55, 68, 2 ]
               - [ 47, 20, 6 ]
               - [ 8, 97, 6 ]
               - [ 27, 107, 4 ]
               - [ 19, 17, 0 ]
               - [ 19, 106, 5 ]
               - [ 19, 8, 0 ]
               - [ 15, 31, 2 ]
               - [ 43, 3, 0 ]
               - [ 54, 22, 3 ]
         -
            width: 31
            height: 53
            tl_x: 55
            tl_y: 51
            pyramid_level: 1
            features:
               - [ 1, 29, 0 ]
               - [ 1, 40, 0 ]
               - [ 31, 16, 0 ]
               - [ 22, 43, 1 ]
               - [ 8, 15, 2 ]
               - [ 31, 28, 1 ]
               - [ 22, 7, 7 ]
               - [ 8, 52, 5 ]
               - [ 9, 5, 0 ]
               - [ 26, 36, 2 ]
   -
      template_id: 6
      templates:
         -
