%YAML:1.0
---
class_id: "back0warp28.png"
pyramid_levels: 2
template_pyramids:
   -
      template_id: 0
      templates:
         -
            width: 90
            height: 101
            tl_x: 100
            tl_y: 100
            pyramid_level: 0
            features:
               - [ 61, 19, 5 ]
               - [ 25, 7, 5 ]
               - [ 43, 10, 1 ]
               - [ 74, 25, 5 ]
               - [ 76, 59, 7 ]
               - [ 25, 83, 5 ]
               - [ 44, 87, 5 ]
               - [ 13, 69, 7 ]
               - [ 65, 101, 5 ]
               - [ 85, 73, 6 ]
               - [ 6, 56, 7 ]
               - [ 1, 40, 0 ]
               - [ 54, 1, 4 ]
               - [ 9, 9, 2 ]
               - [ 1, 23, 1 ]
               - [ 54, 93, 5 ]
               - [ 75, 46, 1 ]
               - [ 85, 93, 1 ]
               - [ 77, 101, 3 ]
               - [ 90, 84, 1 ]
         -
            width: 45
            height: 50
            tl_x: 50
            tl_y: 50
            pyramid_level: 1
            features:
               - [ 6, 34, 7 ]
               - [ 1, 22, 7 ]
               - [ 16, 5, 5 ]
               - [ 23, 44, 5 ]
               - [ 39, 14, 6 ]
               - [ 1, 10, 1 ]
               - [ 42, 36, 6 ]
               - [ 30, 5, 1 ]
               - [ 42, 47, 2 ]
               - [ 37, 26, 0 ]
   -
      template_id: 1
      templates:
         -
            width: 93
            height: 100
            tl_x: 98
            tl_y: 100
            pyramid_level: 0
            features:
               - [ 23, 9, 5 ]
               - [ 49, 87, 5 ]
               - [ 2, 43, 7 ]
               - [ 12, 66, 7 ]
               - [ 60, 18, 5 ]
               - [ 81, 61, 7 ]
               - [ 74, 100, 5 ]
               - [ 11, 10, 3 ]
               - [ 0, 30, 0 ]
               - [ 6, 55, 7 ]
               - [ 42, 8, 1 ]
               - [ 19, 75, 6 ]
               - [ 93, 73, 6 ]
               - [ 55, 0, 4 ]
               - [ 81, 28, 6 ]
               - [ 28, 84, 5 ]
               - [ 61, 93, 5 ]
               - [ 76, 46, 0 ]
               - [ 91, 88, 1 ]
               - [ 38, 85, 4 ]
         -
            width: 46
            height: 50
            tl_x: 49
            tl_y: 50
            pyramid_level: 1
            features:
               - [ 13, 5, 5 ]
               - [ 3, 27, 7 ]
               - [ 36, 11, 5 ]
               - [ 22, 43, 4 ]
               - [ 41, 31, 6 ]
               - [ 10, 38, 6 ]
               - [ 33, 48, 5 ]
               - [ 1, 11, 1 ]
               - [ 46, 43, 1 ]
               - [ 24, 1, 3 ]
   -
      template_id: 2
      templates:
         -
            width: 99
            height: 97
            tl_x: 96
            tl_y: 100
            pyramid_level: 0
            features:
               - [ 74, 21, 5 ]
               - [ 59, 17, 4 ]
               - [ 91, 65, 6 ]
               - [ 81, 54, 7 ]
               - [ 17, 71, 6 ]
               - [ 40, 10, 1 ]
               - [ 55, 87, 5 ]
               - [ 77, 97, 5 ]
               - [ 6, 16, 2 ]
               - [ 2, 42, 0 ]
               - [ 28, 13, 5 ]
               - [ 50, 0, 3 ]
               - [ 34, 86, 5 ]
               - [ 10, 61, 7 ]
               - [ 99, 75, 0 ]
               - [ 1, 27, 0 ]
               - [ 79, 36, 1 ]
               - [ 95, 87, 1 ]
               - [ 65, 91, 5 ]
               - [ 89, 95, 2 ]
         -
            width: 49
            height: 48
            tl_x: 48
            tl_y: 50
            pyramid_level: 1
            features:
               - [ 9, 36, 6 ]
               - [ 33, 9, 5 ]
               - [ 42, 29, 6 ]
               - [ 31, 45, 5 ]
               - [ 12, 6, 5 ]
               - [ 1, 12, 1 ]
               - [ 2, 24, 7 ]
               - [ 48, 42, 1 ]
               - [ 23, 1, 3 ]
               - [ 18, 43, 4 ]
   -
      template_id: 3
      templates:
         -
            width: 103
            height: 95
            tl_x: 94
            tl_y: 100
            pyramid_level: 0
            features:
               - [ 1, 38, 0 ]
               - [ 73, 19, 5 ]
               - [ 95, 62, 6 ]
               - [ 19, 14, 4 ]
               - [ 83, 51, 6 ]
               - [ 38, 87, 5 ]
               - [ 48, 0, 3 ]
               - [ 10, 60, 7 ]
               - [ 57, 86, 4 ]
               - [ 32, 16, 5 ]
               - [ 59, 16, 4 ]
               - [ 19, 72, 6 ]
               - [ 6, 19, 2 ]
               - [ 86, 95, 4 ]
               - [ 74, 91, 5 ]
               - [ 79, 35, 1 ]
               - [ 100, 82, 1 ]
               - [ 103, 70, 0 ]
               - [ 44, 19, 4 ]
               - [ 5, 51, 7 ]
               - [ 39, 8, 1 ]
         -
            width: 51
            height: 47
            tl_x: 47
            tl_y: 50
            pyramid_level: 1
            features:
               - [ 35, 9, 5 ]
               - [ 11, 7, 4 ]
               - [ 15, 41, 6 ]
               - [ 5, 30, 7 ]
               - [ 33, 44, 5 ]
               - [ 46, 30, 6 ]
               - [ 1, 14, 1 ]
               - [ 22, 1, 2 ]
               - [ 50, 41, 1 ]
               - [ 39, 20, 0 ]
   -
      template_id: 4
      templates:
         -
            width: 104
            height: 92
            tl_x: 94
            tl_y: 100
            pyramid_level: 0
            features:
               - [ 0, 42, 7 ]
               - [ 64, 16, 4 ]
               - [ 16, 17, 4 ]
               - [ 45, 0, 3 ]
               - [ 29, 18, 4 ]
               - [ 84, 50, 6 ]
               - [ 11, 64, 6 ]
               - [ 29, 81, 6 ]
               - [ 94, 57, 5 ]
               - [ 41, 88, 4 ]
               - [ 70, 87, 5 ]
               - [ 77, 20, 5 ]
               - [ 56, 86, 4 ]
               - [ 2, 25, 1 ]
               - [ 77, 37, 0 ]
               - [ 89, 92, 4 ]
               - [ 102, 79, 1 ]
               - [ 104, 66, 0 ]
               - [ 36, 7, 1 ]
               - [ 21, 75, 6 ]
               - [ 5, 55, 7 ]
         -
            width: 52
            height: 46
            tl_x: 47
            tl_y: 50
            pyramid_level: 1
            features:
               - [ 36, 9, 5 ]
               - [ 37, 44, 5 ]
               - [ 14, 40, 6 ]
               - [ 46, 28, 5 ]
               - [ 4, 30, 6 ]
               - [ 13, 9, 4 ]
               - [ 0, 16, 0 ]
               - [ 51, 39, 1 ]
               - [ 25, 4, 1 ]
               - [ 28, 43, 4 ]
   -
      template_id: 5
      templates:
         -
            width: 107
            height: 89
            tl_x: 92
            tl_y: 100
            pyramid_level: 0
            features:
               - [ 1, 46, 7 ]
               - [ 70, 16, 5 ]
               - [ 53, 16, 4 ]
               - [ 17, 20, 4 ]
               - [ 42, 1, 3 ]
               - [ 48, 89, 4 ]
               - [ 97, 54, 5 ]
               - [ 35, 7, 1 ]
               - [ 78, 36, 7 ]
               - [ 32, 82, 5 ]
               - [ 6, 57, 7 ]
               - [ 14, 67, 6 ]
               - [ 88, 49, 6 ]
               - [ 79, 86, 4 ]
               - [ 4, 26, 2 ]
               - [ 62, 85, 3 ]
               - [ 88, 88, 5 ]
               - [ 107, 60, 0 ]
               - [ 106, 75, 1 ]
               - [ 62, 15, 4 ]
               - [ 40, 87, 5 ]
               - [ 20, 73, 6 ]
               - [ 49, 5, 0 ]
               - [ 82, 43, 6 ]
               - [ 0, 38, 0 ]
               - [ 78, 28, 1 ]
               - [ 103, 83, 2 ]
         -
            width: 53
            height: 44
            tl_x: 46
            tl_y: 50
            pyramid_level: 1
            features:
               - [ 12, 10, 4 ]
               - [ 39, 43, 4 ]
               - [ 35, 8, 5 ]
               - [ 16, 41, 5 ]
               - [ 49, 27, 5 ]
               - [ 0, 19, 0 ]
               - [ 40, 20, 7 ]
               - [ 24, 4, 0 ]
               - [ 53, 37, 1 ]
               - [ 26, 44, 3 ]
               - [ 8, 35, 6 ]
   -
      template_id: 6
