%YAML:1.0
---
class_id: "back0warp18.png"
pyramid_levels: 2
template_pyramids:
   -
      template_id: 0
      templates:
         -
            width: 100
            height: 82
            tl_x: 100
            tl_y: 100
            pyramid_level: 0
            features:
               - [ 79, 16, 5 ]
               - [ 63, 1, 3 ]
               - [ 62, 78, 5 ]
               - [ 93, 52, 6 ]
               - [ 33, 10, 5 ]
               - [ 7, 17, 2 ]
               - [ 45, 13, 5 ]
               - [ 20, 10, 3 ]
               - [ 30, 76, 4 ]
               - [ 50, 75, 4 ]
               - [ 13, 64, 6 ]
               - [ 5, 53, 7 ]
               - [ 87, 32, 1 ]
               - [ 1, 28, 1 ]
               - [ 86, 82, 3 ]
               - [ 100, 68, 1 ]
               - [ 56, 16, 4 ]
               - [ 89, 20, 5 ]
               - [ 86, 42, 7 ]
               - [ 1, 43, 7 ]
               - [ 94, 76, 2 ]
         -
            width: 50
            height: 41
            tl_x: 50
            tl_y: 50
            pyramid_level: 1
            features:
               - [ 31, 39, 5 ]
               - [ 17, 5, 4 ]
               - [ 39, 8, 5 ]
               - [ 48, 27, 6 ]
               - [ 2, 25, 7 ]
               - [ 15, 38, 4 ]
               - [ 30, 1, 3 ]
               - [ 7, 6, 3 ]
               - [ 46, 39, 2 ]
               - [ 1, 13, 1 ]
   -
      template_id: 1
      templates:
         -
            width: 102
            height: 80
            tl_x: 100
            tl_y: 100
            pyramid_level: 0
            features:
               - [ 5, 21, 2 ]
               - [ 49, 8, 1 ]
               - [ 60, 0, 3 ]
               - [ 65, 77, 5 ]
               - [ 85, 16, 5 ]
               - [ 67, 13, 4 ]
               - [ 98, 51, 5 ]
               - [ 21, 12, 4 ]
               - [ 86, 29, 1 ]
               - [ 5, 55, 7 ]
               - [ 28, 77, 5 ]
               - [ 44, 76, 4 ]
               - [ 87, 41, 7 ]
               - [ 0, 32, 1 ]
               - [ 16, 68, 6 ]
               - [ 102, 64, 1 ]
               - [ 39, 13, 4 ]
               - [ 76, 80, 5 ]
               - [ 0, 43, 0 ]
               - [ 54, 75, 4 ]
               - [ 96, 73, 2 ]
         -
            width: 51
            height: 40
            tl_x: 50
            tl_y: 50
            pyramid_level: 1
            features:
               - [ 12, 6, 4 ]
               - [ 39, 7, 4 ]
               - [ 23, 38, 4 ]
               - [ 48, 25, 5 ]
               - [ 8, 34, 6 ]
               - [ 1, 13, 1 ]
               - [ 1, 24, 7 ]
               - [ 34, 39, 5 ]
               - [ 28, 1, 3 ]
               - [ 49, 35, 2 ]
   -
      template_id: 2
      templates:
         -
            width: 107
            height: 79
            tl_x: 98
            tl_y: 100
            pyramid_level: 0
            features:
               - [ 26, 14, 4 ]
               - [ 66, 12, 4 ]
               - [ 79, 12, 4 ]
               - [ 95, 44, 5 ]
               - [ 6, 24, 2 ]
               - [ 55, 1, 3 ]
               - [ 61, 75, 4 ]
               - [ 1, 39, 0 ]
               - [ 34, 79, 4 ]
               - [ 78, 77, 5 ]
               - [ 88, 24, 1 ]
               - [ 9, 60, 6 ]
               - [ 45, 78, 3 ]
               - [ 23, 73, 6 ]
               - [ 107, 55, 0 ]
               - [ 44, 15, 4 ]
               - [ 102, 67, 1 ]
               - [ 3, 49, 7 ]
               - [ 95, 75, 3 ]
               - [ 17, 16, 3 ]
               - [ 66, 3, 1 ]
               - [ 53, 12, 3 ]
         -
            width: 53
            height: 39
            tl_x: 49
            tl_y: 50
            pyramid_level: 1
            features:
               - [ 13, 7, 4 ]
               - [ 39, 6, 4 ]
               - [ 36, 38, 4 ]
               - [ 2, 14, 1 ]
               - [ 11, 36, 6 ]
               - [ 49, 23, 5 ]
               - [ 22, 39, 3 ]
               - [ 48, 37, 2 ]
               - [ 27, 1, 3 ]
               - [ 4, 29, 6 ]
               - [ 43, 15, 0 ]
   -
      template_id: 3
      templates:
         -
            width: 108
            height: 83
            tl_x: 98
            tl_y: 98
            pyramid_level: 0
            features:
               - [ 64, 13, 3 ]
               - [ 25, 18, 4 ]
               - [ 64, 76, 4 ]
               - [ 77, 12, 4 ]
               - [ 45, 11, 1 ]
               - [ 3, 34, 1 ]
               - [ 55, 1, 3 ]
               - [ 96, 43, 5 ]
               - [ 82, 77, 4 ]
               - [ 12, 23, 3 ]
               - [ 52, 79, 3 ]
               - [ 86, 23, 1 ]
               - [ 39, 83, 4 ]
               - [ 11, 66, 6 ]
               - [ 27, 78, 5 ]
               - [ 97, 74, 2 ]
               - [ 4, 56, 7 ]
               - [ 108, 51, 0 ]
               - [ 1, 45, 0 ]
               - [ 104, 65, 1 ]
         -
            width: 54
            height: 41
            tl_x: 49
            tl_y: 49
            pyramid_level: 1
            features:
               - [ 36, 6, 4 ]
               - [ 13, 9, 4 ]
               - [ 32, 38, 4 ]
               - [ 2, 16, 1 ]
               - [ 52, 32, 1 ]
               - [ 22, 41, 3 ]
               - [ 49, 22, 5 ]
               - [ 10, 37, 6 ]
               - [ 25, 2, 2 ]
               - [ 43, 12, 1 ]
   -
      template_id: 4
      templates:
         -
            width: 108
            height: 84
            tl_x: 98
            tl_y: 98
            pyramid_level: 0
            features:
               - [ 22, 21, 3 ]
               - [ 62, 12, 3 ]
               - [ 67, 75, 3 ]
               - [ 77, 10, 4 ]
               - [ 95, 39, 5 ]
               - [ 53, 0, 3 ]
               - [ 38, 19, 4 ]
               - [ 42, 84, 4 ]
               - [ 1, 49, 0 ]
               - [ 3, 36, 1 ]
               - [ 53, 80, 3 ]
               - [ 9, 28, 2 ]
               - [ 84, 21, 1 ]
               - [ 25, 78, 5 ]
               - [ 5, 60, 7 ]
               - [ 13, 70, 6 ]
               - [ 108, 52, 0 ]
               - [ 83, 74, 4 ]
               - [ 105, 62, 1 ]
               - [ 100, 70, 2 ]
               - [ 47, 15, 3 ]
         -
            width: 54
            height: 42
            tl_x: 49
            tl_y: 49
            pyramid_level: 1
            features:
               - [ 10, 11, 3 ]
               - [ 38, 5, 4 ]
               - [ 17, 41, 5 ]
               - [ 49, 20, 5 ]
               - [ 1, 20, 1 ]
               - [ 41, 37, 4 ]
               - [ 32, 38, 3 ]
               - [ 8, 36, 6 ]
               - [ 52, 32, 1 ]
               - [ 25, 41, 3 ]
               - [ 42, 11, 1 ]
   -
      template_id: 5
      templates:
         -
            width: 106
            height: 85
            tl_x: 100
            tl_y: 98
            pyramid_level: 0
            features:
               - [ 18, 24, 3 ]
               - [ 67, 74, 3 ]
               - [ 56, 12, 3 ]
               - [ 46, 1, 3 ]
               - [ 80, 18, 1 ]
               - [ 94, 36, 4 ]
               - [ 0, 43, 1 ]
               - [ 43, 85, 4 ]
               - [ 54, 80, 3 ]
               - [ 38, 11, 1 ]
               - [ 31, 21, 4 ]
               - [ 13, 73, 6 ]
               - [ 83, 72, 4 ]
               - [ 25, 80, 5 ]
               - [ 2, 59, 7 ]
               - [ 102, 63, 1 ]
               - [ 106, 50, 0 ]
               - [ 74, 8, 4 ]
               - [ 5, 33, 2 ]
               - [ 84, 31, 6 ]
         -
            width: 53
            height: 42
            tl_x: 50
            tl_y: 49
            pyramid_level: 1
            features:
               - [ 7, 13, 3 ]
               - [ 41, 36, 4 ]
               - [ 27, 40, 3 ]
               - [ 5, 35, 6 ]
               - [ 31, 5, 3 ]
               - [ 0, 22, 0 ]
               - [ 15, 41, 5 ]
               - [ 47, 18, 5 ]
               - [ 52, 29, 1 ]
               - [ 40, 10, 0 ]
   -
      template_id: 6
      templates:
         -
            width: 106
            height: 83
