%YAML:1.0
---
class_id: "back0warp55.png"
pyramid_levels: 2
template_pyramids:
   -
      template_id: 0
      templates:
         -
            width: 98
            height: 111
            tl_x: 100
            tl_y: 102
            pyramid_level: 0
            features:
               - [ 34, 21, 5 ]
               - [ 52, 16, 1 ]
               - [ 98, 76, 5 ]
               - [ 1, 50, 1 ]
               - [ 9, 31, 2 ]
               - [ 72, 10, 1 ]
               - [ 86, 53, 0 ]
               - [ 11, 94, 7 ]
               - [ 64, 1, 3 ]
               - [ 89, 105, 1 ]
               - [ 91, 26, 6 ]
               - [ 18, 103, 6 ]
               - [ 98, 90, 1 ]
               - [ 1, 70, 7 ]
               - [ 77, 21, 4 ]
               - [ 52, 108, 4 ]
               - [ 5, 83, 7 ]
               - [ 68, 111, 5 ]
               - [ 44, 23, 5 ]
               - [ 42, 110, 3 ]
               - [ 57, 25, 3 ]
         -
            width: 49
            height: 55
            tl_x: 50
            tl_y: 51
            pyramid_level: 1
            features:
               - [ 11, 11, 3 ]
               - [ 45, 52, 2 ]
               - [ 48, 37, 6 ]
               - [ 6, 48, 6 ]
               - [ 27, 6, 1 ]
               - [ 26, 54, 4 ]
               - [ 41, 11, 5 ]
               - [ 1, 23, 1 ]
               - [ 1, 37, 7 ]
               - [ 44, 23, 1 ]
   -
      template_id: 1
      templates:
         -
            width: 102
            height: 112
            tl_x: 100
            tl_y: 102
            pyramid_level: 0
            features:
               - [ 37, 23, 4 ]
               - [ 97, 70, 6 ]
               - [ 7, 35, 1 ]
               - [ 18, 102, 6 ]
               - [ 50, 11, 1 ]
               - [ 68, 8, 1 ]
               - [ 93, 31, 2 ]
               - [ 86, 54, 7 ]
               - [ 18, 25, 3 ]
               - [ 2, 71, 0 ]
               - [ 100, 88, 1 ]
               - [ 10, 91, 6 ]
               - [ 93, 102, 1 ]
               - [ 1, 52, 0 ]
               - [ 30, 112, 6 ]
               - [ 54, 108, 4 ]
               - [ 82, 20, 5 ]
               - [ 72, 109, 5 ]
               - [ 53, 25, 4 ]
               - [ 59, 0, 3 ]
               - [ 87, 42, 1 ]
               - [ 68, 20, 4 ]
         -
            width: 51
            height: 56
            tl_x: 50
            tl_y: 51
            pyramid_level: 1
            features:
               - [ 43, 24, 0 ]
               - [ 33, 54, 4 ]
               - [ 4, 17, 2 ]
               - [ 25, 6, 1 ]
               - [ 51, 41, 1 ]
               - [ 6, 47, 6 ]
               - [ 41, 10, 5 ]
               - [ 45, 53, 2 ]
               - [ 14, 55, 6 ]
               - [ 14, 11, 4 ]
   -
      template_id: 2
      templates:
         -
            width: 102
            height: 111
            tl_x: 100
            tl_y: 102
            pyramid_level: 0
            features:
               - [ 23, 25, 4 ]
               - [ 98, 66, 5 ]
               - [ 96, 100, 1 ]
               - [ 17, 99, 6 ]
               - [ 3, 74, 0 ]
               - [ 66, 18, 4 ]
               - [ 45, 17, 0 ]
               - [ 7, 36, 2 ]
               - [ 85, 47, 0 ]
               - [ 64, 6, 1 ]
               - [ 1, 57, 0 ]
               - [ 88, 21, 5 ]
               - [ 27, 108, 6 ]
               - [ 54, 0, 2 ]
               - [ 102, 86, 1 ]
               - [ 61, 107, 4 ]
               - [ 89, 58, 7 ]
               - [ 9, 88, 7 ]
               - [ 77, 107, 4 ]
               - [ 51, 111, 3 ]
               - [ 86, 37, 1 ]
         -
            width: 51
            height: 55
            tl_x: 50
            tl_y: 51
            pyramid_level: 1
            features:
               - [ 49, 33, 5 ]
               - [ 8, 14, 3 ]
               - [ 9, 50, 6 ]
               - [ 1, 24, 1 ]
               - [ 27, 0, 2 ]
               - [ 49, 48, 1 ]
               - [ 43, 19, 1 ]
               - [ 29, 54, 3 ]
               - [ 35, 9, 4 ]
               - [ 3, 41, 7 ]
   -
      template_id: 3
      templates:
         -
            width: 104
            height: 114
            tl_x: 100
            tl_y: 100
            pyramid_level: 0
            features:
               - [ 22, 29, 3 ]
               - [ 97, 63, 5 ]
               - [ 42, 17, 0 ]
               - [ 5, 81, 7 ]
               - [ 4, 45, 1 ]
               - [ 66, 18, 3 ]
               - [ 100, 97, 1 ]
               - [ 22, 105, 6 ]
               - [ 84, 44, 0 ]
               - [ 88, 26, 1 ]
               - [ 50, 1, 2 ]
               - [ 104, 85, 1 ]
               - [ 1, 65, 0 ]
               - [ 35, 114, 5 ]
               - [ 65, 108, 3 ]
               - [ 54, 114, 2 ]
               - [ 13, 95, 6 ]
               - [ 77, 107, 4 ]
               - [ 60, 6, 0 ]
               - [ 80, 18, 5 ]
         -
            width: 52
            height: 57
            tl_x: 50
            tl_y: 50
            pyramid_level: 1
            features:
               - [ 16, 14, 4 ]
               - [ 13, 54, 6 ]
               - [ 52, 42, 1 ]
               - [ 42, 21, 0 ]
               - [ 48, 31, 5 ]
               - [ 1, 26, 1 ]
               - [ 40, 9, 5 ]
               - [ 30, 55, 3 ]
               - [ 23, 3, 1 ]
               - [ 7, 48, 6 ]
               - [ 49, 50, 2 ]
               - [ 5, 18, 2 ]
   -
      template_id: 4
      templates:
         -
            width: 104
            height: 114
            tl_x: 102
            tl_y: 104
            pyramid_level: 0
            features:
               - [ 17, 28, 3 ]
               - [ 98, 56, 5 ]
               - [ 5, 80, 7 ]
               - [ 101, 89, 1 ]
               - [ 81, 39, 0 ]
               - [ 24, 103, 6 ]
               - [ 53, 5, 0 ]
               - [ 79, 13, 5 ]
               - [ 37, 18, 7 ]
               - [ 2, 43, 1 ]
               - [ 63, 12, 3 ]
               - [ 0, 64, 0 ]
               - [ 104, 77, 0 ]
               - [ 41, 0, 1 ]
               - [ 69, 102, 3 ]
               - [ 45, 114, 5 ]
               - [ 81, 100, 4 ]
               - [ 81, 26, 1 ]
               - [ 16, 96, 6 ]
               - [ 60, 107, 2 ]
         -
            width: 52
            height: 57
            tl_x: 51
            tl_y: 52
            pyramid_level: 1
            features:
               - [ 13, 13, 4 ]
               - [ 49, 28, 5 ]
               - [ 14, 53, 5 ]
               - [ 51, 43, 1 ]
               - [ 32, 6, 3 ]
               - [ 19, 3, 1 ]
               - [ 0, 25, 0 ]
               - [ 35, 51, 3 ]
               - [ 40, 16, 0 ]
               - [ 5, 16, 2 ]
   -
      template_id: 5
      templates:
         -
            width: 106
            height: 116
            tl_x: 102
            tl_y: 102
            pyramid_level: 0
            features:
               - [ 14, 33, 3 ]
               - [ 96, 53, 5 ]
               - [ 1, 50, 1 ]
               - [ 33, 17, 0 ]
               - [ 8, 87, 7 ]
               - [ 53, 16, 3 ]
               - [ 79, 36, 7 ]
               - [ 30, 108, 5 ]
               - [ 80, 18, 1 ]
               - [ 104, 86, 1 ]
               - [ 1, 70, 7 ]
               - [ 106, 71, 0 ]
               - [ 28, 29, 4 ]
               - [ 38, 0, 2 ]
               - [ 71, 103, 3 ]
               - [ 49, 116, 5 ]
               - [ 19, 100, 6 ]
               - [ 85, 99, 3 ]
               - [ 69, 11, 4 ]
               - [ 42, 25, 2 ]
         -
            width: 53
            height: 58
            tl_x: 51
            tl_y: 51
            pyramid_level: 1
            features:
               - [ 12, 15, 3 ]
               - [ 15, 54, 5 ]
               - [ 0, 29, 0 ]
               - [ 53, 37, 0 ]
               - [ 32, 6, 4 ]
               - [ 49, 27, 5 ]
               - [ 37, 51, 3 ]
               - [ 17, 4, 1 ]
               - [ 40, 19, 7 ]
               - [ 4, 19, 2 ]
   -
      template_id: 6
      templates:
         -
            width: 107
            height: 112
