%YAML:1.0
---
class_id: "back0warp126.png"
pyramid_levels: 2
template_pyramids:
   -
      template_id: 0
      templates:
         -
            width: 95
            height: 90
            tl_x: 100
            tl_y: 104
            pyramid_level: 0
            features:
               - [ 46, 90, 3 ]
               - [ 17, 29, 3 ]
               - [ 7, 75, 6 ]
               - [ 73, 90, 3 ]
               - [ 19, 87, 5 ]
               - [ 93, 72, 1 ]
               - [ 50, 19, 1 ]
               - [ 66, 0, 3 ]
               - [ 68, 23, 3 ]
               - [ 2, 65, 7 ]
               - [ 88, 41, 2 ]
               - [ 85, 59, 7 ]
               - [ 5, 39, 1 ]
               - [ 86, 22, 4 ]
               - [ 72, 12, 1 ]
               - [ 41, 27, 4 ]
               - [ 59, 89, 4 ]
               - [ 85, 82, 2 ]
               - [ 95, 33, 2 ]
               - [ 1, 49, 0 ]
               - [ 55, 28, 3 ]
         -
            width: 47
            height: 45
            tl_x: 50
            tl_y: 52
            pyramid_level: 1
            features:
               - [ 32, 45, 4 ]
               - [ 2, 35, 7 ]
               - [ 10, 14, 3 ]
               - [ 33, 0, 3 ]
               - [ 45, 38, 2 ]
               - [ 43, 11, 5 ]
               - [ 9, 43, 6 ]
               - [ 43, 22, 1 ]
               - [ 1, 23, 1 ]
               - [ 23, 45, 3 ]
               - [ 26, 7, 1 ]
   -
      template_id: 1
      templates:
         -
            width: 94
            height: 94
            tl_x: 102
            tl_y: 102
            pyramid_level: 0
            features:
               - [ 48, 92, 3 ]
               - [ 12, 35, 3 ]
               - [ 26, 94, 5 ]
               - [ 94, 69, 1 ]
               - [ 92, 31, 2 ]
               - [ 74, 90, 3 ]
               - [ 8, 81, 6 ]
               - [ 46, 21, 1 ]
               - [ 69, 22, 3 ]
               - [ 83, 46, 1 ]
               - [ 31, 30, 4 ]
               - [ 62, 90, 4 ]
               - [ 81, 21, 4 ]
               - [ 60, 1, 3 ]
               - [ 0, 65, 7 ]
               - [ 85, 82, 2 ]
               - [ 1, 49, 1 ]
               - [ 84, 58, 7 ]
               - [ 71, 1, 0 ]
               - [ 67, 12, 1 ]
               - [ 17, 89, 6 ]
         -
            width: 47
            height: 47
            tl_x: 51
            tl_y: 51
            pyramid_level: 1
            features:
               - [ 7, 17, 3 ]
               - [ 24, 46, 3 ]
               - [ 11, 46, 5 ]
               - [ 44, 39, 2 ]
               - [ 34, 5, 1 ]
               - [ 0, 27, 0 ]
               - [ 45, 17, 2 ]
               - [ 42, 28, 7 ]
               - [ 36, 45, 4 ]
               - [ 3, 39, 6 ]
               - [ 24, 7, 1 ]
   -
      template_id: 2
      templates:
         -
            width: 96
            height: 97
            tl_x: 102
            tl_y: 100
            pyramid_level: 0
            features:
               - [ 76, 90, 3 ]
               - [ 52, 94, 3 ]
               - [ 11, 86, 6 ]
               - [ 71, 21, 3 ]
               - [ 21, 35, 3 ]
               - [ 29, 97, 5 ]
               - [ 44, 21, 0 ]
               - [ 11, 40, 2 ]
               - [ 91, 29, 2 ]
               - [ 96, 67, 1 ]
               - [ 56, 2, 2 ]
               - [ 2, 72, 7 ]
               - [ 1, 58, 0 ]
               - [ 60, 19, 2 ]
               - [ 34, 33, 4 ]
               - [ 89, 79, 2 ]
               - [ 83, 43, 1 ]
               - [ 85, 57, 6 ]
               - [ 67, 1, 0 ]
               - [ 66, 91, 4 ]
               - [ 48, 11, 1 ]
         -
            width: 48
            height: 48
            tl_x: 51
            tl_y: 50
            pyramid_level: 1
            features:
               - [ 13, 48, 5 ]
               - [ 26, 47, 3 ]
               - [ 13, 17, 4 ]
               - [ 46, 37, 1 ]
               - [ 40, 10, 4 ]
               - [ 3, 40, 7 ]
               - [ 25, 4, 2 ]
               - [ 1, 27, 1 ]
               - [ 37, 45, 4 ]
               - [ 42, 27, 7 ]
   -
      template_id: 3
      templates:
         -
            width: 95
            height: 102
            tl_x: 104
            tl_y: 96
            pyramid_level: 0
            features:
               - [ 76, 92, 3 ]
               - [ 67, 23, 3 ]
               - [ 29, 102, 5 ]
               - [ 57, 96, 3 ]
               - [ 10, 46, 2 ]
               - [ 26, 39, 3 ]
               - [ 95, 67, 1 ]
               - [ 2, 79, 7 ]
               - [ 44, 13, 1 ]
               - [ 11, 92, 6 ]
               - [ 87, 29, 1 ]
               - [ 80, 47, 0 ]
               - [ 56, 21, 1 ]
               - [ 89, 80, 1 ]
               - [ 0, 65, 0 ]
               - [ 56, 0, 3 ]
               - [ 84, 58, 6 ]
               - [ 40, 31, 7 ]
               - [ 3, 54, 1 ]
               - [ 82, 38, 1 ]
               - [ 60, 12, 1 ]
         -
            width: 47
            height: 51
            tl_x: 52
            tl_y: 48
            pyramid_level: 1
            features:
               - [ 15, 51, 5 ]
               - [ 37, 46, 4 ]
               - [ 12, 20, 3 ]
               - [ 45, 39, 1 ]
               - [ 3, 43, 6 ]
               - [ 35, 11, 3 ]
               - [ 20, 12, 0 ]
               - [ 41, 20, 1 ]
               - [ 1, 28, 1 ]
               - [ 44, 30, 5 ]
   -
      template_id: 4
      templates:
         -
            width: 96
            height: 102
            tl_x: 104
            tl_y: 98
            pyramid_level: 0
            features:
               - [ 80, 87, 3 ]
               - [ 60, 93, 3 ]
               - [ 65, 19, 3 ]
               - [ 96, 61, 1 ]
               - [ 17, 42, 3 ]
               - [ 15, 93, 6 ]
               - [ 32, 101, 4 ]
               - [ 5, 82, 7 ]
               - [ 3, 57, 1 ]
               - [ 53, 19, 1 ]
               - [ 45, 4, 2 ]
               - [ 85, 23, 1 ]
               - [ 90, 76, 1 ]
               - [ 32, 37, 3 ]
               - [ 84, 52, 6 ]
               - [ 38, 18, 1 ]
               - [ 80, 36, 1 ]
               - [ 45, 33, 2 ]
               - [ 56, 0, 7 ]
               - [ 71, 89, 3 ]
               - [ 8, 49, 2 ]
               - [ 23, 98, 5 ]
               - [ 1, 66, 0 ]
         -
            width: 48
            height: 51
            tl_x: 52
            tl_y: 49
            pyramid_level: 1
            features:
               - [ 14, 19, 3 ]
               - [ 38, 44, 3 ]
               - [ 19, 51, 4 ]
               - [ 8, 47, 6 ]
               - [ 28, 5, 0 ]
               - [ 1, 30, 1 ]
               - [ 46, 36, 1 ]
               - [ 41, 15, 1 ]
               - [ 19, 9, 1 ]
               - [ 44, 27, 5 ]
   -
      template_id: 5
      templates:
         -
            width: 95
            height: 102
            tl_x: 106
            tl_y: 98
            pyramid_level: 0
            features:
               - [ 80, 84, 3 ]
               - [ 15, 44, 3 ]
               - [ 61, 92, 3 ]
               - [ 59, 18, 3 ]
               - [ 95, 56, 0 ]
               - [ 19, 97, 5 ]
               - [ 2, 60, 1 ]
               - [ 35, 102, 4 ]
               - [ 5, 84, 7 ]
               - [ 34, 30, 7 ]
               - [ 80, 21, 1 ]
               - [ 48, 19, 1 ]
               - [ 35, 12, 1 ]
               - [ 91, 70, 1 ]
               - [ 77, 31, 0 ]
               - [ 40, 3, 2 ]
               - [ 50, 1, 7 ]
               - [ 1, 72, 0 ]
               - [ 84, 50, 5 ]
               - [ 73, 14, 4 ]
               - [ 29, 38, 3 ]
               - [ 77, 40, 0 ]
         -
            width: 47
            height: 51
            tl_x: 53
            tl_y: 49
            pyramid_level: 1
            features:
               - [ 37, 43, 3 ]
               - [ 18, 51, 4 ]
               - [ 10, 21, 3 ]
               - [ 19, 3, 1 ]
               - [ 47, 30, 1 ]
               - [ 5, 45, 6 ]
               - [ 1, 30, 1 ]
               - [ 39, 13, 1 ]
               - [ 40, 23, 6 ]
