%YAML:1.0
---
class_id: "back0warp51.png"
pyramid_levels: 2
template_pyramids:
   -
      template_id: 0
      templates:
         -
            width: 76
            height: 119
            tl_x: 100
            tl_y: 102
            pyramid_level: 0
            features:
               - [ 1, 34, 1 ]
               - [ 4, 73, 7 ]
               - [ 5, 23, 1 ]
               - [ 10, 88, 7 ]
               - [ 66, 51, 1 ]
               - [ 27, 18, 5 ]
               - [ 53, 9, 1 ]
               - [ 37, 11, 1 ]
               - [ 1, 60, 0 ]
               - [ 37, 106, 5 ]
               - [ 56, 23, 4 ]
               - [ 71, 33, 6 ]
               - [ 55, 119, 5 ]
               - [ 22, 104, 5 ]
               - [ 71, 81, 6 ]
               - [ 46, 0, 3 ]
               - [ 65, 66, 0 ]
               - [ 70, 112, 2 ]
               - [ 40, 24, 4 ]
               - [ 13, 16, 3 ]
               - [ 46, 112, 6 ]
         -
            width: 38
            height: 59
            tl_x: 50
            tl_y: 51
            pyramid_level: 1
            features:
               - [ 1, 33, 7 ]
               - [ 6, 46, 7 ]
               - [ 1, 15, 1 ]
               - [ 33, 35, 7 ]
               - [ 13, 9, 5 ]
               - [ 35, 16, 6 ]
               - [ 20, 54, 5 ]
               - [ 35, 56, 2 ]
               - [ 26, 5, 1 ]
               - [ 38, 44, 6 ]
   -
      template_id: 1
      templates:
         -
            width: 82
            height: 113
            tl_x: 98
            tl_y: 104
            pyramid_level: 0
            features:
               - [ 11, 82, 7 ]
               - [ 1, 35, 0 ]
               - [ 2, 58, 7 ]
               - [ 43, 104, 5 ]
               - [ 34, 13, 0 ]
               - [ 39, 1, 2 ]
               - [ 19, 95, 7 ]
               - [ 77, 79, 6 ]
               - [ 64, 23, 5 ]
               - [ 17, 15, 4 ]
               - [ 67, 48, 1 ]
               - [ 58, 113, 6 ]
               - [ 51, 19, 4 ]
               - [ 76, 108, 2 ]
               - [ 82, 95, 1 ]
               - [ 6, 71, 7 ]
               - [ 51, 3, 0 ]
               - [ 70, 69, 7 ]
               - [ 72, 37, 2 ]
               - [ 31, 104, 4 ]
         -
            width: 41
            height: 56
            tl_x: 49
            tl_y: 52
            pyramid_level: 1
            features:
               - [ 5, 40, 7 ]
               - [ 1, 15, 1 ]
               - [ 39, 40, 6 ]
               - [ 25, 54, 5 ]
               - [ 39, 52, 1 ]
               - [ 28, 10, 4 ]
               - [ 10, 8, 5 ]
               - [ 34, 23, 1 ]
               - [ 20, 0, 2 ]
               - [ 34, 32, 7 ]
   -
      template_id: 2
      templates:
         -
            width: 87
            height: 116
            tl_x: 96
            tl_y: 100
            pyramid_level: 0
            features:
               - [ 1, 42, 0 ]
               - [ 5, 67, 7 ]
               - [ 22, 98, 6 ]
               - [ 11, 81, 7 ]
               - [ 48, 8, 0 ]
               - [ 70, 30, 6 ]
               - [ 68, 49, 0 ]
               - [ 59, 112, 5 ]
               - [ 34, 9, 1 ]
               - [ 24, 23, 5 ]
               - [ 82, 81, 6 ]
               - [ 5, 28, 2 ]
               - [ 70, 64, 7 ]
               - [ 57, 23, 4 ]
               - [ 32, 108, 5 ]
               - [ 82, 109, 1 ]
               - [ 87, 95, 1 ]
               - [ 16, 90, 7 ]
               - [ 47, 23, 4 ]
               - [ 50, 108, 5 ]
               - [ 32, 18, 0 ]
               - [ 72, 39, 1 ]
               - [ 41, 1, 3 ]
         -
            width: 43
            height: 58
            tl_x: 48
            tl_y: 50
            pyramid_level: 1
            features:
               - [ 8, 45, 7 ]
               - [ 1, 18, 1 ]
               - [ 10, 11, 4 ]
               - [ 30, 12, 5 ]
               - [ 35, 32, 7 ]
               - [ 33, 58, 5 ]
               - [ 20, 54, 4 ]
               - [ 42, 41, 6 ]
               - [ 42, 52, 1 ]
               - [ 35, 22, 1 ]
   -
      template_id: 3
      templates:
         -
            width: 89
            height: 107
            tl_x: 96
            tl_y: 108
            pyramid_level: 0
            features:
               - [ 0, 42, 0 ]
               - [ 5, 61, 7 ]
               - [ 11, 73, 7 ]
               - [ 49, 14, 4 ]
               - [ 13, 16, 4 ]
               - [ 67, 39, 0 ]
               - [ 61, 16, 5 ]
               - [ 30, 1, 1 ]
               - [ 0, 30, 0 ]
               - [ 21, 87, 6 ]
               - [ 74, 107, 4 ]
               - [ 38, 101, 4 ]
               - [ 52, 99, 4 ]
               - [ 83, 69, 6 ]
               - [ 70, 28, 1 ]
               - [ 73, 59, 7 ]
               - [ 43, 3, 0 ]
               - [ 29, 13, 7 ]
               - [ 86, 98, 1 ]
               - [ 62, 102, 5 ]
               - [ 89, 88, 1 ]
         -
            width: 44
            height: 53
            tl_x: 48
            tl_y: 54
            pyramid_level: 1
            features:
               - [ 7, 39, 7 ]
               - [ 25, 7, 4 ]
               - [ 28, 50, 5 ]
               - [ 15, 1, 1 ]
               - [ 41, 34, 6 ]
               - [ 44, 46, 1 ]
               - [ 1, 12, 1 ]
               - [ 34, 17, 1 ]
               - [ 13, 46, 6 ]
               - [ 35, 27, 7 ]
   -
      template_id: 4
      templates:
         -
            width: 94
            height: 110
            tl_x: 94
            tl_y: 102
            pyramid_level: 0
            features:
               - [ 8, 71, 7 ]
               - [ 1, 51, 0 ]
               - [ 46, 20, 4 ]
               - [ 11, 25, 4 ]
               - [ 18, 86, 6 ]
               - [ 35, 103, 6 ]
               - [ 27, 10, 1 ]
               - [ 1, 36, 1 ]
               - [ 41, 7, 0 ]
               - [ 59, 104, 4 ]
               - [ 63, 22, 5 ]
               - [ 81, 68, 6 ]
               - [ 81, 110, 4 ]
               - [ 68, 47, 7 ]
               - [ 69, 34, 1 ]
               - [ 92, 99, 1 ]
               - [ 94, 88, 0 ]
               - [ 71, 107, 5 ]
               - [ 33, 0, 2 ]
               - [ 72, 57, 7 ]
               - [ 90, 74, 5 ]
         -
            width: 47
            height: 55
            tl_x: 47
            tl_y: 51
            pyramid_level: 1
            features:
               - [ 17, 51, 6 ]
               - [ 9, 43, 6 ]
               - [ 0, 22, 0 ]
               - [ 34, 20, 0 ]
               - [ 42, 35, 6 ]
               - [ 34, 53, 5 ]
               - [ 28, 10, 4 ]
               - [ 46, 49, 1 ]
               - [ 14, 4, 1 ]
               - [ 8, 12, 4 ]
   -
      template_id: 5
      templates:
         -
            width: 98
            height: 101
            tl_x: 92
            tl_y: 108
            pyramid_level: 0
            features:
               - [ 38, 0, 7 ]
               - [ 2, 48, 7 ]
               - [ 22, 82, 6 ]
               - [ 25, 12, 0 ]
               - [ 33, 92, 6 ]
               - [ 11, 22, 3 ]
               - [ 45, 14, 3 ]
               - [ 68, 35, 0 ]
               - [ 1, 34, 0 ]
               - [ 26, 1, 1 ]
               - [ 87, 101, 4 ]
               - [ 89, 62, 5 ]
               - [ 64, 97, 4 ]
               - [ 55, 13, 4 ]
               - [ 69, 25, 1 ]
               - [ 74, 98, 4 ]
               - [ 97, 90, 1 ]
               - [ 76, 52, 6 ]
               - [ 51, 101, 4 ]
               - [ 65, 16, 5 ]
         -
            width: 49
            height: 50
            tl_x: 46
            tl_y: 54
            pyramid_level: 1
            features:
               - [ 14, 44, 6 ]
               - [ 37, 49, 4 ]
               - [ 34, 16, 0 ]
               - [ 43, 30, 5 ]
               - [ 6, 11, 3 ]
               - [ 19, 1, 0 ]
               - [ 21, 49, 5 ]
               - [ 49, 42, 0 ]
               - [ 30, 7, 5 ]
               - [ 23, 7, 3 ]
               - [ 30, 49, 3 ]
               - [ 1, 16, 1 ]
   -
      template_id: 6
      templates:
         -
