%YAML:1.0
---
class_id: "back0warp118.png"
pyramid_levels: 2
template_pyramids:
   -
      template_id: 0
      templates:
         -
            width: 84
            height: 99
            tl_x: 100
            tl_y: 100
            pyramid_level: 0
            features:
               - [ 48, 15, 1 ]
               - [ 69, 10, 1 ]
               - [ 83, 88, 1 ]
               - [ 17, 79, 6 ]
               - [ 9, 66, 7 ]
               - [ 79, 76, 7 ]
               - [ 56, 97, 5 ]
               - [ 84, 40, 7 ]
               - [ 35, 94, 4 ]
               - [ 69, 28, 5 ]
               - [ 76, 60, 1 ]
               - [ 25, 11, 5 ]
               - [ 3, 52, 7 ]
               - [ 37, 17, 5 ]
               - [ 1, 28, 0 ]
               - [ 74, 99, 2 ]
               - [ 1, 41, 0 ]
               - [ 62, 1, 4 ]
               - [ 6, 16, 2 ]
               - [ 26, 89, 6 ]
               - [ 62, 20, 2 ]
         -
            width: 42
            height: 49
            tl_x: 50
            tl_y: 50
            pyramid_level: 1
            features:
               - [ 23, 47, 4 ]
               - [ 4, 32, 7 ]
               - [ 34, 6, 1 ]
               - [ 16, 7, 5 ]
               - [ 38, 34, 0 ]
               - [ 40, 46, 2 ]
               - [ 25, 5, 1 ]
               - [ 1, 12, 1 ]
               - [ 41, 19, 6 ]
               - [ 8, 39, 6 ]
               - [ 1, 24, 7 ]
               - [ 15, 46, 5 ]
   -
      template_id: 1
      templates:
         -
            width: 89
            height: 96
            tl_x: 98
            tl_y: 100
            pyramid_level: 0
            features:
               - [ 89, 83, 1 ]
               - [ 66, 25, 5 ]
               - [ 47, 14, 1 ]
               - [ 59, 95, 5 ]
               - [ 85, 37, 6 ]
               - [ 10, 65, 7 ]
               - [ 5, 54, 7 ]
               - [ 32, 16, 5 ]
               - [ 82, 71, 7 ]
               - [ 81, 95, 2 ]
               - [ 24, 84, 6 ]
               - [ 47, 94, 4 ]
               - [ 67, 9, 0 ]
               - [ 80, 52, 1 ]
               - [ 1, 32, 0 ]
               - [ 20, 12, 4 ]
               - [ 8, 16, 2 ]
               - [ 58, 0, 3 ]
               - [ 2, 43, 0 ]
               - [ 77, 29, 5 ]
         -
            width: 44
            height: 48
            tl_x: 49
            tl_y: 50
            pyramid_level: 1
            features:
               - [ 31, 48, 5 ]
               - [ 16, 8, 5 ]
               - [ 2, 26, 7 ]
               - [ 35, 13, 5 ]
               - [ 13, 43, 6 ]
               - [ 43, 44, 1 ]
               - [ 40, 33, 7 ]
               - [ 1, 14, 1 ]
               - [ 29, 0, 3 ]
               - [ 41, 24, 1 ]
   -
      template_id: 2
      templates:
         -
            width: 91
            height: 96
            tl_x: 98
            tl_y: 98
            pyramid_level: 0
            features:
               - [ 23, 84, 6 ]
               - [ 65, 96, 5 ]
               - [ 44, 14, 0 ]
               - [ 14, 74, 6 ]
               - [ 1, 48, 7 ]
               - [ 63, 11, 0 ]
               - [ 53, 95, 4 ]
               - [ 67, 26, 4 ]
               - [ 79, 56, 0 ]
               - [ 84, 36, 6 ]
               - [ 91, 83, 1 ]
               - [ 21, 17, 4 ]
               - [ 84, 95, 2 ]
               - [ 36, 94, 6 ]
               - [ 2, 26, 1 ]
               - [ 54, 1, 3 ]
               - [ 49, 27, 4 ]
               - [ 5, 59, 7 ]
               - [ 82, 67, 7 ]
               - [ 32, 20, 5 ]
         -
            width: 45
            height: 48
            tl_x: 49
            tl_y: 49
            pyramid_level: 1
            features:
               - [ 32, 48, 5 ]
               - [ 14, 44, 6 ]
               - [ 43, 46, 2 ]
               - [ 13, 9, 5 ]
               - [ 34, 13, 5 ]
               - [ 2, 28, 7 ]
               - [ 22, 7, 0 ]
               - [ 40, 31, 7 ]
               - [ 1, 13, 1 ]
               - [ 8, 38, 6 ]
               - [ 24, 48, 4 ]
               - [ 41, 23, 1 ]
   -
      template_id: 3
      templates:
         -
            width: 95
            height: 97
            tl_x: 96
            tl_y: 98
            pyramid_level: 0
            features:
               - [ 61, 3, 0 ]
               - [ 32, 89, 5 ]
               - [ 43, 20, 7 ]
               - [ 3, 53, 7 ]
               - [ 91, 70, 6 ]
               - [ 65, 24, 4 ]
               - [ 59, 94, 3 ]
               - [ 84, 32, 6 ]
               - [ 8, 63, 7 ]
               - [ 95, 80, 1 ]
               - [ 49, 97, 4 ]
               - [ 15, 73, 6 ]
               - [ 70, 94, 4 ]
               - [ 19, 19, 4 ]
               - [ 75, 26, 5 ]
               - [ 29, 21, 4 ]
               - [ 81, 51, 0 ]
               - [ 2, 29, 1 ]
               - [ 44, 8, 1 ]
               - [ 40, 94, 5 ]
               - [ 1, 44, 7 ]
               - [ 52, 0, 3 ]
               - [ 10, 21, 3 ]
               - [ 57, 19, 2 ]
         -
            width: 47
            height: 48
            tl_x: 48
            tl_y: 49
            pyramid_level: 1
            features:
               - [ 34, 47, 4 ]
               - [ 13, 42, 6 ]
               - [ 33, 12, 4 ]
               - [ 12, 10, 4 ]
               - [ 3, 30, 7 ]
               - [ 47, 41, 1 ]
               - [ 42, 31, 7 ]
               - [ 1, 15, 1 ]
               - [ 22, 4, 1 ]
               - [ 20, 47, 5 ]
   -
      template_id: 4
      templates:
         -
            width: 96
            height: 94
            tl_x: 96
            tl_y: 100
            pyramid_level: 0
            features:
               - [ 57, 1, 7 ]
               - [ 3, 54, 7 ]
               - [ 74, 90, 4 ]
               - [ 35, 88, 5 ]
               - [ 40, 18, 7 ]
               - [ 20, 77, 6 ]
               - [ 92, 64, 5 ]
               - [ 82, 27, 6 ]
               - [ 62, 91, 3 ]
               - [ 84, 56, 7 ]
               - [ 96, 78, 1 ]
               - [ 45, 93, 5 ]
               - [ 29, 21, 5 ]
               - [ 69, 21, 5 ]
               - [ 17, 20, 4 ]
               - [ 91, 88, 2 ]
               - [ 0, 32, 1 ]
               - [ 57, 21, 3 ]
               - [ 40, 7, 1 ]
               - [ 8, 63, 7 ]
         -
            width: 48
            height: 47
            tl_x: 48
            tl_y: 50
            pyramid_level: 1
            features:
               - [ 37, 45, 4 ]
               - [ 46, 32, 6 ]
               - [ 16, 43, 5 ]
               - [ 10, 10, 4 ]
               - [ 5, 33, 6 ]
               - [ 36, 11, 5 ]
               - [ 27, 47, 4 ]
               - [ 20, 4, 1 ]
               - [ 0, 17, 0 ]
               - [ 41, 19, 1 ]
               - [ 29, 3, 0 ]
   -
      template_id: 5
      templates:
         -
            width: 100
            height: 96
            tl_x: 94
            tl_y: 98
            pyramid_level: 0
            features:
               - [ 54, 1, 7 ]
               - [ 39, 21, 7 ]
               - [ 73, 90, 3 ]
               - [ 95, 62, 5 ]
               - [ 43, 92, 5 ]
               - [ 58, 96, 3 ]
               - [ 6, 61, 7 ]
               - [ 23, 80, 6 ]
               - [ 78, 24, 5 ]
               - [ 65, 21, 4 ]
               - [ 55, 13, 1 ]
               - [ 100, 76, 1 ]
               - [ 82, 43, 0 ]
               - [ 1, 49, 7 ]
               - [ 14, 25, 4 ]
               - [ 1, 36, 1 ]
               - [ 40, 5, 1 ]
               - [ 33, 87, 5 ]
               - [ 25, 25, 4 ]
               - [ 85, 53, 7 ]
         -
            width: 50
            height: 48
            tl_x: 47
            tl_y: 49
            pyramid_level: 1
            features:
               - [ 19, 45, 5 ]
               - [ 9, 38, 6 ]
               - [ 42, 45, 4 ]
               - [ 50, 38, 1 ]
               - [ 19, 7, 0 ]
               - [ 39, 12, 5 ]
               - [ 43, 27, 7 ]
               - [ 29, 48, 4 ]
               - [ 0, 21, 0 ]
               - [ 11, 12, 4 ]
               - [ 28, 4, 0 ]
   -
