%YAML:1.0
---
class_id: "back0warp40.png"
pyramid_levels: 2
template_pyramids:
   -
      template_id: 0
      templates:
         -
            width: 87
            height: 111
            tl_x: 100
            tl_y: 100
            pyramid_level: 0
            features:
               - [ 75, 65, 7 ]
               - [ 23, 12, 5 ]
               - [ 4, 64, 7 ]
               - [ 64, 22, 5 ]
               - [ 17, 89, 7 ]
               - [ 42, 13, 1 ]
               - [ 44, 99, 5 ]
               - [ 10, 78, 7 ]
               - [ 81, 33, 6 ]
               - [ 2, 27, 1 ]
               - [ 74, 51, 1 ]
               - [ 11, 14, 3 ]
               - [ 84, 79, 6 ]
               - [ 53, 1, 3 ]
               - [ 56, 106, 6 ]
               - [ 59, 12, 1 ]
               - [ 87, 94, 1 ]
               - [ 31, 97, 4 ]
               - [ 74, 111, 3 ]
               - [ 1, 54, 0 ]
         -
            width: 43
            height: 55
            tl_x: 50
            tl_y: 50
            pyramid_level: 1
            features:
               - [ 2, 32, 7 ]
               - [ 32, 11, 5 ]
               - [ 8, 44, 7 ]
               - [ 28, 53, 6 ]
               - [ 40, 37, 6 ]
               - [ 14, 7, 5 ]
               - [ 2, 11, 1 ]
               - [ 43, 48, 1 ]
               - [ 37, 26, 0 ]
               - [ 24, 2, 2 ]
   -
      template_id: 1
      templates:
         -
            width: 92
            height: 102
            tl_x: 98
            tl_y: 102
            pyramid_level: 0
            features:
               - [ 21, 12, 4 ]
               - [ 14, 79, 6 ]
               - [ 79, 63, 7 ]
               - [ 23, 91, 6 ]
               - [ 3, 56, 7 ]
               - [ 41, 9, 1 ]
               - [ 47, 96, 5 ]
               - [ 59, 18, 4 ]
               - [ 81, 28, 6 ]
               - [ 89, 75, 6 ]
               - [ 1, 32, 0 ]
               - [ 59, 1, 0 ]
               - [ 76, 44, 1 ]
               - [ 60, 102, 5 ]
               - [ 92, 89, 1 ]
               - [ 5, 20, 1 ]
               - [ 86, 100, 2 ]
               - [ 7, 66, 7 ]
               - [ 69, 20, 5 ]
               - [ 37, 96, 4 ]
         -
            width: 46
            height: 51
            tl_x: 49
            tl_y: 51
            pyramid_level: 1
            features:
               - [ 3, 32, 7 ]
               - [ 43, 36, 6 ]
               - [ 34, 10, 5 ]
               - [ 30, 51, 5 ]
               - [ 10, 6, 4 ]
               - [ 11, 45, 6 ]
               - [ 24, 0, 3 ]
               - [ 38, 22, 1 ]
               - [ 1, 14, 1 ]
               - [ 44, 48, 1 ]
   -
      template_id: 2
      templates:
         -
            width: 97
            height: 104
            tl_x: 96
            tl_y: 102
            pyramid_level: 0
            features:
               - [ 22, 86, 6 ]
               - [ 58, 17, 4 ]
               - [ 81, 59, 7 ]
               - [ 29, 16, 5 ]
               - [ 39, 9, 1 ]
               - [ 56, 1, 0 ]
               - [ 70, 19, 5 ]
               - [ 10, 69, 7 ]
               - [ 6, 21, 2 ]
               - [ 53, 96, 4 ]
               - [ 90, 69, 6 ]
               - [ 4, 56, 7 ]
               - [ 73, 104, 5 ]
               - [ 36, 97, 4 ]
               - [ 77, 41, 1 ]
               - [ 97, 84, 1 ]
               - [ 1, 36, 0 ]
               - [ 15, 15, 3 ]
               - [ 79, 24, 6 ]
               - [ 45, 0, 2 ]
         -
            width: 48
            height: 52
            tl_x: 48
            tl_y: 51
            pyramid_level: 1
            features:
               - [ 14, 8, 5 ]
               - [ 33, 9, 5 ]
               - [ 12, 44, 6 ]
               - [ 1, 15, 1 ]
               - [ 4, 33, 7 ]
               - [ 30, 49, 5 ]
               - [ 41, 30, 7 ]
               - [ 47, 46, 1 ]
               - [ 39, 19, 1 ]
               - [ 6, 8, 3 ]
               - [ 28, 2, 0 ]
   -
      template_id: 3
      templates:
         -
            width: 97
            height: 104
            tl_x: 98
            tl_y: 100
            pyramid_level: 0
            features:
               - [ 33, 13, 0 ]
               - [ 79, 58, 6 ]
               - [ 16, 19, 4 ]
               - [ 9, 74, 7 ]
               - [ 0, 29, 1 ]
               - [ 58, 18, 4 ]
               - [ 37, 100, 4 ]
               - [ 2, 61, 7 ]
               - [ 28, 95, 6 ]
               - [ 40, 1, 3 ]
               - [ 75, 24, 5 ]
               - [ 49, 10, 1 ]
               - [ 15, 82, 6 ]
               - [ 90, 68, 6 ]
               - [ 58, 98, 4 ]
               - [ 76, 104, 5 ]
               - [ 97, 84, 1 ]
               - [ 74, 46, 0 ]
               - [ 92, 97, 1 ]
               - [ 49, 1, 7 ]
               - [ 49, 19, 3 ]
               - [ 76, 33, 1 ]
               - [ 49, 98, 4 ]
         -
            width: 48
            height: 52
            tl_x: 49
            tl_y: 50
            pyramid_level: 1
            features:
               - [ 6, 39, 6 ]
               - [ 36, 51, 5 ]
               - [ 11, 10, 4 ]
               - [ 45, 34, 5 ]
               - [ 25, 49, 4 ]
               - [ 29, 9, 4 ]
               - [ 37, 20, 0 ]
               - [ 15, 48, 6 ]
               - [ 2, 12, 2 ]
               - [ 48, 43, 1 ]
   -
      template_id: 4
      templates:
         -
            width: 103
            height: 99
            tl_x: 94
            tl_y: 102
            pyramid_level: 0
            features:
               - [ 10, 69, 7 ]
               - [ 54, 16, 4 ]
               - [ 12, 21, 3 ]
               - [ 36, 95, 6 ]
               - [ 83, 53, 6 ]
               - [ 24, 20, 4 ]
               - [ 33, 13, 0 ]
               - [ 66, 16, 4 ]
               - [ 49, 1, 0 ]
               - [ 83, 99, 5 ]
               - [ 76, 37, 0 ]
               - [ 27, 88, 6 ]
               - [ 96, 63, 5 ]
               - [ 68, 95, 5 ]
               - [ 2, 30, 1 ]
               - [ 103, 78, 0 ]
               - [ 55, 96, 3 ]
               - [ 0, 41, 0 ]
               - [ 100, 90, 1 ]
               - [ 39, 0, 2 ]
         -
            width: 51
            height: 49
            tl_x: 47
            tl_y: 51
            pyramid_level: 1
            features:
               - [ 15, 45, 6 ]
               - [ 9, 10, 4 ]
               - [ 40, 49, 5 ]
               - [ 33, 8, 4 ]
               - [ 6, 36, 6 ]
               - [ 42, 27, 6 ]
               - [ 28, 48, 3 ]
               - [ 51, 41, 1 ]
               - [ 0, 20, 0 ]
               - [ 17, 4, 1 ]
   -
      template_id: 5
      templates:
         -
            width: 105
            height: 97
            tl_x: 94
            tl_y: 102
            pyramid_level: 0
            features:
               - [ 44, 1, 7 ]
               - [ 26, 87, 6 ]
               - [ 11, 72, 6 ]
               - [ 54, 15, 3 ]
               - [ 10, 24, 3 ]
               - [ 30, 17, 7 ]
               - [ 41, 97, 5 ]
               - [ 100, 60, 5 ]
               - [ 87, 96, 5 ]
               - [ 71, 17, 5 ]
               - [ 0, 35, 1 ]
               - [ 75, 37, 7 ]
               - [ 0, 48, 0 ]
               - [ 86, 53, 6 ]
               - [ 105, 72, 0 ]
               - [ 64, 94, 4 ]
               - [ 103, 85, 1 ]
               - [ 31, 6, 1 ]
               - [ 43, 13, 1 ]
               - [ 76, 94, 4 ]
         -
            width: 52
            height: 48
            tl_x: 47
            tl_y: 51
            pyramid_level: 1
            features:
               - [ 15, 45, 5 ]
               - [ 32, 47, 3 ]
               - [ 34, 8, 5 ]
               - [ 0, 18, 1 ]
               - [ 44, 27, 5 ]
               - [ 44, 48, 4 ]
               - [ 52, 40, 0 ]
               - [ 15, 5, 0 ]
               - [ 37, 17, 0 ]
               - [ 6, 12, 3 ]
               - [ 26, 8, 4 ]
   -
      template_id: 6
      templates:
         -
            width: 108
            height: 99
            tl_x: 92
            tl_y: 102
            pyramid_level: 0
