%YAML:1.0
---
class_id: "back0warp68.png"
pyramid_levels: 2
template_pyramids:
   -
      template_id: 0
      templates:
         -
            width: 96
            height: 117
            tl_x: 100
            tl_y: 100
            pyramid_level: 0
            features:
               - [ 53, 20, 1 ]
               - [ 41, 26, 5 ]
               - [ 95, 97, 1 ]
               - [ 72, 15, 1 ]
               - [ 69, 117, 5 ]
               - [ 7, 40, 1 ]
               - [ 1, 71, 7 ]
               - [ 20, 111, 6 ]
               - [ 93, 32, 6 ]
               - [ 60, 7, 2 ]
               - [ 84, 114, 2 ]
               - [ 87, 68, 7 ]
               - [ 51, 115, 4 ]
               - [ 29, 25, 4 ]
               - [ 89, 47, 1 ]
               - [ 17, 29, 3 ]
               - [ 12, 102, 7 ]
               - [ 2, 54, 0 ]
               - [ 4, 86, 7 ]
               - [ 93, 78, 6 ]
               - [ 77, 25, 4 ]
               - [ 70, 1, 3 ]
         -
            width: 48
            height: 58
            tl_x: 50
            tl_y: 50
            pyramid_level: 1
            features:
               - [ 20, 13, 4 ]
               - [ 4, 19, 1 ]
               - [ 43, 32, 0 ]
               - [ 32, 2, 3 ]
               - [ 6, 51, 7 ]
               - [ 33, 58, 5 ]
               - [ 41, 13, 5 ]
               - [ 1, 39, 0 ]
               - [ 48, 48, 1 ]
               - [ 23, 58, 3 ]
   -
      template_id: 1
      templates:
         -
            width: 97
            height: 116
            tl_x: 102
            tl_y: 102
            pyramid_level: 0
            features:
               - [ 36, 25, 4 ]
               - [ 97, 89, 1 ]
               - [ 66, 11, 1 ]
               - [ 72, 113, 5 ]
               - [ 0, 72, 7 ]
               - [ 49, 12, 1 ]
               - [ 28, 116, 6 ]
               - [ 84, 57, 7 ]
               - [ 56, 112, 4 ]
               - [ 23, 25, 4 ]
               - [ 85, 110, 2 ]
               - [ 16, 106, 6 ]
               - [ 3, 84, 7 ]
               - [ 96, 75, 5 ]
               - [ 89, 36, 1 ]
               - [ 57, 1, 2 ]
               - [ 6, 37, 1 ]
               - [ 81, 22, 5 ]
               - [ 1, 48, 1 ]
               - [ 8, 94, 7 ]
               - [ 65, 22, 3 ]
         -
            width: 48
            height: 58
            tl_x: 51
            tl_y: 51
            pyramid_level: 1
            features:
               - [ 30, 56, 4 ]
               - [ 47, 48, 1 ]
               - [ 1, 23, 1 ]
               - [ 10, 55, 6 ]
               - [ 43, 21, 1 ]
               - [ 25, 5, 1 ]
               - [ 46, 36, 6 ]
               - [ 1, 40, 7 ]
               - [ 10, 13, 3 ]
               - [ 35, 11, 4 ]
   -
      template_id: 2
      templates:
         -
            width: 99
            height: 116
            tl_x: 102
            tl_y: 100
            pyramid_level: 0
            features:
               - [ 44, 20, 0 ]
               - [ 61, 113, 3 ]
               - [ 25, 114, 6 ]
               - [ 99, 88, 1 ]
               - [ 61, 14, 1 ]
               - [ 0, 72, 0 ]
               - [ 2, 48, 1 ]
               - [ 78, 113, 4 ]
               - [ 86, 62, 7 ]
               - [ 48, 7, 1 ]
               - [ 21, 29, 3 ]
               - [ 96, 72, 5 ]
               - [ 91, 107, 2 ]
               - [ 87, 34, 1 ]
               - [ 4, 87, 7 ]
               - [ 80, 22, 5 ]
               - [ 63, 1, 0 ]
               - [ 34, 28, 4 ]
               - [ 10, 98, 6 ]
               - [ 83, 46, 0 ]
               - [ 10, 35, 2 ]
         -
            width: 49
            height: 58
            tl_x: 51
            tl_y: 50
            pyramid_level: 1
            features:
               - [ 14, 58, 5 ]
               - [ 1, 24, 1 ]
               - [ 15, 14, 4 ]
               - [ 29, 57, 3 ]
               - [ 49, 45, 1 ]
               - [ 43, 18, 1 ]
               - [ 2, 43, 7 ]
               - [ 43, 31, 7 ]
               - [ 31, 5, 1 ]
               - [ 45, 54, 2 ]
   -
      template_id: 3
      templates:
         -
            width: 102
            height: 116
            tl_x: 102
            tl_y: 100
            pyramid_level: 0
            features:
               - [ 2, 79, 7 ]
               - [ 65, 112, 3 ]
               - [ 101, 85, 1 ]
               - [ 30, 116, 5 ]
               - [ 27, 30, 4 ]
               - [ 41, 23, 7 ]
               - [ 57, 13, 1 ]
               - [ 1, 52, 1 ]
               - [ 85, 57, 7 ]
               - [ 82, 110, 4 ]
               - [ 81, 21, 5 ]
               - [ 42, 11, 1 ]
               - [ 84, 33, 1 ]
               - [ 98, 68, 5 ]
               - [ 95, 103, 1 ]
               - [ 58, 0, 0 ]
               - [ 7, 40, 2 ]
               - [ 9, 95, 7 ]
               - [ 0, 66, 0 ]
               - [ 67, 19, 3 ]
         -
            width: 51
            height: 58
            tl_x: 51
            tl_y: 50
            pyramid_level: 1
            features:
               - [ 13, 15, 4 ]
               - [ 15, 58, 5 ]
               - [ 51, 39, 0 ]
               - [ 38, 55, 4 ]
               - [ 29, 4, 0 ]
               - [ 1, 25, 1 ]
               - [ 41, 20, 0 ]
               - [ 5, 48, 7 ]
               - [ 39, 10, 5 ]
               - [ 49, 48, 1 ]
               - [ 0, 34, 0 ]
               - [ 43, 29, 7 ]
               - [ 29, 58, 2 ]
   -
      template_id: 4
      templates:
         -
            width: 103
            height: 118
            tl_x: 102
            tl_y: 100
            pyramid_level: 0
            features:
               - [ 70, 110, 3 ]
               - [ 30, 31, 4 ]
               - [ 4, 84, 7 ]
               - [ 37, 17, 0 ]
               - [ 103, 80, 0 ]
               - [ 53, 11, 0 ]
               - [ 1, 54, 1 ]
               - [ 87, 107, 4 ]
               - [ 36, 118, 5 ]
               - [ 79, 19, 5 ]
               - [ 87, 57, 6 ]
               - [ 16, 34, 3 ]
               - [ 100, 95, 1 ]
               - [ 12, 98, 6 ]
               - [ 44, 0, 2 ]
               - [ 80, 40, 0 ]
               - [ 47, 27, 2 ]
               - [ 99, 64, 5 ]
               - [ 65, 17, 4 ]
               - [ 25, 111, 6 ]
         -
            width: 51
            height: 59
            tl_x: 51
            tl_y: 50
            pyramid_level: 1
            features:
               - [ 12, 16, 4 ]
               - [ 18, 59, 5 ]
               - [ 51, 43, 0 ]
               - [ 0, 30, 0 ]
               - [ 31, 9, 3 ]
               - [ 35, 55, 3 ]
               - [ 19, 6, 1 ]
               - [ 6, 49, 6 ]
               - [ 44, 29, 6 ]
               - [ 41, 14, 1 ]
   -
      template_id: 5
      templates:
         -
            width: 105
            height: 113
            tl_x: 102
            tl_y: 106
            pyramid_level: 0
            features:
               - [ 6, 81, 7 ]
               - [ 74, 102, 3 ]
               - [ 34, 18, 7 ]
               - [ 26, 27, 3 ]
               - [ 42, 113, 5 ]
               - [ 49, 3, 0 ]
               - [ 83, 43, 7 ]
               - [ 35, 1, 1 ]
               - [ 79, 19, 0 ]
               - [ 1, 50, 0 ]
               - [ 97, 53, 5 ]
               - [ 102, 88, 1 ]
               - [ 93, 97, 3 ]
               - [ 70, 9, 4 ]
               - [ 105, 68, 0 ]
               - [ 13, 92, 6 ]
               - [ 7, 37, 2 ]
               - [ 2, 69, 7 ]
               - [ 27, 105, 6 ]
               - [ 54, 13, 3 ]
         -
            width: 52
            height: 56
            tl_x: 51
            tl_y: 53
            pyramid_level: 1
            features:
               - [ 52, 38, 0 ]
               - [ 11, 14, 3 ]
               - [ 37, 51, 3 ]
               - [ 20, 56, 5 ]
               - [ 42, 22, 6 ]
               - [ 17, 2, 1 ]
               - [ 2, 21, 1 ]
               - [ 30, 5, 3 ]
               - [ 10, 50, 6 ]
               - [ 39, 13, 0 ]
   -
      template_id: 6
      templates:
         -
            width: 106
