%YAML:1.0
---
class_id: "back0warp114.png"
pyramid_levels: 2
template_pyramids:
   -
      template_id: 0
      templates:
         -
            width: 93
            height: 102
            tl_x: 102
            tl_y: 104
            pyramid_level: 0
            features:
               - [ 44, 101, 3 ]
               - [ 72, 102, 3 ]
               - [ 23, 101, 6 ]
               - [ 16, 30, 3 ]
               - [ 50, 15, 1 ]
               - [ 88, 43, 2 ]
               - [ 93, 80, 1 ]
               - [ 1, 74, 7 ]
               - [ 29, 28, 4 ]
               - [ 82, 55, 1 ]
               - [ 2, 44, 1 ]
               - [ 7, 86, 7 ]
               - [ 80, 24, 4 ]
               - [ 57, 101, 4 ]
               - [ 73, 6, 1 ]
               - [ 85, 69, 6 ]
               - [ 63, 21, 2 ]
               - [ 58, 4, 2 ]
               - [ 44, 30, 4 ]
               - [ 86, 90, 2 ]
         -
            width: 46
            height: 51
            tl_x: 51
            tl_y: 52
            pyramid_level: 1
            features:
               - [ 43, 45, 2 ]
               - [ 0, 35, 7 ]
               - [ 16, 14, 4 ]
               - [ 11, 50, 5 ]
               - [ 38, 12, 4 ]
               - [ 25, 50, 4 ]
               - [ 1, 22, 1 ]
               - [ 32, 0, 3 ]
               - [ 42, 25, 1 ]
               - [ 25, 8, 1 ]
   -
      template_id: 1
      templates:
         -
            width: 93
            height: 104
            tl_x: 102
            tl_y: 104
            pyramid_level: 0
            features:
               - [ 49, 101, 3 ]
               - [ 83, 95, 2 ]
               - [ 47, 15, 1 ]
               - [ 23, 30, 4 ]
               - [ 70, 22, 4 ]
               - [ 2, 75, 7 ]
               - [ 92, 33, 2 ]
               - [ 69, 4, 1 ]
               - [ 83, 49, 1 ]
               - [ 29, 104, 5 ]
               - [ 1, 50, 1 ]
               - [ 93, 81, 1 ]
               - [ 55, 2, 2 ]
               - [ 18, 97, 6 ]
               - [ 11, 35, 2 ]
               - [ 36, 30, 4 ]
               - [ 85, 64, 7 ]
               - [ 83, 22, 4 ]
               - [ 61, 100, 4 ]
               - [ 9, 88, 6 ]
         -
            width: 46
            height: 52
            tl_x: 51
            tl_y: 52
            pyramid_level: 1
            features:
               - [ 23, 51, 3 ]
               - [ 1, 37, 7 ]
               - [ 29, 0, 2 ]
               - [ 42, 23, 1 ]
               - [ 45, 43, 1 ]
               - [ 12, 15, 4 ]
               - [ 36, 11, 4 ]
               - [ 1, 24, 1 ]
               - [ 7, 47, 6 ]
               - [ 23, 9, 1 ]
   -
      template_id: 2
      templates:
         -
            width: 96
            height: 103
            tl_x: 102
            tl_y: 106
            pyramid_level: 0
            features:
               - [ 55, 98, 3 ]
               - [ 78, 96, 3 ]
               - [ 86, 34, 1 ]
               - [ 65, 19, 3 ]
               - [ 90, 85, 2 ]
               - [ 6, 80, 7 ]
               - [ 33, 103, 5 ]
               - [ 50, 1, 2 ]
               - [ 43, 19, 0 ]
               - [ 90, 62, 5 ]
               - [ 22, 30, 3 ]
               - [ 65, 0, 0 ]
               - [ 96, 74, 1 ]
               - [ 2, 49, 1 ]
               - [ 85, 18, 5 ]
               - [ 33, 29, 4 ]
               - [ 15, 92, 6 ]
               - [ 83, 51, 7 ]
               - [ 52, 26, 3 ]
               - [ 2, 70, 7 ]
               - [ 0, 59, 0 ]
         -
            width: 48
            height: 51
            tl_x: 51
            tl_y: 53
            pyramid_level: 1
            features:
               - [ 25, 50, 3 ]
               - [ 46, 41, 1 ]
               - [ 2, 38, 7 ]
               - [ 32, 2, 1 ]
               - [ 11, 15, 3 ]
               - [ 42, 20, 1 ]
               - [ 1, 25, 1 ]
               - [ 9, 47, 6 ]
               - [ 22, 7, 1 ]
               - [ 42, 9, 5 ]
   -
      template_id: 3
      templates:
         -
            width: 97
            height: 104
            tl_x: 104
            tl_y: 106
            pyramid_level: 0
            features:
               - [ 80, 93, 3 ]
               - [ 58, 97, 3 ]
               - [ 6, 82, 7 ]
               - [ 90, 83, 1 ]
               - [ 11, 36, 2 ]
               - [ 62, 17, 3 ]
               - [ 36, 104, 5 ]
               - [ 83, 30, 1 ]
               - [ 18, 95, 6 ]
               - [ 0, 54, 0 ]
               - [ 30, 30, 4 ]
               - [ 97, 66, 1 ]
               - [ 44, 1, 1 ]
               - [ 87, 57, 6 ]
               - [ 39, 14, 0 ]
               - [ 58, 4, 1 ]
               - [ 80, 15, 5 ]
               - [ 80, 44, 0 ]
               - [ 45, 28, 3 ]
               - [ 0, 66, 7 ]
         -
            width: 48
            height: 52
            tl_x: 52
            tl_y: 53
            pyramid_level: 1
            features:
               - [ 15, 51, 5 ]
               - [ 42, 14, 1 ]
               - [ 28, 49, 3 ]
               - [ 3, 41, 7 ]
               - [ 44, 43, 2 ]
               - [ 29, 2, 0 ]
               - [ 0, 27, 0 ]
               - [ 10, 16, 3 ]
               - [ 45, 29, 5 ]
               - [ 20, 5, 1 ]
   -
      template_id: 4
      templates:
         -
            width: 98
            height: 105
            tl_x: 104
            tl_y: 106
            pyramid_level: 0
            features:
               - [ 84, 90, 3 ]
               - [ 4, 77, 7 ]
               - [ 57, 99, 2 ]
               - [ 9, 40, 2 ]
               - [ 70, 93, 4 ]
               - [ 92, 81, 1 ]
               - [ 42, 105, 4 ]
               - [ 81, 28, 1 ]
               - [ 36, 19, 0 ]
               - [ 40, 1, 1 ]
               - [ 58, 16, 3 ]
               - [ 30, 31, 4 ]
               - [ 89, 54, 5 ]
               - [ 80, 41, 0 ]
               - [ 98, 63, 0 ]
               - [ 20, 96, 6 ]
               - [ 1, 56, 0 ]
               - [ 77, 12, 4 ]
               - [ 54, 4, 0 ]
               - [ 19, 34, 3 ]
         -
            width: 49
            height: 52
            tl_x: 52
            tl_y: 53
            pyramid_level: 1
            features:
               - [ 47, 38, 1 ]
               - [ 33, 47, 3 ]
               - [ 40, 16, 0 ]
               - [ 13, 16, 3 ]
               - [ 19, 52, 5 ]
               - [ 19, 3, 1 ]
               - [ 5, 43, 6 ]
               - [ 1, 26, 1 ]
               - [ 32, 7, 3 ]
               - [ 45, 27, 5 ]
   -
      template_id: 5
      templates:
         -
            width: 97
            height: 106
            tl_x: 106
            tl_y: 104
            pyramid_level: 0
            features:
               - [ 64, 96, 3 ]
               - [ 86, 88, 3 ]
               - [ 52, 18, 3 ]
               - [ 5, 83, 7 ]
               - [ 94, 75, 1 ]
               - [ 77, 27, 0 ]
               - [ 32, 25, 7 ]
               - [ 25, 35, 3 ]
               - [ 77, 40, 0 ]
               - [ 90, 53, 5 ]
               - [ 33, 6, 1 ]
               - [ 39, 106, 4 ]
               - [ 48, 0, 0 ]
               - [ 24, 101, 5 ]
               - [ 5, 47, 2 ]
               - [ 0, 67, 0 ]
               - [ 64, 12, 3 ]
               - [ 78, 13, 5 ]
               - [ 97, 62, 0 ]
               - [ 14, 39, 3 ]
         -
            width: 48
            height: 53
            tl_x: 53
            tl_y: 52
            pyramid_level: 1
            features:
               - [ 20, 53, 4 ]
               - [ 0, 33, 0 ]
               - [ 37, 46, 3 ]
               - [ 11, 18, 3 ]
               - [ 6, 46, 6 ]
               - [ 24, 1, 0 ]
               - [ 47, 37, 1 ]
               - [ 39, 12, 1 ]
               - [ 40, 23, 6 ]
               - [ 3, 23, 2 ]
               - [ 16, 10, 0 ]
   -
      template_id: 6
      templates:
         -
            width: 98
            height: 110
            tl_x: 106
            tl_y: 100
            pyramid_level: 0
            features:
               - [ 88, 89, 3 ]
               - [ 68, 98, 2 ]
