%YAML:1.0
---
class_id: "back0warp89.png"
pyramid_levels: 2
template_pyramids:
   -
      template_id: 0
      templates:
         -
            width: 91
            height: 117
            tl_x: 100
            tl_y: 102
            pyramid_level: 0
            features:
               - [ 47, 20, 1 ]
               - [ 42, 116, 3 ]
               - [ 55, 117, 5 ]
               - [ 68, 11, 1 ]
               - [ 82, 77, 7 ]
               - [ 1, 58, 1 ]
               - [ 9, 100, 7 ]
               - [ 87, 45, 2 ]
               - [ 15, 34, 3 ]
               - [ 80, 112, 2 ]
               - [ 16, 110, 6 ]
               - [ 72, 27, 4 ]
               - [ 38, 32, 5 ]
               - [ 1, 78, 0 ]
               - [ 85, 30, 5 ]
               - [ 91, 95, 1 ]
               - [ 80, 59, 0 ]
               - [ 51, 33, 3 ]
               - [ 4, 47, 1 ]
               - [ 52, 10, 2 ]
               - [ 62, 1, 3 ]
         -
            width: 45
            height: 58
            tl_x: 50
            tl_y: 51
            pyramid_level: 1
            features:
               - [ 25, 58, 4 ]
               - [ 4, 49, 7 ]
               - [ 43, 41, 6 ]
               - [ 26, 5, 2 ]
               - [ 40, 56, 2 ]
               - [ 1, 27, 1 ]
               - [ 43, 23, 2 ]
               - [ 8, 17, 3 ]
               - [ 18, 16, 4 ]
               - [ 40, 14, 5 ]
   -
      template_id: 1
      templates:
         -
            width: 94
            height: 118
            tl_x: 100
            tl_y: 102
            pyramid_level: 0
            features:
               - [ 60, 116, 4 ]
               - [ 1, 62, 0 ]
               - [ 43, 23, 0 ]
               - [ 81, 69, 7 ]
               - [ 63, 12, 1 ]
               - [ 4, 49, 1 ]
               - [ 14, 105, 6 ]
               - [ 13, 37, 2 ]
               - [ 68, 25, 4 ]
               - [ 28, 118, 6 ]
               - [ 57, 0, 2 ]
               - [ 83, 111, 2 ]
               - [ 3, 83, 0 ]
               - [ 42, 118, 3 ]
               - [ 94, 91, 1 ]
               - [ 84, 44, 1 ]
               - [ 81, 26, 5 ]
               - [ 88, 79, 6 ]
               - [ 80, 56, 0 ]
               - [ 36, 33, 4 ]
         -
            width: 47
            height: 59
            tl_x: 50
            tl_y: 51
            pyramid_level: 1
            features:
               - [ 24, 58, 3 ]
               - [ 22, 9, 1 ]
               - [ 32, 4, 1 ]
               - [ 42, 55, 2 ]
               - [ 6, 51, 6 ]
               - [ 2, 25, 1 ]
               - [ 45, 40, 6 ]
               - [ 40, 28, 0 ]
               - [ 40, 13, 5 ]
               - [ 9, 17, 3 ]
               - [ 14, 59, 5 ]
   -
      template_id: 2
      templates:
         -
            width: 94
            height: 120
            tl_x: 102
            tl_y: 100
            pyramid_level: 0
            features:
               - [ 53, 117, 3 ]
               - [ 38, 29, 0 ]
               - [ 40, 15, 1 ]
               - [ 23, 116, 6 ]
               - [ 18, 37, 3 ]
               - [ 57, 12, 1 ]
               - [ 82, 40, 1 ]
               - [ 82, 72, 6 ]
               - [ 57, 27, 3 ]
               - [ 66, 117, 4 ]
               - [ 50, 1, 2 ]
               - [ 2, 53, 1 ]
               - [ 86, 109, 1 ]
               - [ 11, 103, 7 ]
               - [ 0, 71, 0 ]
               - [ 69, 24, 4 ]
               - [ 3, 88, 7 ]
               - [ 94, 91, 1 ]
               - [ 77, 59, 0 ]
               - [ 83, 29, 6 ]
         -
            width: 47
            height: 60
            tl_x: 51
            tl_y: 50
            pyramid_level: 1
            features:
               - [ 23, 60, 3 ]
               - [ 20, 8, 1 ]
               - [ 0, 32, 0 ]
               - [ 40, 34, 7 ]
               - [ 47, 45, 1 ]
               - [ 2, 45, 7 ]
               - [ 9, 56, 6 ]
               - [ 8, 19, 3 ]
               - [ 34, 12, 4 ]
               - [ 40, 22, 1 ]
   -
      template_id: 3
      templates:
         -
            width: 94
            height: 119
            tl_x: 102
            tl_y: 104
            pyramid_level: 0
            features:
               - [ 58, 112, 3 ]
               - [ 35, 25, 0 ]
               - [ 53, 4, 0 ]
               - [ 36, 12, 1 ]
               - [ 80, 33, 1 ]
               - [ 27, 113, 5 ]
               - [ 84, 66, 6 ]
               - [ 89, 103, 1 ]
               - [ 17, 35, 3 ]
               - [ 56, 21, 3 ]
               - [ 1, 72, 0 ]
               - [ 1, 54, 1 ]
               - [ 41, 1, 2 ]
               - [ 15, 102, 6 ]
               - [ 6, 88, 7 ]
               - [ 7, 42, 2 ]
               - [ 79, 21, 5 ]
               - [ 77, 49, 0 ]
               - [ 94, 91, 1 ]
               - [ 37, 119, 5 ]
         -
            width: 47
            height: 59
            tl_x: 51
            tl_y: 52
            pyramid_level: 1
            features:
               - [ 18, 6, 1 ]
               - [ 27, 57, 3 ]
               - [ 40, 30, 7 ]
               - [ 11, 17, 4 ]
               - [ 6, 49, 6 ]
               - [ 40, 16, 1 ]
               - [ 1, 26, 1 ]
               - [ 47, 45, 1 ]
               - [ 16, 58, 5 ]
               - [ 30, 10, 3 ]
   -
      template_id: 4
      templates:
         -
            width: 98
            height: 116
            tl_x: 102
            tl_y: 106
            pyramid_level: 0
            features:
               - [ 64, 108, 3 ]
               - [ 32, 23, 0 ]
               - [ 2, 72, 7 ]
               - [ 84, 60, 6 ]
               - [ 14, 36, 3 ]
               - [ 32, 11, 0 ]
               - [ 33, 113, 5 ]
               - [ 48, 0, 0 ]
               - [ 1, 56, 0 ]
               - [ 23, 106, 6 ]
               - [ 51, 19, 3 ]
               - [ 93, 97, 1 ]
               - [ 77, 30, 1 ]
               - [ 77, 17, 5 ]
               - [ 7, 86, 7 ]
               - [ 76, 44, 0 ]
               - [ 97, 83, 1 ]
               - [ 14, 97, 6 ]
               - [ 94, 65, 5 ]
               - [ 66, 14, 4 ]
         -
            width: 49
            height: 58
            tl_x: 51
            tl_y: 53
            pyramid_level: 1
            features:
               - [ 16, 6, 0 ]
               - [ 49, 39, 0 ]
               - [ 10, 17, 3 ]
               - [ 20, 58, 5 ]
               - [ 32, 54, 3 ]
               - [ 1, 26, 1 ]
               - [ 38, 18, 0 ]
               - [ 6, 47, 6 ]
               - [ 29, 8, 3 ]
               - [ 40, 27, 7 ]
   -
      template_id: 5
      templates:
         -
            width: 99
            height: 116
            tl_x: 102
            tl_y: 104
            pyramid_level: 0
            features:
               - [ 69, 108, 3 ]
               - [ 30, 28, 7 ]
               - [ 39, 116, 5 ]
               - [ 4, 79, 7 ]
               - [ 30, 6, 1 ]
               - [ 43, 1, 0 ]
               - [ 49, 20, 3 ]
               - [ 84, 58, 6 ]
               - [ 28, 110, 6 ]
               - [ 14, 40, 3 ]
               - [ 1, 64, 0 ]
               - [ 82, 105, 4 ]
               - [ 75, 28, 1 ]
               - [ 97, 93, 1 ]
               - [ 73, 16, 5 ]
               - [ 59, 15, 4 ]
               - [ 14, 97, 6 ]
               - [ 75, 44, 7 ]
               - [ 28, 18, 0 ]
               - [ 6, 47, 1 ]
               - [ 99, 83, 0 ]
         -
            width: 49
            height: 58
            tl_x: 51
            tl_y: 52
            pyramid_level: 1
            features:
               - [ 38, 53, 3 ]
               - [ 49, 44, 1 ]
               - [ 14, 55, 6 ]
               - [ 46, 31, 5 ]
               - [ 14, 9, 0 ]
               - [ 7, 20, 3 ]
               - [ 38, 12, 0 ]
               - [ 38, 23, 7 ]
               - [ 1, 28, 1 ]
               - [ 28, 8, 3 ]
   -
      template_id: 6
      templates:
         -
            width: 99
            height: 121
            tl_x: 104
            tl_y: 102
            pyramid_level: 0
            features:
