%YAML:1.0
---
class_id: "back0warp43.png"
pyramid_levels: 2
template_pyramids:
   -
      template_id: 0
      templates:
         -
            width: 101
            height: 101
            tl_x: 100
            tl_y: 102
            pyramid_level: 0
            features:
               - [ 53, 14, 1 ]
               - [ 85, 19, 5 ]
               - [ 26, 18, 3 ]
               - [ 44, 101, 3 ]
               - [ 99, 84, 1 ]
               - [ 6, 34, 1 ]
               - [ 65, 0, 3 ]
               - [ 87, 47, 0 ]
               - [ 92, 62, 6 ]
               - [ 2, 66, 7 ]
               - [ 93, 33, 2 ]
               - [ 11, 86, 7 ]
               - [ 1, 49, 0 ]
               - [ 68, 13, 2 ]
               - [ 64, 101, 5 ]
               - [ 93, 94, 2 ]
               - [ 43, 19, 4 ]
               - [ 101, 69, 5 ]
               - [ 18, 94, 6 ]
               - [ 74, 4, 1 ]
               - [ 55, 99, 4 ]
               - [ 5, 75, 7 ]
               - [ 60, 21, 3 ]
         -
            width: 50
            height: 50
            tl_x: 50
            tl_y: 51
            pyramid_level: 1
            features:
               - [ 18, 9, 4 ]
               - [ 3, 17, 1 ]
               - [ 24, 50, 3 ]
               - [ 9, 47, 6 ]
               - [ 49, 43, 1 ]
               - [ 1, 33, 7 ]
               - [ 28, 4, 1 ]
               - [ 40, 9, 4 ]
               - [ 44, 27, 7 ]
               - [ 46, 17, 2 ]
   -
      template_id: 1
      templates:
         -
            width: 104
            height: 104
            tl_x: 100
            tl_y: 100
            pyramid_level: 0
            features:
               - [ 26, 22, 4 ]
               - [ 23, 100, 6 ]
               - [ 84, 19, 5 ]
               - [ 100, 86, 1 ]
               - [ 1, 55, 0 ]
               - [ 56, 101, 4 ]
               - [ 50, 15, 1 ]
               - [ 60, 1, 3 ]
               - [ 13, 90, 6 ]
               - [ 4, 41, 1 ]
               - [ 87, 41, 1 ]
               - [ 40, 22, 4 ]
               - [ 99, 65, 5 ]
               - [ 65, 14, 2 ]
               - [ 6, 78, 7 ]
               - [ 93, 29, 2 ]
               - [ 69, 102, 4 ]
               - [ 92, 99, 2 ]
               - [ 88, 52, 7 ]
               - [ 104, 75, 1 ]
         -
            width: 52
            height: 52
            tl_x: 50
            tl_y: 50
            pyramid_level: 1
            features:
               - [ 13, 11, 4 ]
               - [ 50, 43, 1 ]
               - [ 1, 25, 0 ]
               - [ 35, 51, 4 ]
               - [ 9, 48, 6 ]
               - [ 40, 9, 4 ]
               - [ 2, 37, 7 ]
               - [ 26, 5, 1 ]
               - [ 44, 26, 7 ]
               - [ 24, 52, 3 ]
   -
      template_id: 2
      templates:
         -
            width: 102
            height: 104
            tl_x: 102
            tl_y: 100
            pyramid_level: 0
            features:
               - [ 22, 24, 3 ]
               - [ 45, 14, 1 ]
               - [ 23, 101, 6 ]
               - [ 2, 43, 1 ]
               - [ 77, 16, 4 ]
               - [ 52, 2, 2 ]
               - [ 54, 102, 3 ]
               - [ 0, 64, 0 ]
               - [ 88, 27, 1 ]
               - [ 60, 12, 2 ]
               - [ 102, 77, 1 ]
               - [ 84, 42, 0 ]
               - [ 13, 92, 6 ]
               - [ 70, 100, 4 ]
               - [ 5, 80, 7 ]
               - [ 90, 56, 6 ]
               - [ 94, 95, 2 ]
               - [ 101, 62, 5 ]
               - [ 12, 29, 2 ]
               - [ 64, 1, 0 ]
               - [ 53, 22, 3 ]
         -
            width: 51
            height: 52
            tl_x: 51
            tl_y: 50
            pyramid_level: 1
            features:
               - [ 11, 12, 3 ]
               - [ 25, 52, 3 ]
               - [ 11, 50, 6 ]
               - [ 0, 26, 0 ]
               - [ 35, 8, 4 ]
               - [ 50, 41, 1 ]
               - [ 42, 20, 0 ]
               - [ 2, 39, 7 ]
               - [ 23, 5, 1 ]
               - [ 48, 30, 5 ]
   -
      template_id: 3
      templates:
         -
            width: 103
            height: 104
            tl_x: 102
            tl_y: 100
            pyramid_level: 0
            features:
               - [ 21, 26, 3 ]
               - [ 27, 103, 5 ]
               - [ 62, 100, 3 ]
               - [ 90, 52, 6 ]
               - [ 56, 12, 2 ]
               - [ 103, 77, 1 ]
               - [ 18, 96, 6 ]
               - [ 42, 12, 0 ]
               - [ 38, 24, 4 ]
               - [ 0, 61, 0 ]
               - [ 1, 48, 1 ]
               - [ 81, 15, 5 ]
               - [ 59, 0, 0 ]
               - [ 6, 81, 7 ]
               - [ 8, 34, 2 ]
               - [ 79, 98, 4 ]
               - [ 83, 40, 0 ]
               - [ 68, 14, 3 ]
               - [ 98, 90, 1 ]
               - [ 85, 25, 1 ]
               - [ 2, 71, 7 ]
               - [ 99, 57, 5 ]
         -
            width: 51
            height: 52
            tl_x: 51
            tl_y: 50
            pyramid_level: 1
            features:
               - [ 11, 13, 3 ]
               - [ 9, 48, 6 ]
               - [ 37, 49, 4 ]
               - [ 0, 29, 0 ]
               - [ 51, 40, 1 ]
               - [ 34, 7, 4 ]
               - [ 23, 2, 2 ]
               - [ 49, 28, 5 ]
               - [ 41, 18, 0 ]
               - [ 27, 52, 3 ]
   -
      template_id: 4
      templates:
         -
            width: 105
            height: 108
            tl_x: 102
            tl_y: 98
            pyramid_level: 0
            features:
               - [ 18, 31, 3 ]
               - [ 32, 107, 5 ]
               - [ 1, 54, 0 ]
               - [ 65, 101, 3 ]
               - [ 38, 19, 0 ]
               - [ 83, 22, 1 ]
               - [ 70, 14, 4 ]
               - [ 105, 73, 0 ]
               - [ 89, 50, 6 ]
               - [ 53, 13, 1 ]
               - [ 81, 37, 0 ]
               - [ 1, 68, 0 ]
               - [ 42, 6, 1 ]
               - [ 8, 86, 7 ]
               - [ 54, 0, 7 ]
               - [ 101, 55, 4 ]
               - [ 102, 86, 1 ]
               - [ 5, 42, 1 ]
               - [ 30, 28, 4 ]
               - [ 16, 96, 6 ]
         -
            width: 52
            height: 54
            tl_x: 51
            tl_y: 49
            pyramid_level: 1
            features:
               - [ 11, 15, 3 ]
               - [ 17, 54, 5 ]
               - [ 52, 39, 1 ]
               - [ 34, 50, 3 ]
               - [ 37, 7, 4 ]
               - [ 20, 5, 1 ]
               - [ 4, 43, 7 ]
               - [ 2, 22, 1 ]
               - [ 49, 27, 5 ]
               - [ 41, 20, 7 ]
   -
      template_id: 5
      templates:
         -
            width: 106
            height: 107
            tl_x: 102
            tl_y: 100
            pyramid_level: 0
            features:
               - [ 16, 32, 3 ]
               - [ 35, 17, 0 ]
               - [ 38, 107, 5 ]
               - [ 67, 10, 4 ]
               - [ 70, 97, 3 ]
               - [ 6, 41, 2 ]
               - [ 49, 11, 1 ]
               - [ 2, 69, 0 ]
               - [ 1, 57, 0 ]
               - [ 26, 101, 5 ]
               - [ 80, 34, 7 ]
               - [ 39, 3, 2 ]
               - [ 89, 45, 5 ]
               - [ 106, 70, 0 ]
               - [ 12, 89, 6 ]
               - [ 80, 17, 1 ]
               - [ 83, 93, 3 ]
               - [ 102, 49, 4 ]
               - [ 50, 0, 7 ]
               - [ 27, 28, 3 ]
               - [ 104, 81, 1 ]
         -
            width: 53
            height: 53
            tl_x: 51
            tl_y: 50
            pyramid_level: 1
            features:
               - [ 18, 53, 5 ]
               - [ 8, 16, 3 ]
               - [ 39, 47, 3 ]
               - [ 34, 5, 4 ]
               - [ 53, 35, 0 ]
               - [ 1, 25, 1 ]
               - [ 49, 24, 5 ]
               - [ 20, 1, 2 ]
               - [ 5, 43, 6 ]
               - [ 1, 34, 0 ]
               - [ 39, 13, 0 ]
   -
      template_id: 6
      templates:
         -
