%YAML:1.0
---
class_id: "back0warp110.png"
pyramid_levels: 2
template_pyramids:
   -
      template_id: 0
      templates:
         -
            width: 63
            height: 115
            tl_x: 100
            tl_y: 106
            pyramid_level: 0
            features:
               - [ 57, 42, 1 ]
               - [ 45, 14, 1 ]
               - [ 8, 53, 1 ]
               - [ 54, 53, 1 ]
               - [ 33, 19, 1 ]
               - [ 2, 67, 1 ]
               - [ 55, 93, 1 ]
               - [ 31, 109, 3 ]
               - [ 60, 83, 1 ]
               - [ 47, 24, 2 ]
               - [ 3, 101, 7 ]
               - [ 43, 0, 2 ]
               - [ 13, 115, 6 ]
               - [ 30, 30, 0 ]
               - [ 44, 107, 3 ]
               - [ 20, 43, 3 ]
               - [ 55, 64, 7 ]
               - [ 62, 21, 5 ]
               - [ 37, 9, 1 ]
               - [ 7, 109, 6 ]
               - [ 1, 93, 0 ]
               - [ 63, 75, 1 ]
         -
            width: 31
            height: 57
            tl_x: 50
            tl_y: 53
            pyramid_level: 1
            features:
               - [ 28, 23, 1 ]
               - [ 2, 30, 1 ]
               - [ 28, 46, 1 ]
               - [ 18, 54, 4 ]
               - [ 1, 49, 7 ]
               - [ 9, 22, 3 ]
               - [ 17, 8, 1 ]
               - [ 29, 34, 6 ]
               - [ 28, 10, 4 ]
               - [ 30, 17, 1 ]
               - [ 4, 55, 6 ]
               - [ 23, 6, 1 ]
   -
      template_id: 1
      templates:
         -
            width: 61
            height: 118
            tl_x: 102
            tl_y: 104
            pyramid_level: 0
            features:
               - [ 53, 45, 1 ]
               - [ 32, 112, 3 ]
               - [ 40, 12, 1 ]
               - [ 41, 26, 2 ]
               - [ 6, 57, 1 ]
               - [ 1, 72, 0 ]
               - [ 4, 103, 7 ]
               - [ 52, 57, 7 ]
               - [ 57, 91, 1 ]
               - [ 28, 20, 1 ]
               - [ 61, 80, 1 ]
               - [ 57, 32, 1 ]
               - [ 19, 45, 3 ]
               - [ 36, 1, 1 ]
               - [ 26, 32, 0 ]
               - [ 46, 108, 3 ]
               - [ 14, 117, 6 ]
               - [ 51, 20, 3 ]
               - [ 57, 68, 6 ]
               - [ 31, 11, 1 ]
               - [ 53, 100, 1 ]
         -
            width: 30
            height: 59
            tl_x: 51
            tl_y: 52
            pyramid_level: 1
            features:
               - [ 1, 34, 1 ]
               - [ 26, 26, 0 ]
               - [ 29, 44, 1 ]
               - [ 28, 17, 1 ]
               - [ 15, 57, 2 ]
               - [ 2, 51, 7 ]
               - [ 15, 7, 1 ]
               - [ 7, 24, 3 ]
               - [ 22, 54, 3 ]
               - [ 8, 59, 5 ]
               - [ 25, 10, 3 ]
   -
      template_id: 2
      templates:
         -
            width: 62
            height: 118
            tl_x: 104
            tl_y: 104
            pyramid_level: 0
            features:
               - [ 50, 42, 0 ]
               - [ 2, 65, 1 ]
               - [ 24, 14, 1 ]
               - [ 32, 22, 1 ]
               - [ 59, 84, 1 ]
               - [ 54, 25, 1 ]
               - [ 33, 113, 2 ]
               - [ 43, 108, 3 ]
               - [ 6, 105, 7 ]
               - [ 29, 1, 1 ]
               - [ 56, 95, 1 ]
               - [ 22, 30, 0 ]
               - [ 17, 118, 5 ]
               - [ 10, 50, 2 ]
               - [ 50, 56, 7 ]
               - [ 0, 82, 0 ]
               - [ 20, 44, 3 ]
               - [ 62, 71, 0 ]
               - [ 34, 12, 0 ]
               - [ 42, 20, 3 ]
         -
            width: 31
            height: 59
            tl_x: 52
            tl_y: 52
            pyramid_level: 1
            features:
               - [ 25, 21, 0 ]
               - [ 29, 44, 1 ]
               - [ 8, 23, 3 ]
               - [ 21, 54, 3 ]
               - [ 4, 54, 7 ]
               - [ 1, 33, 1 ]
               - [ 12, 7, 1 ]
               - [ 25, 28, 7 ]
               - [ 21, 10, 3 ]
               - [ 26, 16, 1 ]
               - [ 16, 57, 2 ]
               - [ 17, 7, 0 ]
               - [ 28, 33, 6 ]
   -
      template_id: 3
      templates:
         -
            width: 61
            height: 120
            tl_x: 106
            tl_y: 104
            pyramid_level: 0
            features:
               - [ 1, 86, 0 ]
               - [ 49, 24, 1 ]
               - [ 28, 14, 0 ]
               - [ 58, 88, 1 ]
               - [ 1, 66, 1 ]
               - [ 47, 106, 3 ]
               - [ 34, 115, 2 ]
               - [ 23, 120, 5 ]
               - [ 47, 36, 0 ]
               - [ 4, 98, 7 ]
               - [ 22, 1, 1 ]
               - [ 31, 25, 2 ]
               - [ 6, 53, 2 ]
               - [ 47, 49, 0 ]
               - [ 9, 108, 6 ]
               - [ 61, 69, 0 ]
               - [ 17, 26, 0 ]
               - [ 16, 45, 3 ]
               - [ 51, 61, 6 ]
               - [ 43, 16, 4 ]
         -
            width: 30
            height: 60
            tl_x: 53
            tl_y: 52
            pyramid_level: 1
            features:
               - [ 29, 44, 1 ]
               - [ 1, 31, 1 ]
               - [ 24, 14, 0 ]
               - [ 21, 54, 3 ]
               - [ 9, 8, 0 ]
               - [ 7, 57, 6 ]
               - [ 24, 27, 7 ]
               - [ 6, 24, 2 ]
               - [ 0, 38, 0 ]
               - [ 19, 9, 3 ]
   -
      template_id: 4
      templates:
         -
            width: 60
            height: 114
            tl_x: 108
            tl_y: 110
            pyramid_level: 0
            features:
               - [ 1, 80, 7 ]
               - [ 13, 25, 0 ]
               - [ 44, 41, 0 ]
               - [ 39, 105, 2 ]
               - [ 49, 98, 3 ]
               - [ 22, 8, 0 ]
               - [ 58, 83, 0 ]
               - [ 1, 56, 1 ]
               - [ 44, 16, 0 ]
               - [ 14, 1, 1 ]
               - [ 14, 106, 6 ]
               - [ 28, 16, 2 ]
               - [ 26, 114, 5 ]
               - [ 60, 67, 0 ]
               - [ 13, 40, 2 ]
               - [ 12, 15, 0 ]
               - [ 48, 51, 6 ]
               - [ 37, 9, 4 ]
               - [ 43, 33, 0 ]
               - [ 56, 91, 1 ]
         -
            width: 30
            height: 57
            tl_x: 54
            tl_y: 55
            pyramid_level: 1
            features:
               - [ 0, 37, 0 ]
               - [ 29, 41, 0 ]
               - [ 30, 33, 0 ]
               - [ 22, 21, 7 ]
               - [ 8, 54, 6 ]
               - [ 1, 27, 1 ]
               - [ 22, 9, 0 ]
               - [ 20, 52, 2 ]
               - [ 6, 7, 0 ]
               - [ 16, 6, 2 ]
   -
      template_id: 5
      templates:
         -
            width: 61
            height: 113
            tl_x: 108
            tl_y: 110
            pyramid_level: 0
            features:
               - [ 42, 36, 0 ]
               - [ 43, 105, 1 ]
               - [ 4, 83, 7 ]
               - [ 9, 9, 0 ]
               - [ 41, 14, 0 ]
               - [ 11, 27, 7 ]
               - [ 2, 55, 1 ]
               - [ 54, 95, 3 ]
               - [ 61, 75, 0 ]
               - [ 1, 69, 0 ]
               - [ 19, 107, 6 ]
               - [ 30, 113, 5 ]
               - [ 10, 96, 7 ]
               - [ 25, 16, 1 ]
               - [ 17, 1, 7 ]
               - [ 8, 45, 2 ]
               - [ 49, 50, 6 ]
               - [ 60, 56, 0 ]
               - [ 60, 85, 0 ]
               - [ 61, 65, 0 ]
         -
            width: 30
            height: 56
            tl_x: 54
            tl_y: 55
            pyramid_level: 1
            features:
               - [ 21, 18, 7 ]
               - [ 1, 28, 1 ]
               - [ 9, 53, 6 ]
               - [ 1, 38, 7 ]
               - [ 30, 42, 0 ]
               - [ 21, 53, 1 ]
               - [ 9, 3, 0 ]
               - [ 30, 30, 0 ]
               - [ 5, 10, 0 ]
               - [ 26, 48, 3 ]
               - [ 20, 11, 0 ]
   -
