%YAML:1.0
---
class_id: "back0warp124.png"
pyramid_levels: 2
template_pyramids:
   -
      template_id: 0
      templates:
         -
            width: 81
            height: 102
            tl_x: 100
            tl_y: 104
            pyramid_level: 0
            features:
               - [ 42, 27, 1 ]
               - [ 59, 94, 3 ]
               - [ 43, 96, 3 ]
               - [ 1, 81, 7 ]
               - [ 50, 10, 2 ]
               - [ 64, 23, 3 ]
               - [ 18, 101, 5 ]
               - [ 1, 64, 1 ]
               - [ 81, 33, 2 ]
               - [ 22, 39, 3 ]
               - [ 63, 11, 1 ]
               - [ 11, 46, 2 ]
               - [ 31, 102, 3 ]
               - [ 73, 83, 2 ]
               - [ 73, 48, 1 ]
               - [ 80, 73, 1 ]
               - [ 60, 0, 2 ]
               - [ 75, 20, 4 ]
               - [ 9, 95, 6 ]
               - [ 74, 58, 7 ]
               - [ 37, 36, 4 ]
         -
            width: 40
            height: 51
            tl_x: 50
            tl_y: 52
            pyramid_level: 1
            features:
               - [ 22, 48, 3 ]
               - [ 8, 50, 5 ]
               - [ 1, 30, 1 ]
               - [ 39, 38, 2 ]
               - [ 13, 19, 3 ]
               - [ 25, 5, 2 ]
               - [ 40, 17, 2 ]
               - [ 1, 42, 7 ]
               - [ 37, 28, 7 ]
               - [ 33, 45, 2 ]
   -
      template_id: 1
      templates:
         -
            width: 80
            height: 104
            tl_x: 102
            tl_y: 104
            pyramid_level: 0
            features:
               - [ 45, 96, 3 ]
               - [ 2, 85, 7 ]
               - [ 38, 27, 0 ]
               - [ 31, 104, 3 ]
               - [ 17, 42, 3 ]
               - [ 41, 16, 1 ]
               - [ 7, 51, 2 ]
               - [ 1, 64, 1 ]
               - [ 64, 19, 3 ]
               - [ 57, 93, 4 ]
               - [ 10, 97, 6 ]
               - [ 78, 73, 1 ]
               - [ 74, 36, 1 ]
               - [ 28, 38, 3 ]
               - [ 72, 83, 1 ]
               - [ 51, 1, 2 ]
               - [ 77, 59, 5 ]
               - [ 80, 25, 2 ]
               - [ 53, 19, 1 ]
               - [ 21, 103, 5 ]
               - [ 71, 51, 0 ]
         -
            width: 40
            height: 52
            tl_x: 51
            tl_y: 52
            pyramid_level: 1
            features:
               - [ 38, 16, 1 ]
               - [ 14, 19, 3 ]
               - [ 1, 42, 7 ]
               - [ 21, 7, 1 ]
               - [ 9, 51, 5 ]
               - [ 26, 47, 4 ]
               - [ 4, 25, 2 ]
               - [ 37, 40, 1 ]
               - [ 36, 27, 7 ]
               - [ 29, 4, 1 ]
   -
      template_id: 2
      templates:
         -
            width: 78
            height: 106
            tl_x: 104
            tl_y: 102
            pyramid_level: 0
            features:
               - [ 3, 90, 7 ]
               - [ 57, 94, 3 ]
               - [ 34, 29, 0 ]
               - [ 6, 55, 1 ]
               - [ 39, 103, 2 ]
               - [ 71, 85, 2 ]
               - [ 21, 106, 5 ]
               - [ 37, 16, 1 ]
               - [ 55, 22, 3 ]
               - [ 52, 11, 1 ]
               - [ 16, 45, 3 ]
               - [ 0, 73, 0 ]
               - [ 72, 31, 1 ]
               - [ 78, 72, 1 ]
               - [ 42, 6, 2 ]
               - [ 28, 40, 3 ]
               - [ 71, 55, 6 ]
               - [ 65, 17, 3 ]
               - [ 53, 0, 0 ]
               - [ 69, 41, 1 ]
         -
            width: 39
            height: 53
            tl_x: 52
            tl_y: 51
            pyramid_level: 1
            features:
               - [ 5, 25, 2 ]
               - [ 29, 47, 3 ]
               - [ 36, 16, 1 ]
               - [ 20, 51, 2 ]
               - [ 20, 5, 1 ]
               - [ 11, 53, 5 ]
               - [ 37, 40, 1 ]
               - [ 35, 26, 7 ]
               - [ 1, 32, 1 ]
               - [ 12, 21, 3 ]
               - [ 31, 9, 3 ]
   -
      template_id: 3
      templates:
         -
            width: 78
            height: 106
            tl_x: 106
            tl_y: 104
            pyramid_level: 0
            features:
               - [ 60, 90, 3 ]
               - [ 30, 25, 0 ]
               - [ 33, 11, 1 ]
               - [ 46, 9, 0 ]
               - [ 43, 99, 2 ]
               - [ 78, 65, 1 ]
               - [ 4, 90, 7 ]
               - [ 14, 45, 2 ]
               - [ 4, 57, 1 ]
               - [ 0, 72, 0 ]
               - [ 27, 106, 4 ]
               - [ 68, 27, 1 ]
               - [ 71, 81, 1 ]
               - [ 38, 1, 1 ]
               - [ 69, 50, 6 ]
               - [ 28, 38, 3 ]
               - [ 60, 13, 3 ]
               - [ 50, 19, 2 ]
               - [ 17, 103, 5 ]
               - [ 66, 40, 0 ]
               - [ 70, 13, 5 ]
         -
            width: 39
            height: 53
            tl_x: 53
            tl_y: 52
            pyramid_level: 1
            features:
               - [ 0, 36, 0 ]
               - [ 16, 7, 1 ]
               - [ 30, 45, 3 ]
               - [ 35, 11, 1 ]
               - [ 38, 35, 1 ]
               - [ 21, 50, 2 ]
               - [ 8, 22, 3 ]
               - [ 10, 52, 5 ]
               - [ 2, 28, 1 ]
               - [ 33, 18, 0 ]
               - [ 23, 4, 0 ]
   -
      template_id: 4
      templates:
         -
            width: 78
            height: 110
            tl_x: 108
            tl_y: 100
            pyramid_level: 0
            features:
               - [ 61, 92, 3 ]
               - [ 26, 28, 0 ]
               - [ 5, 96, 7 ]
               - [ 50, 98, 2 ]
               - [ 28, 14, 1 ]
               - [ 44, 23, 2 ]
               - [ 1, 69, 1 ]
               - [ 64, 28, 1 ]
               - [ 78, 62, 1 ]
               - [ 70, 85, 1 ]
               - [ 24, 110, 5 ]
               - [ 75, 73, 1 ]
               - [ 1, 85, 7 ]
               - [ 63, 42, 0 ]
               - [ 41, 10, 0 ]
               - [ 16, 48, 2 ]
               - [ 63, 14, 4 ]
               - [ 35, 35, 2 ]
               - [ 5, 59, 1 ]
               - [ 40, 0, 7 ]
         -
            width: 39
            height: 55
            tl_x: 54
            tl_y: 50
            pyramid_level: 1
            features:
               - [ 32, 14, 1 ]
               - [ 22, 52, 2 ]
               - [ 37, 38, 1 ]
               - [ 14, 7, 1 ]
               - [ 1, 33, 1 ]
               - [ 4, 50, 6 ]
               - [ 8, 24, 3 ]
               - [ 30, 46, 3 ]
               - [ 12, 55, 5 ]
               - [ 32, 23, 7 ]
   -
      template_id: 5
      templates:
         -
            width: 77
            height: 107
            tl_x: 110
            tl_y: 104
            pyramid_level: 0
            features:
               - [ 22, 28, 0 ]
               - [ 23, 9, 0 ]
               - [ 62, 86, 3 ]
               - [ 8, 96, 6 ]
               - [ 47, 98, 2 ]
               - [ 75, 64, 0 ]
               - [ 1, 81, 0 ]
               - [ 31, 107, 4 ]
               - [ 35, 7, 0 ]
               - [ 60, 20, 1 ]
               - [ 2, 61, 1 ]
               - [ 59, 32, 0 ]
               - [ 39, 19, 2 ]
               - [ 64, 44, 6 ]
               - [ 20, 41, 3 ]
               - [ 77, 51, 0 ]
               - [ 53, 8, 3 ]
               - [ 72, 75, 1 ]
               - [ 20, 105, 5 ]
               - [ 26, 0, 1 ]
         -
            width: 38
            height: 53
            tl_x: 55
            tl_y: 52
            pyramid_level: 1
            features:
               - [ 11, 7, 0 ]
               - [ 30, 10, 0 ]
               - [ 29, 44, 3 ]
               - [ 38, 29, 0 ]
               - [ 0, 35, 0 ]
               - [ 12, 53, 5 ]
               - [ 8, 22, 2 ]
               - [ 36, 37, 1 ]
               - [ 23, 6, 2 ]
               - [ 30, 18, 7 ]
   -
      template_id: 6
      templates:
         -
            width: 75
            height: 111
            tl_x: 112
            tl_y: 100
