%YAML:1.0
---
class_id: "back0warp20.png"
pyramid_levels: 2
template_pyramids:
   -
      template_id: 0
      templates:
         -
            width: 100
            height: 80
            tl_x: 100
            tl_y: 104
            pyramid_level: 0
            features:
               - [ 27, 16, 3 ]
               - [ 16, 21, 3 ]
               - [ 60, 1, 2 ]
               - [ 88, 71, 2 ]
               - [ 94, 41, 5 ]
               - [ 72, 10, 4 ]
               - [ 55, 75, 4 ]
               - [ 91, 11, 5 ]
               - [ 39, 80, 3 ]
               - [ 1, 42, 1 ]
               - [ 77, 76, 4 ]
               - [ 89, 21, 1 ]
               - [ 6, 31, 2 ]
               - [ 100, 54, 1 ]
               - [ 15, 76, 6 ]
               - [ 38, 15, 4 ]
               - [ 48, 15, 4 ]
               - [ 1, 56, 7 ]
               - [ 6, 67, 6 ]
               - [ 54, 8, 1 ]
               - [ 94, 64, 2 ]
               - [ 68, 75, 4 ]
               - [ 82, 9, 4 ]
         -
            width: 50
            height: 40
            tl_x: 50
            tl_y: 52
            pyramid_level: 1
            features:
               - [ 14, 8, 3 ]
               - [ 22, 39, 3 ]
               - [ 47, 32, 2 ]
               - [ 48, 21, 5 ]
               - [ 9, 39, 5 ]
               - [ 1, 20, 1 ]
               - [ 45, 10, 1 ]
               - [ 37, 38, 4 ]
               - [ 31, 0, 3 ]
               - [ 1, 29, 7 ]
   -
      template_id: 1
      templates:
         -
            width: 99
            height: 88
            tl_x: 102
            tl_y: 100
            pyramid_level: 0
            features:
               - [ 60, 1, 3 ]
               - [ 34, 20, 4 ]
               - [ 14, 27, 2 ]
               - [ 96, 43, 5 ]
               - [ 73, 11, 4 ]
               - [ 86, 74, 2 ]
               - [ 49, 12, 1 ]
               - [ 39, 86, 3 ]
               - [ 51, 80, 3 ]
               - [ 6, 35, 1 ]
               - [ 99, 54, 1 ]
               - [ 83, 29, 0 ]
               - [ 63, 78, 4 ]
               - [ 86, 12, 5 ]
               - [ 1, 45, 1 ]
               - [ 75, 78, 4 ]
               - [ 16, 83, 5 ]
               - [ 26, 88, 5 ]
               - [ 3, 70, 7 ]
               - [ 24, 22, 3 ]
               - [ 93, 66, 1 ]
         -
            width: 49
            height: 44
            tl_x: 51
            tl_y: 50
            pyramid_level: 1
            features:
               - [ 12, 11, 3 ]
               - [ 9, 42, 5 ]
               - [ 44, 36, 2 ]
               - [ 31, 39, 4 ]
               - [ 1, 21, 1 ]
               - [ 47, 21, 5 ]
               - [ 1, 34, 7 ]
               - [ 42, 13, 1 ]
               - [ 29, 1, 3 ]
               - [ 23, 41, 3 ]
               - [ 39, 5, 4 ]
   -
      template_id: 2
      templates:
         -
            width: 97
            height: 88
            tl_x: 102
            tl_y: 98
            pyramid_level: 0
            features:
               - [ 34, 23, 4 ]
               - [ 19, 28, 3 ]
               - [ 67, 12, 3 ]
               - [ 58, 1, 3 ]
               - [ 96, 41, 4 ]
               - [ 9, 36, 2 ]
               - [ 47, 12, 1 ]
               - [ 56, 81, 3 ]
               - [ 44, 88, 2 ]
               - [ 83, 76, 3 ]
               - [ 92, 69, 2 ]
               - [ 2, 48, 1 ]
               - [ 84, 11, 5 ]
               - [ 82, 24, 1 ]
               - [ 0, 59, 0 ]
               - [ 18, 87, 5 ]
               - [ 70, 78, 4 ]
               - [ 6, 76, 6 ]
               - [ 97, 60, 1 ]
               - [ 86, 37, 6 ]
         -
            width: 48
            height: 44
            tl_x: 51
            tl_y: 49
            pyramid_level: 1
            features:
               - [ 19, 11, 4 ]
               - [ 22, 44, 3 ]
               - [ 1, 24, 1 ]
               - [ 35, 39, 4 ]
               - [ 48, 31, 1 ]
               - [ 10, 44, 5 ]
               - [ 42, 10, 1 ]
               - [ 27, 2, 2 ]
               - [ 8, 15, 2 ]
               - [ 46, 20, 5 ]
   -
      template_id: 3
      templates:
         -
            width: 98
            height: 90
            tl_x: 104
            tl_y: 100
            pyramid_level: 0
            features:
               - [ 28, 23, 3 ]
               - [ 64, 8, 3 ]
               - [ 50, 0, 2 ]
               - [ 58, 78, 3 ]
               - [ 15, 29, 2 ]
               - [ 84, 71, 3 ]
               - [ 42, 11, 1 ]
               - [ 78, 6, 4 ]
               - [ 45, 87, 2 ]
               - [ 6, 38, 2 ]
               - [ 89, 34, 5 ]
               - [ 92, 63, 1 ]
               - [ 78, 23, 0 ]
               - [ 0, 52, 0 ]
               - [ 98, 46, 1 ]
               - [ 71, 74, 3 ]
               - [ 1, 68, 7 ]
               - [ 21, 88, 5 ]
               - [ 6, 77, 6 ]
               - [ 49, 17, 2 ]
         -
            width: 49
            height: 45
            tl_x: 52
            tl_y: 50
            pyramid_level: 1
            features:
               - [ 16, 11, 3 ]
               - [ 29, 39, 3 ]
               - [ 13, 45, 5 ]
               - [ 0, 27, 0 ]
               - [ 45, 17, 5 ]
               - [ 47, 29, 1 ]
               - [ 36, 3, 4 ]
               - [ 23, 2, 2 ]
               - [ 7, 15, 2 ]
               - [ 40, 36, 3 ]
   -
      template_id: 4
      templates:
         -
            width: 98
            height: 92
            tl_x: 104
            tl_y: 98
            pyramid_level: 0
            features:
               - [ 26, 27, 3 ]
               - [ 60, 9, 3 ]
               - [ 14, 34, 2 ]
               - [ 39, 14, 0 ]
               - [ 61, 79, 3 ]
               - [ 86, 70, 3 ]
               - [ 91, 33, 4 ]
               - [ 47, 1, 2 ]
               - [ 5, 45, 1 ]
               - [ 1, 66, 0 ]
               - [ 76, 17, 0 ]
               - [ 49, 89, 2 ]
               - [ 95, 58, 1 ]
               - [ 24, 92, 5 ]
               - [ 98, 43, 0 ]
               - [ 73, 74, 3 ]
               - [ 75, 6, 4 ]
               - [ 6, 79, 7 ]
               - [ 14, 87, 6 ]
               - [ 81, 30, 6 ]
         -
            width: 49
            height: 46
            tl_x: 52
            tl_y: 49
            pyramid_level: 1
            features:
               - [ 14, 13, 3 ]
               - [ 1, 27, 1 ]
               - [ 12, 46, 5 ]
               - [ 25, 44, 2 ]
               - [ 49, 22, 0 ]
               - [ 37, 37, 3 ]
               - [ 34, 3, 3 ]
               - [ 22, 2, 2 ]
               - [ 7, 17, 2 ]
               - [ 47, 30, 1 ]
               - [ 43, 16, 5 ]
               - [ 5, 42, 6 ]
   -
      template_id: 5
      templates:
         -
            width: 96
            height: 92
            tl_x: 106
            tl_y: 100
            pyramid_level: 0
            features:
               - [ 29, 24, 3 ]
               - [ 55, 6, 3 ]
               - [ 40, 1, 2 ]
               - [ 12, 34, 2 ]
               - [ 87, 27, 4 ]
               - [ 34, 14, 0 ]
               - [ 85, 65, 3 ]
               - [ 92, 57, 1 ]
               - [ 3, 47, 1 ]
               - [ 61, 76, 2 ]
               - [ 72, 9, 1 ]
               - [ 1, 68, 7 ]
               - [ 51, 86, 2 ]
               - [ 95, 45, 0 ]
               - [ 26, 92, 4 ]
               - [ 71, 71, 3 ]
               - [ 12, 85, 6 ]
               - [ 20, 28, 3 ]
               - [ 64, 2, 3 ]
               - [ 72, 18, 7 ]
               - [ 96, 36, 0 ]
               - [ 0, 59, 0 ]
         -
            width: 48
            height: 46
            tl_x: 53
            tl_y: 50
            pyramid_level: 1
            features:
               - [ 12, 13, 3 ]
               - [ 47, 25, 1 ]
               - [ 39, 34, 3 ]
               - [ 0, 31, 0 ]
               - [ 14, 46, 4 ]
               - [ 30, 2, 3 ]
               - [ 40, 13, 5 ]
               - [ 27, 41, 2 ]
               - [ 19, 2, 1 ]
               - [ 2, 22, 1 ]
   -
      template_id: 6
      templates:
         -
