%YAML:1.0
---
class_id: "back0warp79.png"
pyramid_levels: 2
template_pyramids:
   -
      template_id: 0
      templates:
         -
            width: 93
            height: 112
            tl_x: 100
            tl_y: 106
            pyramid_level: 0
            features:
               - [ 85, 23, 5 ]
               - [ 53, 12, 1 ]
               - [ 12, 96, 7 ]
               - [ 75, 3, 1 ]
               - [ 93, 40, 2 ]
               - [ 4, 80, 7 ]
               - [ 69, 22, 3 ]
               - [ 44, 23, 5 ]
               - [ 86, 56, 1 ]
               - [ 1, 66, 7 ]
               - [ 23, 21, 3 ]
               - [ 26, 111, 6 ]
               - [ 89, 72, 7 ]
               - [ 43, 112, 3 ]
               - [ 2, 46, 1 ]
               - [ 8, 32, 1 ]
               - [ 58, 111, 5 ]
               - [ 93, 99, 1 ]
               - [ 60, 1, 2 ]
               - [ 85, 110, 2 ]
         -
            width: 46
            height: 56
            tl_x: 50
            tl_y: 53
            pyramid_level: 1
            features:
               - [ 5, 46, 7 ]
               - [ 20, 11, 5 ]
               - [ 41, 11, 5 ]
               - [ 1, 36, 0 ]
               - [ 46, 21, 2 ]
               - [ 2, 20, 1 ]
               - [ 31, 56, 5 ]
               - [ 43, 31, 0 ]
               - [ 45, 52, 2 ]
               - [ 27, 5, 1 ]
               - [ 22, 56, 3 ]
   -
      template_id: 1
      templates:
         -
            width: 100
            height: 119
            tl_x: 100
            tl_y: 100
            pyramid_level: 0
            features:
               - [ 82, 26, 5 ]
               - [ 10, 96, 7 ]
               - [ 19, 109, 6 ]
               - [ 68, 15, 1 ]
               - [ 50, 16, 1 ]
               - [ 86, 59, 0 ]
               - [ 31, 119, 6 ]
               - [ 94, 39, 2 ]
               - [ 37, 29, 4 ]
               - [ 95, 79, 6 ]
               - [ 2, 76, 7 ]
               - [ 14, 33, 2 ]
               - [ 52, 117, 3 ]
               - [ 3, 50, 1 ]
               - [ 100, 94, 1 ]
               - [ 86, 116, 2 ]
               - [ 64, 0, 3 ]
               - [ 68, 117, 4 ]
               - [ 51, 32, 4 ]
               - [ 1, 62, 0 ]
               - [ 64, 27, 3 ]
               - [ 94, 106, 1 ]
         -
            width: 50
            height: 59
            tl_x: 50
            tl_y: 50
            pyramid_level: 1
            features:
               - [ 41, 13, 5 ]
               - [ 6, 50, 7 ]
               - [ 31, 58, 4 ]
               - [ 25, 8, 1 ]
               - [ 43, 29, 0 ]
               - [ 47, 53, 1 ]
               - [ 1, 27, 0 ]
               - [ 8, 16, 3 ]
               - [ 15, 59, 6 ]
               - [ 47, 39, 6 ]
               - [ 35, 4, 0 ]
   -
      template_id: 2
      templates:
         -
            width: 98
            height: 120
            tl_x: 102
            tl_y: 100
            pyramid_level: 0
            features:
               - [ 70, 23, 4 ]
               - [ 10, 98, 6 ]
               - [ 19, 109, 6 ]
               - [ 88, 28, 6 ]
               - [ 44, 16, 1 ]
               - [ 32, 119, 6 ]
               - [ 85, 46, 1 ]
               - [ 54, 1, 2 ]
               - [ 93, 74, 6 ]
               - [ 0, 74, 0 ]
               - [ 39, 31, 4 ]
               - [ 60, 115, 4 ]
               - [ 19, 31, 3 ]
               - [ 6, 40, 2 ]
               - [ 85, 62, 7 ]
               - [ 98, 97, 1 ]
               - [ 0, 55, 1 ]
               - [ 92, 109, 2 ]
               - [ 48, 120, 3 ]
               - [ 62, 13, 1 ]
               - [ 4, 87, 7 ]
         -
            width: 49
            height: 60
            tl_x: 51
            tl_y: 50
            pyramid_level: 1
            features:
               - [ 9, 54, 6 ]
               - [ 22, 9, 0 ]
               - [ 40, 12, 5 ]
               - [ 42, 26, 0 ]
               - [ 0, 27, 0 ]
               - [ 48, 38, 6 ]
               - [ 26, 59, 3 ]
               - [ 47, 53, 1 ]
               - [ 8, 16, 3 ]
               - [ 32, 3, 0 ]
   -
      template_id: 3
      templates:
         -
            width: 101
            height: 120
            tl_x: 102
            tl_y: 100
            pyramid_level: 0
            features:
               - [ 68, 21, 3 ]
               - [ 40, 25, 7 ]
               - [ 58, 12, 1 ]
               - [ 23, 111, 6 ]
               - [ 42, 10, 1 ]
               - [ 85, 25, 5 ]
               - [ 33, 118, 5 ]
               - [ 15, 103, 6 ]
               - [ 83, 50, 0 ]
               - [ 5, 87, 7 ]
               - [ 19, 33, 3 ]
               - [ 94, 70, 5 ]
               - [ 64, 114, 3 ]
               - [ 85, 38, 1 ]
               - [ 58, 0, 0 ]
               - [ 3, 46, 1 ]
               - [ 0, 72, 0 ]
               - [ 101, 92, 1 ]
               - [ 96, 105, 1 ]
               - [ 0, 56, 0 ]
               - [ 50, 29, 3 ]
         -
            width: 50
            height: 60
            tl_x: 51
            tl_y: 50
            pyramid_level: 1
            features:
               - [ 20, 9, 0 ]
               - [ 32, 11, 3 ]
               - [ 9, 53, 6 ]
               - [ 42, 21, 1 ]
               - [ 47, 35, 5 ]
               - [ 5, 19, 2 ]
               - [ 50, 48, 1 ]
               - [ 28, 59, 3 ]
               - [ 0, 29, 0 ]
               - [ 3, 45, 7 ]
               - [ 18, 60, 5 ]
   -
      template_id: 4
      templates:
         -
            width: 105
            height: 120
            tl_x: 102
            tl_y: 100
            pyramid_level: 0
            features:
               - [ 63, 20, 3 ]
               - [ 80, 21, 5 ]
               - [ 36, 118, 5 ]
               - [ 37, 26, 7 ]
               - [ 53, 0, 7 ]
               - [ 7, 90, 7 ]
               - [ 82, 47, 0 ]
               - [ 17, 104, 6 ]
               - [ 39, 8, 1 ]
               - [ 24, 34, 3 ]
               - [ 95, 66, 5 ]
               - [ 83, 34, 1 ]
               - [ 70, 112, 3 ]
               - [ 2, 79, 7 ]
               - [ 2, 50, 1 ]
               - [ 9, 40, 2 ]
               - [ 105, 80, 0 ]
               - [ 102, 94, 1 ]
               - [ 0, 63, 0 ]
               - [ 26, 112, 6 ]
               - [ 52, 17, 1 ]
         -
            width: 52
            height: 60
            tl_x: 51
            tl_y: 50
            pyramid_level: 1
            features:
               - [ 32, 10, 3 ]
               - [ 20, 60, 5 ]
               - [ 19, 5, 1 ]
               - [ 12, 17, 4 ]
               - [ 41, 20, 0 ]
               - [ 4, 46, 7 ]
               - [ 35, 56, 3 ]
               - [ 52, 43, 0 ]
               - [ 0, 29, 0 ]
               - [ 46, 32, 6 ]
   -
      template_id: 5
      templates:
         -
            width: 106
            height: 120
            tl_x: 102
            tl_y: 100
            pyramid_level: 0
            features:
               - [ 59, 19, 3 ]
               - [ 34, 27, 7 ]
               - [ 28, 112, 6 ]
               - [ 76, 18, 5 ]
               - [ 44, 120, 5 ]
               - [ 48, 0, 7 ]
               - [ 47, 20, 1 ]
               - [ 33, 14, 0 ]
               - [ 10, 94, 7 ]
               - [ 80, 36, 0 ]
               - [ 16, 38, 3 ]
               - [ 95, 62, 5 ]
               - [ 84, 52, 6 ]
               - [ 74, 110, 3 ]
               - [ 2, 52, 1 ]
               - [ 2, 77, 7 ]
               - [ 104, 93, 0 ]
               - [ 106, 80, 0 ]
               - [ 86, 107, 4 ]
               - [ 0, 66, 0 ]
         -
            width: 53
            height: 60
            tl_x: 51
            tl_y: 50
            pyramid_level: 1
            features:
               - [ 31, 9, 3 ]
               - [ 22, 60, 5 ]
               - [ 17, 5, 1 ]
               - [ 8, 19, 3 ]
               - [ 0, 33, 0 ]
               - [ 9, 52, 6 ]
               - [ 48, 31, 5 ]
               - [ 52, 46, 1 ]
               - [ 37, 55, 3 ]
               - [ 40, 19, 0 ]
   -
      template_id: 6
      templates:
