%YAML:1.0
---
class_id: "back0warp9.png"
pyramid_levels: 2
template_pyramids:
   -
      template_id: 0
      templates:
         -
            width: 94
            height: 74
            tl_x: 100
            tl_y: 102
            pyramid_level: 0
            features:
               - [ 31, 20, 3 ]
               - [ 73, 7, 3 ]
               - [ 51, 64, 3 ]
               - [ 64, 0, 3 ]
               - [ 17, 27, 3 ]
               - [ 31, 74, 3 ]
               - [ 76, 59, 3 ]
               - [ 45, 17, 4 ]
               - [ 9, 34, 2 ]
               - [ 85, 53, 2 ]
               - [ 64, 61, 3 ]
               - [ 84, 15, 1 ]
               - [ 90, 28, 5 ]
               - [ 2, 45, 1 ]
               - [ 94, 41, 1 ]
               - [ 18, 74, 5 ]
               - [ 1, 60, 7 ]
               - [ 8, 69, 6 ]
               - [ 56, 5, 2 ]
               - [ 84, 6, 4 ]
         -
            width: 47
            height: 37
            tl_x: 50
            tl_y: 51
            pyramid_level: 1
            features:
               - [ 13, 11, 3 ]
               - [ 29, 31, 3 ]
               - [ 20, 9, 3 ]
               - [ 44, 25, 2 ]
               - [ 3, 19, 2 ]
               - [ 39, 3, 4 ]
               - [ 45, 14, 5 ]
               - [ 1, 31, 7 ]
               - [ 28, 2, 2 ]
               - [ 23, 33, 3 ]
               - [ 39, 29, 3 ]
   -
      template_id: 1
      templates:
         -
            width: 93
            height: 76
            tl_x: 102
            tl_y: 102
            pyramid_level: 0
            features:
               - [ 69, 5, 3 ]
               - [ 57, 0, 3 ]
               - [ 35, 19, 3 ]
               - [ 37, 73, 2 ]
               - [ 25, 23, 3 ]
               - [ 13, 31, 2 ]
               - [ 59, 61, 3 ]
               - [ 80, 12, 1 ]
               - [ 49, 65, 3 ]
               - [ 93, 35, 1 ]
               - [ 0, 52, 0 ]
               - [ 6, 39, 1 ]
               - [ 90, 25, 4 ]
               - [ 86, 48, 2 ]
               - [ 14, 75, 5 ]
               - [ 72, 58, 3 ]
               - [ 48, 9, 1 ]
               - [ 81, 22, 6 ]
               - [ 43, 17, 3 ]
               - [ 80, 54, 2 ]
               - [ 0, 60, 0 ]
         -
            width: 46
            height: 38
            tl_x: 51
            tl_y: 51
            pyramid_level: 1
            features:
               - [ 31, 30, 3 ]
               - [ 19, 36, 2 ]
               - [ 19, 9, 3 ]
               - [ 1, 23, 1 ]
               - [ 9, 38, 5 ]
               - [ 42, 25, 2 ]
               - [ 7, 15, 2 ]
               - [ 36, 2, 3 ]
               - [ 43, 12, 5 ]
               - [ 26, 2, 2 ]
   -
      template_id: 2
      templates:
         -
            width: 92
            height: 80
            tl_x: 104
            tl_y: 100
            pyramid_level: 0
            features:
               - [ 73, 2, 4 ]
               - [ 16, 31, 2 ]
               - [ 48, 5, 2 ]
               - [ 32, 22, 3 ]
               - [ 49, 67, 3 ]
               - [ 10, 37, 2 ]
               - [ 64, 60, 3 ]
               - [ 75, 56, 3 ]
               - [ 64, 5, 3 ]
               - [ 4, 45, 1 ]
               - [ 38, 76, 2 ]
               - [ 0, 55, 1 ]
               - [ 92, 29, 1 ]
               - [ 83, 49, 2 ]
               - [ 75, 14, 0 ]
               - [ 86, 23, 4 ]
               - [ 16, 80, 4 ]
               - [ 88, 40, 1 ]
               - [ 0, 65, 0 ]
               - [ 22, 27, 3 ]
               - [ 53, 0, 2 ]
               - [ 79, 22, 5 ]
               - [ 3, 72, 6 ]
         -
            width: 46
            height: 40
            tl_x: 52
            tl_y: 50
            pyramid_level: 1
            features:
               - [ 3, 21, 1 ]
               - [ 27, 32, 3 ]
               - [ 16, 11, 3 ]
               - [ 41, 25, 2 ]
               - [ 17, 39, 3 ]
               - [ 8, 40, 5 ]
               - [ 34, 2, 3 ]
               - [ 40, 11, 5 ]
               - [ 24, 2, 2 ]
               - [ 0, 28, 0 ]
               - [ 35, 29, 3 ]
   -
      template_id: 3
      templates:
         -
            width: 90
            height: 82
            tl_x: 104
            tl_y: 100
            pyramid_level: 0
            features:
               - [ 69, 0, 3 ]
               - [ 59, 5, 3 ]
               - [ 21, 29, 2 ]
               - [ 33, 22, 3 ]
               - [ 14, 35, 2 ]
               - [ 44, 6, 2 ]
               - [ 83, 20, 4 ]
               - [ 5, 48, 1 ]
               - [ 52, 66, 2 ]
               - [ 38, 79, 2 ]
               - [ 85, 44, 1 ]
               - [ 77, 53, 2 ]
               - [ 64, 59, 3 ]
               - [ 90, 29, 1 ]
               - [ 73, 9, 1 ]
               - [ 2, 57, 1 ]
               - [ 17, 82, 5 ]
               - [ 88, 36, 1 ]
               - [ 10, 40, 2 ]
               - [ 48, 1, 2 ]
               - [ 58, 62, 3 ]
               - [ 1, 63, 0 ]
         -
            width: 45
            height: 41
            tl_x: 52
            tl_y: 50
            pyramid_level: 1
            features:
               - [ 31, 30, 3 ]
               - [ 13, 13, 3 ]
               - [ 44, 18, 1 ]
               - [ 5, 20, 2 ]
               - [ 1, 29, 0 ]
               - [ 32, 1, 3 ]
               - [ 9, 41, 5 ]
               - [ 41, 10, 4 ]
               - [ 22, 3, 1 ]
               - [ 25, 34, 2 ]
   -
      template_id: 4
      templates:
         -
            width: 85
            height: 87
            tl_x: 108
            tl_y: 98
            pyramid_level: 0
            features:
               - [ 62, 0, 3 ]
               - [ 28, 25, 3 ]
               - [ 52, 66, 2 ]
               - [ 53, 5, 2 ]
               - [ 19, 31, 2 ]
               - [ 38, 7, 1 ]
               - [ 6, 45, 1 ]
               - [ 12, 37, 2 ]
               - [ 61, 60, 3 ]
               - [ 41, 78, 2 ]
               - [ 2, 54, 1 ]
               - [ 81, 43, 1 ]
               - [ 73, 53, 2 ]
               - [ 85, 27, 0 ]
               - [ 77, 19, 4 ]
               - [ 66, 10, 0 ]
               - [ 0, 70, 0 ]
               - [ 15, 86, 5 ]
               - [ 3, 78, 6 ]
               - [ 23, 87, 4 ]
         -
            width: 42
            height: 43
            tl_x: 54
            tl_y: 49
            pyramid_level: 1
            features:
               - [ 10, 15, 2 ]
               - [ 26, 33, 2 ]
               - [ 0, 31, 0 ]
               - [ 42, 16, 1 ]
               - [ 36, 27, 3 ]
               - [ 29, 1, 3 ]
               - [ 8, 43, 4 ]
               - [ 19, 3, 2 ]
               - [ 5, 20, 2 ]
               - [ 39, 9, 4 ]
   -
      template_id: 5
      templates:
         -
            width: 82
            height: 90
            tl_x: 110
            tl_y: 96
            pyramid_level: 0
            features:
               - [ 57, 0, 3 ]
               - [ 47, 7, 2 ]
               - [ 33, 9, 1 ]
               - [ 51, 68, 2 ]
               - [ 9, 43, 2 ]
               - [ 21, 31, 2 ]
               - [ 42, 80, 1 ]
               - [ 28, 26, 2 ]
               - [ 61, 60, 3 ]
               - [ 1, 60, 1 ]
               - [ 0, 73, 0 ]
               - [ 77, 46, 1 ]
               - [ 75, 17, 3 ]
               - [ 81, 33, 0 ]
               - [ 82, 23, 0 ]
               - [ 25, 90, 4 ]
               - [ 62, 13, 7 ]
               - [ 16, 90, 5 ]
               - [ 5, 49, 1 ]
               - [ 37, 3, 2 ]
               - [ 62, 5, 1 ]
         -
            width: 41
            height: 45
            tl_x: 55
            tl_y: 48
            pyramid_level: 1
            features:
               - [ 1, 28, 1 ]
               - [ 35, 27, 2 ]
               - [ 21, 40, 2 ]
               - [ 10, 16, 2 ]
               - [ 11, 45, 4 ]
               - [ 40, 18, 0 ]
               - [ 36, 9, 4 ]
               - [ 27, 1, 3 ]
               - [ 16, 5, 1 ]
               - [ 29, 31, 2 ]
               - [ 5, 21, 2 ]
   -
      template_id: 6
      templates:
         -
