%YAML:1.0
---
class_id: "back0warp58.png"
pyramid_levels: 2
template_pyramids:
   -
      template_id: 0
      templates:
         -
            width: 87
            height: 114
            tl_x: 100
            tl_y: 106
            pyramid_level: 0
            features:
               - [ 77, 49, 7 ]
               - [ 49, 13, 1 ]
               - [ 63, 10, 2 ]
               - [ 87, 74, 1 ]
               - [ 80, 92, 1 ]
               - [ 4, 46, 1 ]
               - [ 3, 84, 7 ]
               - [ 79, 35, 1 ]
               - [ 18, 25, 2 ]
               - [ 49, 105, 3 ]
               - [ 69, 104, 3 ]
               - [ 81, 19, 6 ]
               - [ 34, 114, 3 ]
               - [ 30, 20, 4 ]
               - [ 1, 59, 0 ]
               - [ 15, 106, 6 ]
               - [ 56, 0, 2 ]
               - [ 83, 62, 6 ]
               - [ 9, 35, 1 ]
               - [ 8, 96, 7 ]
         -
            width: 43
            height: 57
            tl_x: 50
            tl_y: 53
            pyramid_level: 1
            features:
               - [ 2, 23, 1 ]
               - [ 40, 46, 1 ]
               - [ 39, 26, 7 ]
               - [ 30, 52, 4 ]
               - [ 1, 40, 7 ]
               - [ 12, 11, 3 ]
               - [ 28, 0, 2 ]
               - [ 11, 56, 6 ]
               - [ 40, 16, 1 ]
               - [ 20, 55, 2 ]
   -
      template_id: 1
      templates:
         -
            width: 87
            height: 116
            tl_x: 100
            tl_y: 102
            pyramid_level: 0
            features:
               - [ 46, 14, 1 ]
               - [ 87, 81, 1 ]
               - [ 54, 0, 2 ]
               - [ 65, 18, 3 ]
               - [ 76, 46, 0 ]
               - [ 4, 51, 1 ]
               - [ 78, 20, 6 ]
               - [ 33, 25, 4 ]
               - [ 9, 39, 1 ]
               - [ 1, 71, 0 ]
               - [ 78, 33, 1 ]
               - [ 46, 113, 2 ]
               - [ 78, 102, 2 ]
               - [ 59, 107, 4 ]
               - [ 20, 28, 3 ]
               - [ 7, 95, 7 ]
               - [ 25, 116, 6 ]
               - [ 84, 63, 6 ]
               - [ 14, 106, 6 ]
               - [ 3, 83, 0 ]
         -
            width: 43
            height: 58
            tl_x: 50
            tl_y: 51
            pyramid_level: 1
            features:
               - [ 42, 45, 1 ]
               - [ 38, 21, 0 ]
               - [ 3, 46, 7 ]
               - [ 5, 19, 2 ]
               - [ 1, 30, 0 ]
               - [ 11, 57, 6 ]
               - [ 24, 4, 1 ]
               - [ 36, 9, 4 ]
               - [ 24, 56, 2 ]
               - [ 13, 13, 3 ]
   -
      template_id: 2
      templates:
         -
            width: 88
            height: 121
            tl_x: 102
            tl_y: 100
            pyramid_level: 0
            features:
               - [ 74, 51, 7 ]
               - [ 40, 17, 0 ]
               - [ 1, 79, 0 ]
               - [ 1, 58, 1 ]
               - [ 55, 1, 0 ]
               - [ 20, 30, 3 ]
               - [ 88, 70, 0 ]
               - [ 60, 18, 3 ]
               - [ 73, 36, 0 ]
               - [ 84, 91, 1 ]
               - [ 42, 121, 3 ]
               - [ 72, 19, 5 ]
               - [ 75, 105, 3 ]
               - [ 32, 28, 4 ]
               - [ 57, 109, 3 ]
               - [ 7, 97, 7 ]
               - [ 6, 43, 1 ]
               - [ 29, 120, 5 ]
               - [ 14, 108, 6 ]
               - [ 44, 5, 1 ]
         -
            width: 44
            height: 60
            tl_x: 51
            tl_y: 50
            pyramid_level: 1
            features:
               - [ 43, 41, 1 ]
               - [ 15, 14, 4 ]
               - [ 1, 27, 1 ]
               - [ 37, 25, 7 ]
               - [ 2, 45, 7 ]
               - [ 26, 56, 2 ]
               - [ 14, 60, 5 ]
               - [ 27, 5, 1 ]
               - [ 37, 16, 1 ]
               - [ 35, 53, 4 ]
   -
      template_id: 3
      templates:
         -
            width: 88
            height: 121
            tl_x: 102
            tl_y: 100
            pyramid_level: 0
            features:
               - [ 2, 80, 7 ]
               - [ 73, 48, 7 ]
               - [ 50, 1, 0 ]
               - [ 36, 18, 0 ]
               - [ 58, 16, 3 ]
               - [ 1, 61, 0 ]
               - [ 86, 89, 0 ]
               - [ 17, 32, 3 ]
               - [ 79, 102, 3 ]
               - [ 10, 100, 7 ]
               - [ 88, 76, 0 ]
               - [ 60, 108, 3 ]
               - [ 47, 121, 3 ]
               - [ 72, 26, 1 ]
               - [ 4, 48, 1 ]
               - [ 32, 120, 5 ]
               - [ 19, 111, 6 ]
               - [ 39, 6, 1 ]
               - [ 29, 29, 4 ]
               - [ 80, 57, 5 ]
         -
            width: 44
            height: 60
            tl_x: 51
            tl_y: 50
            pyramid_level: 1
            features:
               - [ 44, 38, 0 ]
               - [ 1, 28, 0 ]
               - [ 37, 25, 7 ]
               - [ 12, 15, 3 ]
               - [ 5, 50, 7 ]
               - [ 16, 60, 5 ]
               - [ 19, 4, 1 ]
               - [ 32, 53, 3 ]
               - [ 29, 8, 3 ]
               - [ 25, 59, 2 ]
   -
      template_id: 4
      templates:
         -
            width: 89
            height: 121
            tl_x: 102
            tl_y: 100
            pyramid_level: 0
            features:
               - [ 4, 84, 7 ]
               - [ 72, 46, 7 ]
               - [ 44, 14, 1 ]
               - [ 89, 63, 0 ]
               - [ 45, 1, 0 ]
               - [ 68, 31, 0 ]
               - [ 1, 67, 0 ]
               - [ 88, 87, 0 ]
               - [ 8, 41, 2 ]
               - [ 66, 15, 5 ]
               - [ 27, 30, 3 ]
               - [ 63, 107, 2 ]
               - [ 14, 103, 6 ]
               - [ 82, 99, 2 ]
               - [ 53, 120, 2 ]
               - [ 38, 121, 5 ]
               - [ 26, 115, 6 ]
               - [ 34, 7, 1 ]
               - [ 2, 55, 1 ]
               - [ 40, 26, 2 ]
         -
            width: 44
            height: 60
            tl_x: 51
            tl_y: 50
            pyramid_level: 1
            features:
               - [ 44, 43, 0 ]
               - [ 1, 37, 0 ]
               - [ 36, 23, 7 ]
               - [ 6, 50, 7 ]
               - [ 8, 17, 3 ]
               - [ 28, 58, 2 ]
               - [ 17, 4, 1 ]
               - [ 14, 58, 5 ]
               - [ 30, 7, 4 ]
               - [ 37, 51, 3 ]
   -
      template_id: 5
      templates:
         -
            width: 88
            height: 123
            tl_x: 104
            tl_y: 98
            pyramid_level: 0
            features:
               - [ 69, 46, 7 ]
               - [ 4, 89, 7 ]
               - [ 38, 16, 1 ]
               - [ 37, 1, 7 ]
               - [ 27, 23, 0 ]
               - [ 87, 61, 0 ]
               - [ 0, 73, 0 ]
               - [ 88, 81, 0 ]
               - [ 5, 45, 1 ]
               - [ 59, 15, 5 ]
               - [ 66, 106, 2 ]
               - [ 15, 107, 6 ]
               - [ 0, 58, 0 ]
               - [ 55, 122, 2 ]
               - [ 16, 36, 3 ]
               - [ 84, 97, 2 ]
               - [ 63, 30, 0 ]
               - [ 40, 123, 5 ]
               - [ 27, 117, 5 ]
               - [ 27, 11, 1 ]
         -
            width: 44
            height: 61
            tl_x: 52
            tl_y: 49
            pyramid_level: 1
            features:
               - [ 44, 35, 0 ]
               - [ 32, 17, 0 ]
               - [ 0, 36, 0 ]
               - [ 30, 57, 1 ]
               - [ 8, 18, 3 ]
               - [ 39, 50, 3 ]
               - [ 14, 4, 1 ]
               - [ 8, 54, 6 ]
               - [ 19, 61, 5 ]
               - [ 1, 26, 1 ]
               - [ 24, 8, 3 ]
               - [ 38, 26, 5 ]
   -
      template_id: 6
      templates:
         -
            width: 90
            height: 121
            tl_x: 104
            tl_y: 100
            pyramid_level: 0
            features:
               - [ 7, 91, 7 ]
