%YAML:1.0
---
class_id: "back0warp86.png"
pyramid_levels: 2
template_pyramids:
   -
      template_id: 0
      templates:
         -
            width: 63
            height: 116
            tl_x: 100
            tl_y: 106
            pyramid_level: 0
            features:
               - [ 2, 88, 7 ]
               - [ 57, 48, 1 ]
               - [ 5, 99, 7 ]
               - [ 33, 116, 5 ]
               - [ 55, 70, 7 ]
               - [ 13, 114, 7 ]
               - [ 42, 18, 1 ]
               - [ 6, 43, 1 ]
               - [ 59, 104, 1 ]
               - [ 35, 8, 1 ]
               - [ 31, 20, 1 ]
               - [ 46, 7, 1 ]
               - [ 2, 56, 1 ]
               - [ 63, 35, 1 ]
               - [ 15, 34, 3 ]
               - [ 52, 116, 2 ]
               - [ 55, 23, 5 ]
               - [ 40, 0, 2 ]
               - [ 59, 79, 6 ]
               - [ 1, 79, 0 ]
               - [ 63, 95, 1 ]
               - [ 24, 33, 4 ]
               - [ 54, 61, 0 ]
         -
            width: 31
            height: 58
            tl_x: 50
            tl_y: 53
            pyramid_level: 1
            features:
               - [ 1, 44, 0 ]
               - [ 1, 28, 0 ]
               - [ 30, 51, 1 ]
               - [ 4, 53, 7 ]
               - [ 29, 23, 1 ]
               - [ 28, 36, 7 ]
               - [ 18, 3, 1 ]
               - [ 17, 58, 5 ]
               - [ 30, 13, 6 ]
               - [ 24, 12, 4 ]
   -
      template_id: 1
      templates:
         -
            width: 61
            height: 119
            tl_x: 102
            tl_y: 104
            pyramid_level: 0
            features:
               - [ 0, 75, 0 ]
               - [ 54, 70, 7 ]
               - [ 54, 48, 1 ]
               - [ 32, 118, 3 ]
               - [ 4, 96, 7 ]
               - [ 39, 11, 1 ]
               - [ 41, 25, 3 ]
               - [ 0, 60, 0 ]
               - [ 28, 12, 1 ]
               - [ 61, 103, 1 ]
               - [ 56, 115, 1 ]
               - [ 6, 42, 2 ]
               - [ 14, 115, 6 ]
               - [ 61, 81, 6 ]
               - [ 25, 26, 0 ]
               - [ 59, 35, 1 ]
               - [ 34, 0, 2 ]
               - [ 17, 36, 4 ]
               - [ 8, 106, 7 ]
               - [ 42, 119, 5 ]
               - [ 55, 25, 6 ]
         -
            width: 30
            height: 59
            tl_x: 51
            tl_y: 52
            pyramid_level: 1
            features:
               - [ 2, 48, 7 ]
               - [ 0, 31, 0 ]
               - [ 27, 24, 1 ]
               - [ 14, 6, 1 ]
               - [ 30, 53, 1 ]
               - [ 19, 59, 4 ]
               - [ 8, 18, 4 ]
               - [ 30, 40, 6 ]
               - [ 26, 12, 5 ]
               - [ 8, 59, 6 ]
   -
      template_id: 2
      templates:
         -
            width: 66
            height: 114
            tl_x: 102
            tl_y: 108
            pyramid_level: 0
            features:
               - [ 2, 77, 0 ]
               - [ 36, 114, 3 ]
               - [ 53, 42, 0 ]
               - [ 2, 46, 1 ]
               - [ 55, 64, 7 ]
               - [ 6, 91, 7 ]
               - [ 12, 103, 7 ]
               - [ 65, 96, 1 ]
               - [ 33, 15, 1 ]
               - [ 56, 30, 1 ]
               - [ 25, 4, 1 ]
               - [ 0, 62, 0 ]
               - [ 64, 75, 6 ]
               - [ 20, 113, 6 ]
               - [ 59, 111, 2 ]
               - [ 12, 34, 3 ]
               - [ 22, 21, 0 ]
               - [ 48, 114, 5 ]
               - [ 52, 19, 5 ]
               - [ 35, 1, 0 ]
         -
            width: 33
            height: 57
            tl_x: 51
            tl_y: 54
            pyramid_level: 1
            features:
               - [ 7, 53, 6 ]
               - [ 1, 23, 1 ]
               - [ 27, 19, 1 ]
               - [ 33, 46, 1 ]
               - [ 27, 30, 7 ]
               - [ 12, 4, 1 ]
               - [ 18, 57, 3 ]
               - [ 22, 9, 4 ]
               - [ 3, 46, 7 ]
               - [ 7, 17, 3 ]
               - [ 31, 37, 6 ]
   -
      template_id: 3
      templates:
         -
            width: 69
            height: 120
            tl_x: 102
            tl_y: 104
            pyramid_level: 0
            features:
               - [ 4, 84, 7 ]
               - [ 44, 116, 3 ]
               - [ 8, 95, 7 ]
               - [ 15, 107, 6 ]
               - [ 54, 31, 1 ]
               - [ 25, 118, 6 ]
               - [ 57, 68, 7 ]
               - [ 52, 43, 0 ]
               - [ 3, 48, 1 ]
               - [ 20, 11, 1 ]
               - [ 30, 17, 0 ]
               - [ 1, 68, 0 ]
               - [ 69, 94, 1 ]
               - [ 64, 112, 1 ]
               - [ 30, 1, 0 ]
               - [ 52, 53, 0 ]
               - [ 16, 38, 4 ]
               - [ 44, 20, 4 ]
               - [ 27, 33, 2 ]
               - [ 64, 75, 6 ]
         -
            width: 34
            height: 60
            tl_x: 51
            tl_y: 52
            pyramid_level: 1
            features:
               - [ 6, 51, 7 ]
               - [ 26, 21, 0 ]
               - [ 10, 6, 0 ]
               - [ 28, 33, 7 ]
               - [ 34, 49, 0 ]
               - [ 1, 25, 1 ]
               - [ 20, 59, 3 ]
               - [ 19, 11, 3 ]
               - [ 0, 31, 0 ]
               - [ 5, 20, 3 ]
               - [ 14, 60, 6 ]
               - [ 25, 11, 5 ]
   -
      template_id: 4
      templates:
         -
            width: 72
            height: 118
            tl_x: 102
            tl_y: 104
            pyramid_level: 0
            features:
               - [ 4, 80, 7 ]
               - [ 48, 115, 3 ]
               - [ 14, 101, 7 ]
               - [ 26, 6, 0 ]
               - [ 1, 56, 0 ]
               - [ 16, 12, 0 ]
               - [ 1, 66, 0 ]
               - [ 27, 116, 6 ]
               - [ 26, 20, 0 ]
               - [ 57, 65, 6 ]
               - [ 17, 29, 0 ]
               - [ 51, 32, 0 ]
               - [ 67, 73, 5 ]
               - [ 72, 90, 0 ]
               - [ 69, 108, 1 ]
               - [ 51, 49, 0 ]
               - [ 8, 42, 3 ]
               - [ 48, 21, 5 ]
               - [ 19, 0, 1 ]
               - [ 35, 21, 2 ]
               - [ 71, 99, 0 ]
         -
            width: 36
            height: 59
            tl_x: 51
            tl_y: 52
            pyramid_level: 1
            features:
               - [ 8, 52, 6 ]
               - [ 15, 59, 6 ]
               - [ 36, 44, 0 ]
               - [ 35, 52, 1 ]
               - [ 8, 8, 0 ]
               - [ 1, 26, 1 ]
               - [ 27, 30, 7 ]
               - [ 25, 21, 0 ]
               - [ 19, 10, 3 ]
               - [ 22, 59, 2 ]
               - [ 6, 20, 3 ]
   -
      template_id: 5
      templates:
         -
            width: 74
            height: 115
            tl_x: 102
            tl_y: 110
            pyramid_level: 0
            features:
               - [ 6, 76, 7 ]
               - [ 16, 94, 6 ]
               - [ 49, 36, 0 ]
               - [ 57, 106, 4 ]
               - [ 12, 7, 0 ]
               - [ 55, 53, 7 ]
               - [ 28, 107, 6 ]
               - [ 2, 63, 7 ]
               - [ 14, 23, 7 ]
               - [ 21, 0, 7 ]
               - [ 49, 20, 0 ]
               - [ 1, 49, 0 ]
               - [ 40, 115, 5 ]
               - [ 74, 73, 0 ]
               - [ 74, 92, 0 ]
               - [ 28, 18, 2 ]
               - [ 64, 62, 5 ]
               - [ 12, 35, 3 ]
               - [ 39, 12, 4 ]
               - [ 74, 83, 0 ]
         -
            width: 37
            height: 57
            tl_x: 51
            tl_y: 55
            pyramid_level: 1
            features:
               - [ 6, 5, 0 ]
               - [ 37, 46, 0 ]
               - [ 1, 32, 7 ]
               - [ 16, 55, 6 ]
               - [ 8, 47, 6 ]
               - [ 25, 20, 7 ]
               - [ 32, 31, 5 ]
               - [ 5, 18, 3 ]
               - [ 17, 7, 3 ]
               - [ 29, 53, 4 ]
   -
      template_id: 6
