%YAML:1.0
---
class_id: "back0warp12.png"
pyramid_levels: 2
template_pyramids:
   -
      template_id: 0
      templates:
         -
            width: 65
            height: 91
            tl_x: 100
            tl_y: 106
            pyramid_level: 0
            features:
               - [ 33, 71, 2 ]
               - [ 6, 56, 1 ]
               - [ 55, 49, 1 ]
               - [ 2, 68, 1 ]
               - [ 62, 34, 1 ]
               - [ 15, 40, 2 ]
               - [ 59, 42, 1 ]
               - [ 59, 3, 1 ]
               - [ 29, 25, 2 ]
               - [ 65, 26, 1 ]
               - [ 28, 78, 1 ]
               - [ 47, 57, 2 ]
               - [ 39, 7, 1 ]
               - [ 1, 84, 7 ]
               - [ 62, 17, 4 ]
               - [ 15, 91, 4 ]
               - [ 6, 91, 5 ]
               - [ 48, 0, 1 ]
               - [ 11, 46, 1 ]
               - [ 24, 84, 2 ]
               - [ 57, 10, 0 ]
               - [ 38, 65, 2 ]
         -
            width: 32
            height: 45
            tl_x: 50
            tl_y: 53
            pyramid_level: 1
            features:
               - [ 32, 14, 1 ]
               - [ 3, 28, 1 ]
               - [ 17, 35, 2 ]
               - [ 14, 13, 2 ]
               - [ 27, 25, 2 ]
               - [ 29, 4, 0 ]
               - [ 1, 43, 7 ]
               - [ 19, 5, 1 ]
               - [ 7, 21, 1 ]
               - [ 12, 42, 2 ]
   -
      template_id: 1
      templates:
         -
            width: 59
            height: 97
            tl_x: 104
            tl_y: 102
            pyramid_level: 0
            features:
               - [ 19, 34, 2 ]
               - [ 21, 92, 2 ]
               - [ 4, 60, 1 ]
               - [ 53, 48, 1 ]
               - [ 57, 36, 1 ]
               - [ 1, 70, 1 ]
               - [ 8, 51, 1 ]
               - [ 34, 71, 2 ]
               - [ 28, 25, 2 ]
               - [ 48, 0, 2 ]
               - [ 42, 62, 2 ]
               - [ 50, 12, 0 ]
               - [ 26, 84, 1 ]
               - [ 32, 11, 1 ]
               - [ 13, 42, 1 ]
               - [ 0, 86, 0 ]
               - [ 13, 97, 4 ]
               - [ 59, 28, 1 ]
               - [ 56, 18, 3 ]
               - [ 40, 3, 0 ]
         -
            width: 29
            height: 48
            tl_x: 52
            tl_y: 51
            pyramid_level: 1
            features:
               - [ 8, 19, 2 ]
               - [ 16, 37, 1 ]
               - [ 29, 16, 1 ]
               - [ 0, 38, 0 ]
               - [ 2, 30, 1 ]
               - [ 26, 25, 1 ]
               - [ 12, 14, 2 ]
               - [ 8, 48, 3 ]
               - [ 25, 6, 0 ]
               - [ 19, 33, 2 ]
               - [ 13, 42, 1 ]
               - [ 4, 25, 1 ]
   -
      template_id: 2
      templates:
         -
            width: 55
            height: 101
            tl_x: 106
            tl_y: 100
            pyramid_level: 0
            features:
               - [ 16, 37, 2 ]
               - [ 34, 73, 1 ]
               - [ 55, 30, 0 ]
               - [ 51, 48, 1 ]
               - [ 1, 75, 0 ]
               - [ 10, 47, 1 ]
               - [ 5, 58, 1 ]
               - [ 22, 96, 2 ]
               - [ 24, 27, 2 ]
               - [ 1, 89, 0 ]
               - [ 45, 8, 0 ]
               - [ 28, 9, 1 ]
               - [ 26, 89, 1 ]
               - [ 41, 63, 2 ]
               - [ 41, 1, 2 ]
               - [ 51, 18, 3 ]
               - [ 13, 101, 3 ]
               - [ 53, 41, 1 ]
               - [ 3, 65, 1 ]
               - [ 34, 4, 0 ]
         -
            width: 27
            height: 50
            tl_x: 53
            tl_y: 50
            pyramid_level: 1
            features:
               - [ 27, 18, 0 ]
               - [ 18, 35, 1 ]
               - [ 3, 28, 1 ]
               - [ 25, 25, 1 ]
               - [ 1, 35, 0 ]
               - [ 7, 20, 1 ]
               - [ 13, 45, 1 ]
               - [ 23, 5, 0 ]
               - [ 15, 40, 1 ]
               - [ 21, 31, 2 ]
               - [ 20, 1, 3 ]
   -
      template_id: 3
      templates:
         -
            width: 51
            height: 102
            tl_x: 108
            tl_y: 100
            pyramid_level: 0
            features:
               - [ 13, 38, 1 ]
               - [ 25, 95, 1 ]
               - [ 33, 74, 1 ]
               - [ 2, 89, 7 ]
               - [ 3, 64, 1 ]
               - [ 48, 49, 1 ]
               - [ 6, 53, 1 ]
               - [ 19, 29, 2 ]
               - [ 51, 31, 0 ]
               - [ 50, 40, 0 ]
               - [ 35, 0, 2 ]
               - [ 40, 62, 1 ]
               - [ 29, 85, 1 ]
               - [ 1, 79, 0 ]
               - [ 22, 11, 1 ]
               - [ 41, 15, 6 ]
               - [ 18, 101, 3 ]
               - [ 39, 7, 0 ]
               - [ 10, 102, 5 ]
               - [ 28, 4, 0 ]
         -
            width: 25
            height: 51
            tl_x: 54
            tl_y: 50
            pyramid_level: 1
            features:
               - [ 6, 20, 1 ]
               - [ 1, 35, 0 ]
               - [ 25, 19, 0 ]
               - [ 15, 41, 1 ]
               - [ 3, 27, 1 ]
               - [ 20, 31, 1 ]
               - [ 20, 5, 0 ]
               - [ 24, 24, 1 ]
               - [ 17, 36, 1 ]
               - [ 9, 15, 1 ]
               - [ 17, 0, 3 ]
   -
      template_id: 4
      templates:
         -
            width: 46
            height: 105
            tl_x: 112
            tl_y: 98
            pyramid_level: 0
            features:
               - [ 8, 41, 1 ]
               - [ 44, 48, 0 ]
               - [ 32, 73, 1 ]
               - [ 0, 74, 0 ]
               - [ 0, 84, 0 ]
               - [ 2, 58, 1 ]
               - [ 13, 32, 1 ]
               - [ 45, 39, 0 ]
               - [ 27, 1, 2 ]
               - [ 45, 25, 0 ]
               - [ 25, 97, 1 ]
               - [ 36, 65, 1 ]
               - [ 29, 82, 1 ]
               - [ 32, 10, 0 ]
               - [ 15, 12, 0 ]
               - [ 40, 58, 2 ]
               - [ 40, 16, 3 ]
               - [ 18, 104, 3 ]
               - [ 4, 51, 1 ]
               - [ 1, 91, 7 ]
               - [ 11, 105, 5 ]
               - [ 20, 6, 0 ]
         -
            width: 23
            height: 52
            tl_x: 56
            tl_y: 49
            pyramid_level: 1
            features:
               - [ 0, 37, 0 ]
               - [ 14, 43, 1 ]
               - [ 1, 29, 1 ]
               - [ 22, 23, 0 ]
               - [ 6, 17, 1 ]
               - [ 18, 32, 1 ]
               - [ 16, 5, 7 ]
               - [ 7, 10, 0 ]
               - [ 3, 23, 1 ]
               - [ 16, 37, 1 ]
               - [ 23, 18, 0 ]
               - [ 13, 1, 2 ]
   -
      template_id: 5
      templates:
         -
            width: 42
            height: 104
            tl_x: 114
            tl_y: 100
            pyramid_level: 0
            features:
               - [ 32, 70, 1 ]
               - [ 5, 41, 1 ]
               - [ 27, 94, 1 ]
               - [ 3, 92, 7 ]
               - [ 41, 47, 1 ]
               - [ 41, 24, 0 ]
               - [ 1, 83, 0 ]
               - [ 0, 63, 0 ]
               - [ 10, 29, 1 ]
               - [ 26, 6, 7 ]
               - [ 2, 51, 1 ]
               - [ 29, 84, 0 ]
               - [ 9, 15, 0 ]
               - [ 34, 13, 2 ]
               - [ 15, 104, 4 ]
               - [ 14, 5, 0 ]
               - [ 42, 39, 0 ]
               - [ 0, 75, 0 ]
               - [ 35, 62, 1 ]
               - [ 20, 0, 1 ]
               - [ 38, 55, 1 ]
               - [ 22, 101, 3 ]
         -
            width: 21
            height: 52
            tl_x: 57
            tl_y: 50
            pyramid_level: 1
            features:
               - [ 2, 22, 1 ]
               - [ 17, 32, 1 ]
               - [ 0, 32, 0 ]
               - [ 21, 17, 0 ]
               - [ 15, 39, 0 ]
               - [ 14, 45, 1 ]
               - [ 20, 25, 1 ]
               - [ 13, 3, 7 ]
               - [ 0, 36, 0 ]
