%YAML:1.0
---
class_id: "back0warp33.png"
pyramid_levels: 2
template_pyramids:
   -
      template_id: 0
      templates:
         -
            width: 95
            height: 101
            tl_x: 100
            tl_y: 102
            pyramid_level: 0
            features:
               - [ 26, 24, 3 ]
               - [ 73, 14, 3 ]
               - [ 53, 12, 1 ]
               - [ 63, 1, 3 ]
               - [ 89, 22, 2 ]
               - [ 76, 90, 3 ]
               - [ 9, 38, 1 ]
               - [ 52, 92, 3 ]
               - [ 90, 75, 1 ]
               - [ 95, 65, 1 ]
               - [ 1, 59, 0 ]
               - [ 35, 101, 3 ]
               - [ 83, 36, 0 ]
               - [ 90, 50, 5 ]
               - [ 1, 70, 0 ]
               - [ 37, 22, 4 ]
               - [ 16, 96, 6 ]
               - [ 66, 90, 4 ]
               - [ 7, 86, 7 ]
               - [ 84, 14, 5 ]
               - [ 85, 83, 2 ]
               - [ 56, 21, 3 ]
         -
            width: 47
            height: 50
            tl_x: 50
            tl_y: 51
            pyramid_level: 1
            features:
               - [ 17, 11, 4 ]
               - [ 1, 27, 1 ]
               - [ 26, 46, 3 ]
               - [ 42, 16, 1 ]
               - [ 7, 16, 2 ]
               - [ 2, 40, 7 ]
               - [ 43, 41, 2 ]
               - [ 8, 48, 6 ]
               - [ 28, 4, 2 ]
               - [ 41, 7, 4 ]
               - [ 45, 25, 6 ]
   -
      template_id: 1
      templates:
         -
            width: 94
            height: 102
            tl_x: 102
            tl_y: 102
            pyramid_level: 0
            features:
               - [ 22, 26, 3 ]
               - [ 68, 12, 3 ]
               - [ 47, 14, 1 ]
               - [ 81, 26, 1 ]
               - [ 94, 61, 1 ]
               - [ 7, 40, 1 ]
               - [ 83, 83, 2 ]
               - [ 56, 0, 2 ]
               - [ 2, 51, 1 ]
               - [ 33, 23, 4 ]
               - [ 1, 75, 7 ]
               - [ 79, 11, 4 ]
               - [ 0, 64, 0 ]
               - [ 37, 102, 3 ]
               - [ 49, 94, 3 ]
               - [ 91, 48, 5 ]
               - [ 80, 37, 7 ]
               - [ 15, 97, 6 ]
               - [ 65, 89, 4 ]
               - [ 90, 71, 1 ]
               - [ 5, 85, 7 ]
         -
            width: 47
            height: 51
            tl_x: 51
            tl_y: 51
            pyramid_level: 1
            features:
               - [ 47, 30, 1 ]
               - [ 11, 13, 3 ]
               - [ 29, 45, 3 ]
               - [ 3, 21, 1 ]
               - [ 40, 15, 0 ]
               - [ 3, 43, 7 ]
               - [ 20, 50, 2 ]
               - [ 26, 2, 2 ]
               - [ 42, 41, 2 ]
               - [ 10, 50, 5 ]
               - [ 35, 6, 4 ]
   -
      template_id: 2
      templates:
         -
            width: 94
            height: 108
            tl_x: 102
            tl_y: 98
            pyramid_level: 0
            features:
               - [ 6, 48, 1 ]
               - [ 35, 27, 4 ]
               - [ 44, 17, 1 ]
               - [ 68, 13, 3 ]
               - [ 22, 31, 3 ]
               - [ 57, 95, 3 ]
               - [ 39, 108, 3 ]
               - [ 84, 86, 2 ]
               - [ 1, 69, 0 ]
               - [ 78, 34, 0 ]
               - [ 55, 1, 2 ]
               - [ 80, 23, 1 ]
               - [ 94, 63, 1 ]
               - [ 3, 82, 7 ]
               - [ 90, 76, 1 ]
               - [ 87, 47, 5 ]
               - [ 8, 92, 6 ]
               - [ 70, 91, 3 ]
               - [ 22, 105, 5 ]
               - [ 78, 13, 5 ]
               - [ 12, 39, 2 ]
         -
            width: 47
            height: 54
            tl_x: 51
            tl_y: 49
            pyramid_level: 1
            features:
               - [ 46, 35, 1 ]
               - [ 1, 30, 0 ]
               - [ 9, 17, 2 ]
               - [ 39, 15, 0 ]
               - [ 33, 46, 3 ]
               - [ 4, 46, 7 ]
               - [ 24, 4, 2 ]
               - [ 12, 53, 5 ]
               - [ 33, 7, 3 ]
               - [ 42, 43, 2 ]
               - [ 43, 23, 5 ]
   -
      template_id: 3
      templates:
         -
            width: 93
            height: 108
            tl_x: 104
            tl_y: 100
            pyramid_level: 0
            features:
               - [ 16, 33, 2 ]
               - [ 28, 27, 3 ]
               - [ 57, 12, 3 ]
               - [ 39, 15, 0 ]
               - [ 4, 49, 1 ]
               - [ 76, 15, 1 ]
               - [ 1, 75, 0 ]
               - [ 1, 60, 0 ]
               - [ 93, 55, 0 ]
               - [ 87, 77, 1 ]
               - [ 58, 92, 3 ]
               - [ 54, 0, 0 ]
               - [ 91, 66, 1 ]
               - [ 74, 29, 0 ]
               - [ 79, 85, 3 ]
               - [ 86, 42, 5 ]
               - [ 25, 105, 5 ]
               - [ 9, 93, 6 ]
               - [ 51, 98, 2 ]
               - [ 9, 40, 2 ]
               - [ 42, 6, 1 ]
               - [ 70, 8, 4 ]
               - [ 67, 88, 3 ]
               - [ 34, 108, 5 ]
         -
            width: 46
            height: 54
            tl_x: 52
            tl_y: 50
            pyramid_level: 1
            features:
               - [ 46, 30, 0 ]
               - [ 13, 14, 3 ]
               - [ 14, 53, 5 ]
               - [ 37, 43, 3 ]
               - [ 1, 28, 1 ]
               - [ 37, 12, 0 ]
               - [ 21, 3, 1 ]
               - [ 24, 51, 2 ]
               - [ 31, 5, 3 ]
               - [ 43, 21, 5 ]
   -
      template_id: 4
      templates:
         -
            width: 91
            height: 107
            tl_x: 106
            tl_y: 100
            pyramid_level: 0
            features:
               - [ 25, 28, 3 ]
               - [ 60, 7, 3 ]
               - [ 2, 52, 1 ]
               - [ 12, 36, 2 ]
               - [ 39, 1, 2 ]
               - [ 71, 12, 1 ]
               - [ 0, 73, 0 ]
               - [ 91, 50, 0 ]
               - [ 90, 61, 0 ]
               - [ 81, 81, 2 ]
               - [ 70, 27, 7 ]
               - [ 59, 91, 2 ]
               - [ 34, 15, 0 ]
               - [ 81, 38, 4 ]
               - [ 50, 101, 2 ]
               - [ 5, 88, 7 ]
               - [ 29, 107, 5 ]
               - [ 18, 102, 5 ]
               - [ 87, 73, 1 ]
               - [ 46, 9, 1 ]
         -
            width: 45
            height: 53
            tl_x: 53
            tl_y: 50
            pyramid_level: 1
            features:
               - [ 1, 26, 1 ]
               - [ 13, 14, 3 ]
               - [ 28, 47, 2 ]
               - [ 45, 30, 0 ]
               - [ 35, 8, 0 ]
               - [ 41, 19, 5 ]
               - [ 13, 53, 5 ]
               - [ 18, 3, 1 ]
               - [ 37, 42, 3 ]
               - [ 0, 35, 0 ]
   -
      template_id: 5
      templates:
         -
            width: 89
            height: 109
            tl_x: 108
            tl_y: 100
            pyramid_level: 0
            features:
               - [ 0, 56, 1 ]
               - [ 53, 6, 3 ]
               - [ 27, 27, 3 ]
               - [ 65, 11, 0 ]
               - [ 33, 1, 2 ]
               - [ 0, 77, 7 ]
               - [ 9, 38, 2 ]
               - [ 86, 71, 1 ]
               - [ 61, 89, 2 ]
               - [ 52, 101, 1 ]
               - [ 79, 35, 4 ]
               - [ 66, 26, 7 ]
               - [ 6, 91, 7 ]
               - [ 72, 82, 3 ]
               - [ 38, 109, 4 ]
               - [ 89, 55, 0 ]
               - [ 27, 107, 5 ]
               - [ 17, 102, 5 ]
               - [ 40, 9, 1 ]
               - [ 34, 19, 2 ]
         -
            width: 44
            height: 54
            tl_x: 54
            tl_y: 50
            pyramid_level: 1
            features:
               - [ 44, 31, 0 ]
               - [ 0, 28, 1 ]
               - [ 30, 45, 2 ]
               - [ 10, 15, 3 ]
               - [ 16, 54, 4 ]
               - [ 27, 3, 3 ]
               - [ 6, 49, 6 ]
               - [ 15, 4, 1 ]
               - [ 38, 17, 5 ]
