%YAML:1.0
---
class_id: "back0warp88.png"
pyramid_levels: 2
template_pyramids:
   -
      template_id: 0
      templates:
         -
            width: 83
            height: 118
            tl_x: 100
            tl_y: 102
            pyramid_level: 0
            features:
               - [ 34, 118, 3 ]
               - [ 1, 84, 7 ]
               - [ 42, 21, 1 ]
               - [ 46, 117, 5 ]
               - [ 74, 75, 7 ]
               - [ 5, 96, 7 ]
               - [ 15, 112, 6 ]
               - [ 4, 48, 1 ]
               - [ 56, 1, 2 ]
               - [ 54, 24, 2 ]
               - [ 17, 34, 3 ]
               - [ 83, 33, 6 ]
               - [ 76, 109, 1 ]
               - [ 47, 10, 2 ]
               - [ 31, 33, 4 ]
               - [ 67, 26, 4 ]
               - [ 76, 51, 1 ]
               - [ 83, 86, 6 ]
               - [ 45, 34, 3 ]
               - [ 82, 99, 1 ]
         -
            width: 41
            height: 59
            tl_x: 50
            tl_y: 51
            pyramid_level: 1
            features:
               - [ 1, 44, 7 ]
               - [ 1, 27, 1 ]
               - [ 17, 59, 3 ]
               - [ 39, 53, 1 ]
               - [ 21, 10, 1 ]
               - [ 40, 22, 2 ]
               - [ 37, 37, 7 ]
               - [ 6, 54, 6 ]
               - [ 7, 18, 2 ]
               - [ 34, 13, 4 ]
   -
      template_id: 1
      templates:
         -
            width: 87
            height: 119
            tl_x: 100
            tl_y: 102
            pyramid_level: 0
            features:
               - [ 38, 25, 0 ]
               - [ 3, 86, 7 ]
               - [ 44, 117, 3 ]
               - [ 1, 61, 0 ]
               - [ 18, 35, 3 ]
               - [ 13, 107, 6 ]
               - [ 75, 72, 7 ]
               - [ 51, 0, 2 ]
               - [ 51, 23, 1 ]
               - [ 25, 119, 6 ]
               - [ 58, 118, 5 ]
               - [ 78, 28, 6 ]
               - [ 7, 97, 7 ]
               - [ 81, 104, 1 ]
               - [ 30, 34, 4 ]
               - [ 4, 49, 1 ]
               - [ 75, 48, 1 ]
               - [ 87, 90, 1 ]
               - [ 73, 116, 2 ]
               - [ 61, 25, 3 ]
               - [ 56, 14, 1 ]
               - [ 82, 80, 6 ]
               - [ 73, 58, 0 ]
               - [ 80, 38, 1 ]
               - [ 44, 8, 1 ]
               - [ 43, 34, 3 ]
         -
            width: 43
            height: 59
            tl_x: 50
            tl_y: 51
            pyramid_level: 1
            features:
               - [ 3, 47, 7 ]
               - [ 37, 34, 7 ]
               - [ 40, 53, 1 ]
               - [ 20, 8, 1 ]
               - [ 2, 25, 1 ]
               - [ 12, 59, 6 ]
               - [ 39, 21, 1 ]
               - [ 25, 58, 4 ]
               - [ 14, 17, 4 ]
               - [ 34, 12, 4 ]
   -
      template_id: 2
      templates:
         -
            width: 85
            height: 118
            tl_x: 102
            tl_y: 102
            pyramid_level: 0
            features:
               - [ 49, 116, 3 ]
               - [ 3, 88, 7 ]
               - [ 33, 25, 0 ]
               - [ 10, 102, 7 ]
               - [ 76, 72, 6 ]
               - [ 5, 45, 2 ]
               - [ 0, 57, 0 ]
               - [ 15, 37, 3 ]
               - [ 25, 118, 6 ]
               - [ 48, 18, 1 ]
               - [ 75, 26, 5 ]
               - [ 37, 9, 1 ]
               - [ 80, 107, 1 ]
               - [ 85, 95, 1 ]
               - [ 51, 0, 0 ]
               - [ 72, 45, 1 ]
               - [ 64, 22, 4 ]
               - [ 28, 35, 4 ]
               - [ 70, 58, 0 ]
               - [ 39, 34, 3 ]
         -
            width: 42
            height: 59
            tl_x: 51
            tl_y: 51
            pyramid_level: 1
            features:
               - [ 22, 59, 3 ]
               - [ 8, 55, 6 ]
               - [ 0, 30, 0 ]
               - [ 41, 51, 1 ]
               - [ 17, 9, 0 ]
               - [ 10, 18, 4 ]
               - [ 37, 34, 7 ]
               - [ 37, 20, 1 ]
               - [ 32, 11, 4 ]
               - [ 3, 22, 2 ]
               - [ 25, 6, 1 ]
   -
      template_id: 3
      templates:
         -
            width: 89
            height: 118
            tl_x: 102
            tl_y: 102
            pyramid_level: 0
            features:
               - [ 54, 115, 3 ]
               - [ 5, 90, 7 ]
               - [ 30, 24, 0 ]
               - [ 77, 69, 6 ]
               - [ 14, 105, 6 ]
               - [ 49, 24, 3 ]
               - [ 28, 118, 5 ]
               - [ 0, 67, 0 ]
               - [ 73, 24, 5 ]
               - [ 14, 39, 3 ]
               - [ 4, 48, 1 ]
               - [ 86, 98, 1 ]
               - [ 38, 0, 2 ]
               - [ 32, 11, 1 ]
               - [ 46, 11, 0 ]
               - [ 72, 37, 1 ]
               - [ 70, 52, 0 ]
               - [ 29, 36, 4 ]
               - [ 89, 87, 1 ]
               - [ 62, 20, 4 ]
         -
            width: 44
            height: 59
            tl_x: 51
            tl_y: 51
            pyramid_level: 1
            features:
               - [ 24, 59, 3 ]
               - [ 0, 32, 0 ]
               - [ 44, 45, 1 ]
               - [ 14, 59, 5 ]
               - [ 15, 10, 0 ]
               - [ 9, 19, 3 ]
               - [ 35, 23, 0 ]
               - [ 27, 11, 3 ]
               - [ 38, 34, 6 ]
               - [ 32, 57, 4 ]
   -
      template_id: 4
      templates:
         -
            width: 89
            height: 122
            tl_x: 102
            tl_y: 102
            pyramid_level: 0
            features:
               - [ 58, 114, 3 ]
               - [ 8, 93, 7 ]
               - [ 27, 26, 0 ]
               - [ 77, 65, 6 ]
               - [ 67, 20, 5 ]
               - [ 18, 107, 6 ]
               - [ 39, 122, 5 ]
               - [ 4, 50, 1 ]
               - [ 50, 21, 3 ]
               - [ 29, 8, 1 ]
               - [ 1, 73, 0 ]
               - [ 89, 94, 1 ]
               - [ 39, 23, 1 ]
               - [ 27, 115, 6 ]
               - [ 69, 40, 0 ]
               - [ 24, 38, 4 ]
               - [ 41, 1, 7 ]
               - [ 68, 112, 4 ]
               - [ 11, 42, 3 ]
               - [ 71, 30, 1 ]
               - [ 86, 104, 1 ]
         -
            width: 44
            height: 61
            tl_x: 51
            tl_y: 51
            pyramid_level: 1
            features:
               - [ 44, 49, 1 ]
               - [ 18, 60, 5 ]
               - [ 6, 50, 6 ]
               - [ 8, 20, 3 ]
               - [ 14, 6, 1 ]
               - [ 35, 17, 1 ]
               - [ 36, 29, 7 ]
               - [ 0, 33, 0 ]
               - [ 29, 57, 3 ]
               - [ 26, 10, 3 ]
   -
      template_id: 5
      templates:
         -
            width: 91
            height: 122
            tl_x: 104
            tl_y: 102
            pyramid_level: 0
            features:
               - [ 57, 115, 2 ]
               - [ 9, 96, 7 ]
               - [ 68, 110, 4 ]
               - [ 23, 31, 7 ]
               - [ 74, 61, 6 ]
               - [ 43, 122, 5 ]
               - [ 62, 18, 5 ]
               - [ 0, 75, 0 ]
               - [ 1, 54, 1 ]
               - [ 28, 115, 5 ]
               - [ 44, 21, 2 ]
               - [ 90, 89, 0 ]
               - [ 22, 12, 1 ]
               - [ 65, 38, 0 ]
               - [ 15, 41, 3 ]
               - [ 86, 103, 1 ]
               - [ 34, 1, 7 ]
               - [ 67, 50, 0 ]
               - [ 91, 78, 0 ]
               - [ 84, 66, 5 ]
               - [ 36, 13, 0 ]
         -
            width: 45
            height: 61
            tl_x: 52
            tl_y: 51
            pyramid_level: 1
            features:
               - [ 34, 55, 3 ]
               - [ 17, 59, 5 ]
               - [ 33, 15, 0 ]
               - [ 45, 45, 0 ]
               - [ 0, 29, 1 ]
               - [ 11, 6, 0 ]
               - [ 23, 10, 3 ]
               - [ 36, 29, 6 ]
               - [ 7, 21, 3 ]
               - [ 45, 37, 0 ]
   -
