%YAML:1.0
---
class_id: "back0warp117.png"
pyramid_levels: 2
template_pyramids:
   -
      template_id: 0
      templates:
         -
            width: 89
            height: 96
            tl_x: 100
            tl_y: 102
            pyramid_level: 0
            features:
               - [ 52, 12, 1 ]
               - [ 74, 7, 1 ]
               - [ 55, 95, 5 ]
               - [ 32, 94, 5 ]
               - [ 6, 63, 7 ]
               - [ 89, 87, 2 ]
               - [ 15, 78, 6 ]
               - [ 71, 25, 5 ]
               - [ 27, 14, 5 ]
               - [ 82, 66, 7 ]
               - [ 87, 32, 6 ]
               - [ 81, 96, 2 ]
               - [ 43, 20, 5 ]
               - [ 2, 51, 7 ]
               - [ 1, 33, 0 ]
               - [ 84, 52, 1 ]
               - [ 10, 17, 2 ]
               - [ 64, 0, 3 ]
               - [ 44, 94, 4 ]
               - [ 53, 25, 5 ]
         -
            width: 44
            height: 48
            tl_x: 50
            tl_y: 51
            pyramid_level: 1
            features:
               - [ 29, 48, 5 ]
               - [ 11, 43, 6 ]
               - [ 2, 29, 7 ]
               - [ 42, 15, 6 ]
               - [ 1, 15, 1 ]
               - [ 26, 6, 1 ]
               - [ 41, 32, 0 ]
               - [ 14, 7, 5 ]
               - [ 44, 44, 2 ]
               - [ 36, 6, 1 ]
   -
      template_id: 1
      templates:
         -
            width: 93
            height: 95
            tl_x: 100
            tl_y: 102
            pyramid_level: 0
            features:
               - [ 48, 15, 0 ]
               - [ 69, 23, 4 ]
               - [ 84, 94, 2 ]
               - [ 22, 85, 6 ]
               - [ 36, 95, 5 ]
               - [ 58, 94, 4 ]
               - [ 93, 82, 1 ]
               - [ 33, 18, 5 ]
               - [ 81, 26, 5 ]
               - [ 70, 5, 1 ]
               - [ 1, 51, 7 ]
               - [ 83, 61, 0 ]
               - [ 11, 18, 3 ]
               - [ 84, 49, 1 ]
               - [ 7, 66, 7 ]
               - [ 56, 1, 2 ]
               - [ 2, 28, 1 ]
               - [ 0, 40, 0 ]
               - [ 90, 33, 6 ]
               - [ 53, 25, 4 ]
         -
            width: 46
            height: 47
            tl_x: 50
            tl_y: 51
            pyramid_level: 1
            features:
               - [ 13, 44, 6 ]
               - [ 28, 47, 4 ]
               - [ 13, 8, 4 ]
               - [ 35, 3, 1 ]
               - [ 1, 27, 7 ]
               - [ 40, 13, 5 ]
               - [ 45, 43, 2 ]
               - [ 42, 32, 7 ]
               - [ 1, 14, 1 ]
               - [ 25, 4, 1 ]
   -
      template_id: 2
      templates:
         -
            width: 94
            height: 92
            tl_x: 100
            tl_y: 106
            pyramid_level: 0
            features:
               - [ 45, 14, 7 ]
               - [ 9, 66, 6 ]
               - [ 94, 77, 1 ]
               - [ 60, 89, 4 ]
               - [ 92, 65, 6 ]
               - [ 25, 83, 6 ]
               - [ 42, 92, 4 ]
               - [ 0, 47, 7 ]
               - [ 85, 89, 2 ]
               - [ 22, 14, 4 ]
               - [ 73, 91, 5 ]
               - [ 66, 0, 0 ]
               - [ 78, 19, 5 ]
               - [ 84, 55, 7 ]
               - [ 5, 20, 2 ]
               - [ 47, 2, 1 ]
               - [ 66, 17, 4 ]
               - [ 86, 37, 1 ]
               - [ 88, 25, 6 ]
               - [ 33, 16, 5 ]
         -
            width: 47
            height: 46
            tl_x: 50
            tl_y: 53
            pyramid_level: 1
            features:
               - [ 12, 41, 6 ]
               - [ 16, 8, 5 ]
               - [ 26, 45, 3 ]
               - [ 4, 32, 7 ]
               - [ 46, 40, 1 ]
               - [ 33, 0, 0 ]
               - [ 40, 10, 5 ]
               - [ 0, 15, 1 ]
               - [ 42, 27, 7 ]
               - [ 34, 45, 4 ]
               - [ 23, 3, 1 ]
               - [ 43, 18, 1 ]
   -
      template_id: 3
      templates:
         -
            width: 99
            height: 98
            tl_x: 98
            tl_y: 100
            pyramid_level: 0
            features:
               - [ 44, 19, 0 ]
               - [ 99, 78, 1 ]
               - [ 64, 1, 0 ]
               - [ 33, 92, 5 ]
               - [ 3, 59, 7 ]
               - [ 44, 98, 5 ]
               - [ 84, 25, 5 ]
               - [ 93, 89, 2 ]
               - [ 29, 23, 4 ]
               - [ 56, 96, 3 ]
               - [ 86, 42, 1 ]
               - [ 94, 66, 5 ]
               - [ 15, 78, 6 ]
               - [ 76, 94, 4 ]
               - [ 4, 31, 2 ]
               - [ 63, 22, 3 ]
               - [ 50, 1, 2 ]
               - [ 15, 23, 3 ]
               - [ 0, 46, 0 ]
               - [ 24, 86, 6 ]
               - [ 63, 11, 1 ]
         -
            width: 49
            height: 49
            tl_x: 49
            tl_y: 50
            pyramid_level: 1
            features:
               - [ 18, 47, 5 ]
               - [ 49, 40, 1 ]
               - [ 41, 12, 5 ]
               - [ 32, 47, 4 ]
               - [ 18, 12, 4 ]
               - [ 6, 37, 6 ]
               - [ 32, 3, 0 ]
               - [ 43, 28, 7 ]
               - [ 5, 13, 3 ]
               - [ 0, 22, 0 ]
   -
      template_id: 4
      templates:
         -
            width: 101
            height: 96
            tl_x: 98
            tl_y: 102
            pyramid_level: 0
            features:
               - [ 41, 17, 7 ]
               - [ 69, 90, 3 ]
               - [ 3, 59, 7 ]
               - [ 38, 92, 5 ]
               - [ 101, 72, 1 ]
               - [ 60, 1, 0 ]
               - [ 53, 96, 4 ]
               - [ 65, 18, 4 ]
               - [ 17, 23, 4 ]
               - [ 15, 76, 6 ]
               - [ 88, 54, 6 ]
               - [ 96, 83, 1 ]
               - [ 82, 20, 5 ]
               - [ 85, 37, 1 ]
               - [ 27, 86, 5 ]
               - [ 3, 32, 1 ]
               - [ 45, 0, 2 ]
               - [ 97, 61, 5 ]
               - [ 31, 23, 4 ]
               - [ 0, 49, 0 ]
         -
            width: 50
            height: 48
            tl_x: 49
            tl_y: 51
            pyramid_level: 1
            features:
               - [ 19, 46, 5 ]
               - [ 33, 9, 4 ]
               - [ 35, 45, 4 ]
               - [ 5, 35, 6 ]
               - [ 50, 37, 1 ]
               - [ 21, 3, 1 ]
               - [ 43, 17, 1 ]
               - [ 7, 12, 3 ]
               - [ 17, 12, 4 ]
               - [ 12, 42, 6 ]
               - [ 30, 1, 0 ]
               - [ 43, 25, 7 ]
   -
      template_id: 5
      templates:
         -
            width: 102
            height: 100
            tl_x: 98
            tl_y: 98
            pyramid_level: 0
            features:
               - [ 73, 92, 3 ]
               - [ 4, 67, 7 ]
               - [ 38, 20, 0 ]
               - [ 102, 74, 1 ]
               - [ 55, 100, 4 ]
               - [ 55, 1, 7 ]
               - [ 42, 97, 5 ]
               - [ 61, 21, 3 ]
               - [ 99, 61, 5 ]
               - [ 11, 77, 6 ]
               - [ 14, 30, 3 ]
               - [ 21, 86, 6 ]
               - [ 78, 21, 5 ]
               - [ 89, 55, 6 ]
               - [ 40, 6, 1 ]
               - [ 84, 37, 0 ]
               - [ 1, 41, 1 ]
               - [ 87, 91, 4 ]
               - [ 47, 28, 3 ]
               - [ 24, 29, 4 ]
               - [ 0, 57, 7 ]
         -
            width: 51
            height: 50
            tl_x: 49
            tl_y: 49
            pyramid_level: 1
            features:
               - [ 50, 40, 1 ]
               - [ 20, 48, 5 ]
               - [ 34, 47, 3 ]
               - [ 33, 10, 4 ]
               - [ 42, 19, 0 ]
               - [ 7, 40, 6 ]
               - [ 8, 15, 3 ]
               - [ 19, 6, 0 ]
               - [ 0, 23, 0 ]
               - [ 48, 30, 5 ]
   -
      template_id: 6
      templates:
         -
            width: 104
            height: 97
            tl_x: 98
            tl_y: 100
