%YAML:1.0
---
class_id: "back0warp98.png"
pyramid_levels: 2
template_pyramids:
   -
      template_id: 0
      templates:
         -
            width: 63
            height: 114
            tl_x: 100
            tl_y: 110
            pyramid_level: 0
            features:
               - [ 57, 42, 1 ]
               - [ 5, 49, 1 ]
               - [ 6, 102, 7 ]
               - [ 33, 12, 1 ]
               - [ 2, 91, 7 ]
               - [ 63, 29, 1 ]
               - [ 59, 92, 1 ]
               - [ 47, 0, 0 ]
               - [ 1, 63, 1 ]
               - [ 44, 12, 1 ]
               - [ 30, 24, 1 ]
               - [ 53, 104, 1 ]
               - [ 25, 113, 3 ]
               - [ 54, 58, 0 ]
               - [ 39, 111, 5 ]
               - [ 14, 114, 6 ]
               - [ 14, 37, 3 ]
               - [ 25, 34, 4 ]
               - [ 54, 18, 4 ]
               - [ 63, 82, 1 ]
               - [ 56, 68, 7 ]
         -
            width: 31
            height: 57
            tl_x: 50
            tl_y: 55
            pyramid_level: 1
            features:
               - [ 1, 29, 1 ]
               - [ 28, 23, 1 ]
               - [ 29, 47, 1 ]
               - [ 3, 51, 7 ]
               - [ 4, 22, 1 ]
               - [ 17, 5, 1 ]
               - [ 12, 57, 3 ]
               - [ 29, 35, 6 ]
               - [ 25, 10, 3 ]
               - [ 1, 45, 7 ]
               - [ 9, 18, 3 ]
               - [ 23, 3, 1 ]
   -
      template_id: 1
      templates:
         -
            width: 62
            height: 118
            tl_x: 102
            tl_y: 104
            pyramid_level: 0
            features:
               - [ 54, 46, 1 ]
               - [ 2, 60, 1 ]
               - [ 0, 72, 0 ]
               - [ 29, 13, 1 ]
               - [ 6, 106, 7 ]
               - [ 7, 49, 1 ]
               - [ 26, 26, 0 ]
               - [ 1, 88, 0 ]
               - [ 57, 104, 1 ]
               - [ 53, 65, 0 ]
               - [ 14, 118, 6 ]
               - [ 32, 117, 3 ]
               - [ 43, 25, 3 ]
               - [ 58, 34, 1 ]
               - [ 62, 91, 1 ]
               - [ 35, 1, 1 ]
               - [ 17, 42, 3 ]
               - [ 48, 116, 3 ]
               - [ 39, 15, 0 ]
               - [ 56, 24, 5 ]
         -
            width: 31
            height: 59
            tl_x: 51
            tl_y: 52
            pyramid_level: 1
            features:
               - [ 30, 48, 1 ]
               - [ 27, 23, 1 ]
               - [ 1, 30, 1 ]
               - [ 3, 53, 7 ]
               - [ 20, 58, 4 ]
               - [ 14, 8, 1 ]
               - [ 27, 34, 7 ]
               - [ 9, 21, 3 ]
               - [ 23, 12, 3 ]
               - [ 7, 59, 6 ]
   -
      template_id: 2
      templates:
         -
            width: 62
            height: 119
            tl_x: 104
            tl_y: 104
            pyramid_level: 0
            features:
               - [ 0, 82, 0 ]
               - [ 0, 63, 0 ]
               - [ 5, 102, 7 ]
               - [ 51, 62, 7 ]
               - [ 55, 110, 1 ]
               - [ 21, 28, 0 ]
               - [ 32, 19, 1 ]
               - [ 17, 119, 6 ]
               - [ 50, 48, 0 ]
               - [ 54, 31, 1 ]
               - [ 61, 94, 1 ]
               - [ 32, 119, 2 ]
               - [ 24, 10, 1 ]
               - [ 5, 50, 1 ]
               - [ 58, 73, 6 ]
               - [ 33, 1, 0 ]
               - [ 17, 42, 3 ]
               - [ 44, 21, 3 ]
               - [ 45, 115, 4 ]
               - [ 2, 92, 7 ]
         -
            width: 31
            height: 59
            tl_x: 52
            tl_y: 52
            pyramid_level: 1
            features:
               - [ 26, 19, 1 ]
               - [ 0, 32, 0 ]
               - [ 31, 45, 1 ]
               - [ 3, 52, 7 ]
               - [ 26, 32, 7 ]
               - [ 11, 9, 0 ]
               - [ 6, 22, 3 ]
               - [ 17, 59, 2 ]
               - [ 21, 11, 3 ]
               - [ 29, 52, 1 ]
               - [ 7, 58, 6 ]
               - [ 17, 5, 0 ]
   -
      template_id: 3
      templates:
         -
            width: 64
            height: 121
            tl_x: 104
            tl_y: 104
            pyramid_level: 0
            features:
               - [ 4, 92, 7 ]
               - [ 17, 115, 6 ]
               - [ 1, 62, 0 ]
               - [ 1, 80, 0 ]
               - [ 9, 104, 7 ]
               - [ 52, 62, 7 ]
               - [ 19, 14, 0 ]
               - [ 49, 46, 0 ]
               - [ 59, 108, 1 ]
               - [ 28, 22, 1 ]
               - [ 28, 0, 7 ]
               - [ 52, 27, 1 ]
               - [ 64, 90, 0 ]
               - [ 35, 121, 2 ]
               - [ 4, 52, 1 ]
               - [ 45, 114, 3 ]
               - [ 60, 71, 5 ]
               - [ 18, 42, 3 ]
               - [ 24, 121, 5 ]
               - [ 18, 23, 0 ]
               - [ 50, 36, 1 ]
         -
            width: 32
            height: 60
            tl_x: 52
            tl_y: 52
            pyramid_level: 1
            features:
               - [ 1, 29, 1 ]
               - [ 31, 50, 1 ]
               - [ 25, 18, 0 ]
               - [ 10, 59, 6 ]
               - [ 9, 10, 0 ]
               - [ 26, 31, 7 ]
               - [ 4, 51, 7 ]
               - [ 23, 57, 3 ]
               - [ 20, 10, 3 ]
               - [ 0, 36, 0 ]
               - [ 5, 23, 3 ]
   -
      template_id: 4
      templates:
         -
            width: 67
            height: 122
            tl_x: 104
            tl_y: 104
            pyramid_level: 0
            features:
               - [ 4, 86, 7 ]
               - [ 23, 1, 7 ]
               - [ 52, 59, 7 ]
               - [ 1, 69, 0 ]
               - [ 22, 116, 6 ]
               - [ 16, 31, 0 ]
               - [ 15, 15, 0 ]
               - [ 42, 118, 2 ]
               - [ 64, 103, 1 ]
               - [ 48, 46, 0 ]
               - [ 12, 104, 7 ]
               - [ 49, 25, 0 ]
               - [ 4, 53, 1 ]
               - [ 55, 111, 4 ]
               - [ 67, 84, 0 ]
               - [ 30, 25, 2 ]
               - [ 60, 68, 5 ]
               - [ 14, 44, 3 ]
               - [ 31, 122, 5 ]
               - [ 25, 16, 0 ]
         -
            width: 33
            height: 61
            tl_x: 52
            tl_y: 52
            pyramid_level: 1
            features:
               - [ 24, 17, 0 ]
               - [ 9, 56, 6 ]
               - [ 1, 30, 1 ]
               - [ 33, 47, 0 ]
               - [ 26, 56, 3 ]
               - [ 26, 30, 7 ]
               - [ 18, 10, 3 ]
               - [ 8, 5, 0 ]
               - [ 14, 60, 5 ]
               - [ 4, 24, 2 ]
   -
      template_id: 5
      templates:
         -
            width: 67
            height: 119
            tl_x: 106
            tl_y: 106
            pyramid_level: 0
            features:
               - [ 4, 85, 7 ]
               - [ 49, 54, 7 ]
               - [ 44, 37, 0 ]
               - [ 16, 0, 7 ]
               - [ 0, 69, 0 ]
               - [ 11, 29, 7 ]
               - [ 20, 110, 6 ]
               - [ 66, 97, 1 ]
               - [ 44, 116, 1 ]
               - [ 33, 119, 5 ]
               - [ 67, 80, 0 ]
               - [ 44, 22, 0 ]
               - [ 1, 55, 1 ]
               - [ 9, 14, 0 ]
               - [ 53, 108, 3 ]
               - [ 24, 24, 2 ]
               - [ 59, 63, 5 ]
               - [ 10, 44, 3 ]
               - [ 13, 102, 7 ]
               - [ 19, 11, 0 ]
         -
            width: 33
            height: 59
            tl_x: 53
            tl_y: 53
            pyramid_level: 1
            features:
               - [ 22, 19, 0 ]
               - [ 0, 35, 0 ]
               - [ 9, 54, 6 ]
               - [ 33, 48, 0 ]
               - [ 5, 11, 0 ]
               - [ 23, 57, 2 ]
               - [ 4, 23, 2 ]
               - [ 33, 36, 0 ]
               - [ 15, 9, 2 ]
               - [ 24, 26, 7 ]
               - [ 9, 4, 7 ]
   -
      template_id: 6
      templates:
         -
