%YAML:1.0
---
class_id: "back0warp35.png"
pyramid_levels: 2
template_pyramids:
   -
      template_id: 0
      templates:
         -
            width: 77
            height: 104
            tl_x: 100
            tl_y: 108
            pyramid_level: 0
            features:
               - [ 58, 1, 1 ]
               - [ 73, 66, 1 ]
               - [ 72, 15, 1 ]
               - [ 45, 9, 1 ]
               - [ 77, 55, 1 ]
               - [ 6, 49, 1 ]
               - [ 11, 39, 1 ]
               - [ 26, 24, 3 ]
               - [ 2, 61, 1 ]
               - [ 68, 76, 1 ]
               - [ 44, 89, 3 ]
               - [ 28, 104, 3 ]
               - [ 37, 20, 3 ]
               - [ 69, 31, 7 ]
               - [ 1, 79, 0 ]
               - [ 56, 84, 3 ]
               - [ 17, 104, 5 ]
               - [ 6, 94, 7 ]
               - [ 17, 31, 2 ]
               - [ 36, 96, 2 ]
               - [ 75, 40, 5 ]
         -
            width: 38
            height: 52
            tl_x: 50
            tl_y: 54
            pyramid_level: 1
            features:
               - [ 4, 22, 1 ]
               - [ 35, 10, 1 ]
               - [ 17, 49, 2 ]
               - [ 38, 29, 1 ]
               - [ 28, 42, 3 ]
               - [ 1, 42, 7 ]
               - [ 18, 10, 3 ]
               - [ 7, 51, 5 ]
               - [ 24, 1, 1 ]
               - [ 1, 31, 1 ]
   -
      template_id: 1
      templates:
         -
            width: 76
            height: 114
            tl_x: 102
            tl_y: 100
            pyramid_level: 0
            features:
               - [ 4, 60, 1 ]
               - [ 40, 102, 2 ]
               - [ 24, 32, 3 ]
               - [ 66, 23, 1 ]
               - [ 59, 12, 3 ]
               - [ 70, 78, 1 ]
               - [ 76, 56, 0 ]
               - [ 41, 12, 1 ]
               - [ 1, 73, 0 ]
               - [ 63, 88, 2 ]
               - [ 29, 114, 2 ]
               - [ 13, 42, 2 ]
               - [ 51, 93, 3 ]
               - [ 48, 1, 2 ]
               - [ 72, 45, 5 ]
               - [ 2, 91, 7 ]
               - [ 65, 36, 7 ]
               - [ 8, 105, 6 ]
               - [ 74, 66, 1 ]
               - [ 34, 28, 3 ]
               - [ 19, 113, 5 ]
         -
            width: 38
            height: 57
            tl_x: 51
            tl_y: 50
            pyramid_level: 1
            features:
               - [ 2, 30, 1 ]
               - [ 36, 36, 1 ]
               - [ 21, 50, 2 ]
               - [ 33, 12, 1 ]
               - [ 12, 16, 3 ]
               - [ 1, 45, 0 ]
               - [ 8, 56, 5 ]
               - [ 35, 22, 6 ]
               - [ 21, 5, 1 ]
               - [ 29, 45, 3 ]
   -
      template_id: 2
      templates:
         -
            width: 74
            height: 113
            tl_x: 104
            tl_y: 102
            pyramid_level: 0
            features:
               - [ 3, 58, 1 ]
               - [ 62, 14, 1 ]
               - [ 37, 5, 1 ]
               - [ 7, 47, 1 ]
               - [ 16, 34, 2 ]
               - [ 72, 63, 0 ]
               - [ 50, 10, 2 ]
               - [ 28, 27, 3 ]
               - [ 68, 77, 1 ]
               - [ 74, 49, 0 ]
               - [ 41, 101, 2 ]
               - [ 60, 25, 0 ]
               - [ 1, 83, 0 ]
               - [ 63, 36, 7 ]
               - [ 57, 87, 3 ]
               - [ 1, 71, 0 ]
               - [ 6, 99, 7 ]
               - [ 23, 113, 5 ]
               - [ 34, 15, 0 ]
               - [ 35, 110, 2 ]
               - [ 46, 0, 0 ]
         -
            width: 37
            height: 56
            tl_x: 52
            tl_y: 51
            pyramid_level: 1
            features:
               - [ 1, 31, 1 ]
               - [ 36, 31, 0 ]
               - [ 5, 21, 1 ]
               - [ 30, 12, 0 ]
               - [ 20, 51, 2 ]
               - [ 13, 14, 3 ]
               - [ 2, 47, 7 ]
               - [ 10, 56, 5 ]
               - [ 18, 3, 1 ]
               - [ 26, 45, 3 ]
               - [ 27, 4, 3 ]
               - [ 34, 20, 5 ]
   -
      template_id: 3
      templates:
         -
            width: 71
            height: 110
            tl_x: 106
            tl_y: 106
            pyramid_level: 0
            features:
               - [ 31, 0, 1 ]
               - [ 70, 61, 0 ]
               - [ 56, 9, 0 ]
               - [ 7, 40, 1 ]
               - [ 1, 59, 0 ]
               - [ 44, 5, 2 ]
               - [ 47, 90, 2 ]
               - [ 71, 47, 0 ]
               - [ 20, 26, 2 ]
               - [ 56, 23, 7 ]
               - [ 65, 76, 2 ]
               - [ 40, 102, 1 ]
               - [ 1, 80, 0 ]
               - [ 28, 13, 0 ]
               - [ 4, 90, 7 ]
               - [ 55, 83, 2 ]
               - [ 64, 33, 5 ]
               - [ 26, 110, 5 ]
               - [ 16, 106, 6 ]
               - [ 3, 49, 1 ]
               - [ 0, 68, 0 ]
         -
            width: 35
            height: 55
            tl_x: 53
            tl_y: 53
            pyramid_level: 1
            features:
               - [ 35, 30, 0 ]
               - [ 1, 27, 1 ]
               - [ 28, 5, 0 ]
               - [ 20, 51, 1 ]
               - [ 0, 36, 0 ]
               - [ 10, 13, 3 ]
               - [ 28, 41, 3 ]
               - [ 7, 52, 6 ]
               - [ 15, 1, 1 ]
               - [ 4, 19, 1 ]
   -
      template_id: 4
      templates:
         -
            width: 69
            height: 114
            tl_x: 108
            tl_y: 102
            pyramid_level: 0
            features:
               - [ 45, 4, 3 ]
               - [ 23, 11, 0 ]
               - [ 0, 61, 0 ]
               - [ 51, 24, 7 ]
               - [ 4, 47, 1 ]
               - [ 39, 111, 2 ]
               - [ 65, 77, 2 ]
               - [ 2, 88, 7 ]
               - [ 49, 92, 2 ]
               - [ 32, 0, 0 ]
               - [ 44, 101, 1 ]
               - [ 19, 29, 2 ]
               - [ 69, 54, 0 ]
               - [ 11, 35, 2 ]
               - [ 0, 77, 0 ]
               - [ 57, 84, 2 ]
               - [ 62, 35, 4 ]
               - [ 10, 104, 6 ]
               - [ 27, 114, 4 ]
               - [ 50, 15, 0 ]
               - [ 68, 68, 0 ]
         -
            width: 34
            height: 57
            tl_x: 54
            tl_y: 51
            pyramid_level: 1
            features:
               - [ 1, 26, 1 ]
               - [ 0, 39, 0 ]
               - [ 34, 34, 0 ]
               - [ 25, 8, 0 ]
               - [ 21, 53, 1 ]
               - [ 30, 41, 2 ]
               - [ 6, 17, 2 ]
               - [ 14, 57, 4 ]
               - [ 12, 3, 1 ]
               - [ 7, 54, 6 ]
   -
      template_id: 5
      templates:
         -
            width: 69
            height: 112
            tl_x: 108
            tl_y: 104
            pyramid_level: 0
            features:
               - [ 69, 56, 0 ]
               - [ 41, 1, 3 ]
               - [ 1, 58, 0 ]
               - [ 19, 10, 0 ]
               - [ 3, 82, 7 ]
               - [ 48, 98, 1 ]
               - [ 28, 3, 0 ]
               - [ 68, 43, 0 ]
               - [ 8, 37, 2 ]
               - [ 47, 16, 0 ]
               - [ 68, 69, 1 ]
               - [ 53, 87, 1 ]
               - [ 18, 27, 2 ]
               - [ 61, 30, 4 ]
               - [ 10, 98, 6 ]
               - [ 32, 112, 4 ]
               - [ 20, 108, 5 ]
               - [ 3, 48, 1 ]
               - [ 44, 108, 1 ]
               - [ 1, 67, 0 ]
               - [ 59, 80, 2 ]
         -
            width: 34
            height: 56
            tl_x: 54
            tl_y: 52
            pyramid_level: 1
            features:
               - [ 34, 22, 0 ]
               - [ 1, 26, 1 ]
               - [ 24, 49, 1 ]
               - [ 1, 39, 0 ]
               - [ 34, 34, 1 ]
               - [ 24, 10, 7 ]
               - [ 16, 56, 4 ]
               - [ 6, 16, 2 ]
               - [ 18, 2, 2 ]
               - [ 10, 2, 1 ]
   -
      template_id: 6
      templates:
         -
            width: 68
