%YAML:1.0
---
class_id: "back0warp112.png"
pyramid_levels: 2
template_pyramids:
   -
      template_id: 0
      templates:
         -
            width: 84
            height: 106
            tl_x: 100
            tl_y: 108
            pyramid_level: 0
            features:
               - [ 42, 23, 1 ]
               - [ 65, 100, 3 ]
               - [ 35, 105, 3 ]
               - [ 6, 92, 7 ]
               - [ 1, 79, 7 ]
               - [ 65, 1, 1 ]
               - [ 81, 34, 1 ]
               - [ 20, 106, 5 ]
               - [ 3, 54, 1 ]
               - [ 65, 21, 3 ]
               - [ 49, 7, 2 ]
               - [ 20, 35, 3 ]
               - [ 74, 91, 2 ]
               - [ 73, 52, 1 ]
               - [ 78, 67, 6 ]
               - [ 52, 102, 4 ]
               - [ 84, 23, 6 ]
               - [ 36, 33, 4 ]
               - [ 80, 82, 1 ]
               - [ 12, 100, 6 ]
         -
            width: 42
            height: 53
            tl_x: 50
            tl_y: 54
            pyramid_level: 1
            features:
               - [ 23, 6, 1 ]
               - [ 40, 41, 1 ]
               - [ 27, 51, 4 ]
               - [ 12, 17, 3 ]
               - [ 1, 29, 1 ]
               - [ 10, 53, 5 ]
               - [ 2, 44, 7 ]
               - [ 40, 18, 1 ]
               - [ 37, 30, 7 ]
               - [ 34, 10, 3 ]
   -
      template_id: 1
      templates:
         -
            width: 83
            height: 111
            tl_x: 102
            tl_y: 104
            pyramid_level: 0
            features:
               - [ 39, 20, 1 ]
               - [ 66, 103, 3 ]
               - [ 17, 41, 3 ]
               - [ 78, 88, 1 ]
               - [ 45, 106, 3 ]
               - [ 71, 53, 0 ]
               - [ 1, 83, 0 ]
               - [ 21, 111, 5 ]
               - [ 63, 22, 3 ]
               - [ 10, 102, 6 ]
               - [ 59, 0, 0 ]
               - [ 4, 55, 1 ]
               - [ 77, 36, 1 ]
               - [ 74, 65, 6 ]
               - [ 44, 9, 1 ]
               - [ 0, 69, 0 ]
               - [ 77, 22, 5 ]
               - [ 83, 77, 1 ]
               - [ 35, 37, 4 ]
               - [ 52, 21, 1 ]
         -
            width: 41
            height: 55
            tl_x: 51
            tl_y: 52
            pyramid_level: 1
            features:
               - [ 1, 30, 1 ]
               - [ 37, 21, 1 ]
               - [ 40, 42, 1 ]
               - [ 20, 9, 1 ]
               - [ 19, 55, 3 ]
               - [ 10, 20, 3 ]
               - [ 1, 44, 7 ]
               - [ 32, 11, 3 ]
               - [ 31, 52, 3 ]
               - [ 7, 53, 6 ]
   -
      template_id: 2
      templates:
         -
            width: 83
            height: 114
            tl_x: 104
            tl_y: 102
            pyramid_level: 0
            features:
               - [ 39, 113, 2 ]
               - [ 1, 87, 7 ]
               - [ 52, 1, 0 ]
               - [ 71, 100, 2 ]
               - [ 73, 35, 1 ]
               - [ 11, 105, 6 ]
               - [ 34, 23, 0 ]
               - [ 78, 88, 1 ]
               - [ 55, 24, 3 ]
               - [ 3, 58, 1 ]
               - [ 23, 114, 5 ]
               - [ 16, 44, 3 ]
               - [ 0, 72, 0 ]
               - [ 69, 55, 7 ]
               - [ 39, 9, 1 ]
               - [ 54, 106, 4 ]
               - [ 83, 75, 1 ]
               - [ 74, 22, 5 ]
               - [ 31, 40, 3 ]
               - [ 75, 66, 5 ]
         -
            width: 41
            height: 57
            tl_x: 52
            tl_y: 51
            pyramid_level: 1
            features:
               - [ 0, 35, 0 ]
               - [ 38, 46, 1 ]
               - [ 5, 52, 6 ]
               - [ 20, 56, 2 ]
               - [ 19, 6, 1 ]
               - [ 11, 21, 3 ]
               - [ 35, 22, 1 ]
               - [ 30, 11, 3 ]
               - [ 38, 33, 5 ]
               - [ 12, 57, 5 ]
               - [ 32, 52, 3 ]
   -
      template_id: 3
      templates:
         -
            width: 81
            height: 115
            tl_x: 106
            tl_y: 102
            pyramid_level: 0
            features:
               - [ 0, 83, 0 ]
               - [ 29, 27, 0 ]
               - [ 71, 99, 2 ]
               - [ 44, 111, 2 ]
               - [ 69, 32, 1 ]
               - [ 45, 0, 0 ]
               - [ 13, 107, 6 ]
               - [ 81, 77, 1 ]
               - [ 5, 54, 1 ]
               - [ 32, 12, 1 ]
               - [ 26, 115, 5 ]
               - [ 58, 104, 3 ]
               - [ 48, 24, 3 ]
               - [ 0, 66, 0 ]
               - [ 18, 44, 3 ]
               - [ 67, 53, 7 ]
               - [ 74, 63, 5 ]
               - [ 68, 19, 5 ]
               - [ 36, 37, 2 ]
               - [ 45, 11, 0 ]
         -
            width: 40
            height: 57
            tl_x: 53
            tl_y: 51
            pyramid_level: 1
            features:
               - [ 0, 33, 0 ]
               - [ 40, 40, 1 ]
               - [ 16, 6, 1 ]
               - [ 35, 15, 1 ]
               - [ 24, 54, 3 ]
               - [ 12, 57, 5 ]
               - [ 7, 23, 3 ]
               - [ 3, 49, 7 ]
               - [ 34, 28, 7 ]
               - [ 26, 11, 3 ]
   -
      template_id: 4
      templates:
         -
            width: 84
            height: 119
            tl_x: 106
            tl_y: 100
            pyramid_level: 0
            features:
               - [ 5, 95, 7 ]
               - [ 76, 96, 1 ]
               - [ 67, 31, 1 ]
               - [ 27, 35, 7 ]
               - [ 40, 1, 7 ]
               - [ 47, 114, 2 ]
               - [ 2, 66, 1 ]
               - [ 81, 82, 1 ]
               - [ 47, 24, 2 ]
               - [ 16, 110, 6 ]
               - [ 27, 19, 0 ]
               - [ 36, 119, 5 ]
               - [ 9, 53, 2 ]
               - [ 1, 81, 0 ]
               - [ 75, 62, 5 ]
               - [ 62, 104, 3 ]
               - [ 63, 18, 4 ]
               - [ 67, 53, 7 ]
               - [ 41, 14, 0 ]
               - [ 31, 7, 1 ]
               - [ 18, 47, 3 ]
               - [ 65, 43, 0 ]
               - [ 84, 67, 0 ]
         -
            width: 42
            height: 59
            tl_x: 53
            tl_y: 50
            pyramid_level: 1
            features:
               - [ 41, 39, 1 ]
               - [ 16, 59, 5 ]
               - [ 1, 33, 1 ]
               - [ 14, 8, 1 ]
               - [ 33, 17, 1 ]
               - [ 31, 52, 3 ]
               - [ 10, 23, 3 ]
               - [ 34, 28, 7 ]
               - [ 7, 54, 6 ]
               - [ 25, 11, 3 ]
   -
      template_id: 5
      templates:
         -
            width: 82
            height: 118
            tl_x: 108
            tl_y: 100
            pyramid_level: 0
            features:
               - [ 7, 99, 7 ]
               - [ 22, 31, 0 ]
               - [ 49, 114, 2 ]
               - [ 33, 1, 7 ]
               - [ 1, 68, 1 ]
               - [ 77, 93, 1 ]
               - [ 1, 83, 0 ]
               - [ 81, 78, 0 ]
               - [ 19, 112, 5 ]
               - [ 41, 24, 2 ]
               - [ 63, 26, 0 ]
               - [ 22, 17, 0 ]
               - [ 63, 48, 7 ]
               - [ 33, 118, 4 ]
               - [ 61, 103, 3 ]
               - [ 8, 54, 2 ]
               - [ 20, 46, 3 ]
               - [ 71, 58, 5 ]
               - [ 54, 16, 4 ]
               - [ 32, 37, 1 ]
         -
            width: 41
            height: 59
            tl_x: 54
            tl_y: 50
            pyramid_level: 1
            features:
               - [ 31, 16, 0 ]
               - [ 41, 35, 0 ]
               - [ 11, 9, 0 ]
               - [ 17, 59, 4 ]
               - [ 2, 30, 1 ]
               - [ 32, 51, 3 ]
               - [ 6, 53, 6 ]
               - [ 23, 10, 2 ]
               - [ 39, 45, 1 ]
               - [ 32, 25, 7 ]
   -
      template_id: 6
      templates:
         -
            width: 81
            height: 114
            tl_x: 110
            tl_y: 104
            pyramid_level: 0
