%YAML:1.0
---
class_id: "back0warp100.png"
pyramid_levels: 2
template_pyramids:
   -
      template_id: 0
      templates:
         -
            width: 84
            height: 112
            tl_x: 100
            tl_y: 106
            pyramid_level: 0
            features:
               - [ 4, 90, 7 ]
               - [ 43, 20, 1 ]
               - [ 61, 13, 1 ]
               - [ 76, 100, 2 ]
               - [ 3, 54, 1 ]
               - [ 81, 39, 1 ]
               - [ 56, 112, 5 ]
               - [ 21, 34, 3 ]
               - [ 60, 25, 3 ]
               - [ 14, 107, 6 ]
               - [ 81, 77, 6 ]
               - [ 50, 6, 2 ]
               - [ 74, 67, 7 ]
               - [ 40, 111, 3 ]
               - [ 65, 0, 0 ]
               - [ 35, 33, 4 ]
               - [ 74, 23, 4 ]
               - [ 74, 54, 0 ]
               - [ 1, 79, 7 ]
               - [ 8, 44, 2 ]
               - [ 84, 28, 6 ]
               - [ 46, 33, 3 ]
         -
            width: 42
            height: 56
            tl_x: 50
            tl_y: 53
            pyramid_level: 1
            features:
               - [ 6, 52, 6 ]
               - [ 1, 29, 1 ]
               - [ 25, 3, 2 ]
               - [ 38, 24, 1 ]
               - [ 28, 56, 4 ]
               - [ 41, 45, 1 ]
               - [ 11, 17, 3 ]
               - [ 33, 12, 4 ]
               - [ 1, 42, 7 ]
               - [ 37, 33, 7 ]
               - [ 19, 56, 3 ]
   -
      template_id: 1
      templates:
         -
            width: 84
            height: 118
            tl_x: 102
            tl_y: 102
            pyramid_level: 0
            features:
               - [ 38, 24, 0 ]
               - [ 11, 107, 6 ]
               - [ 4, 95, 7 ]
               - [ 0, 81, 0 ]
               - [ 17, 40, 3 ]
               - [ 6, 50, 1 ]
               - [ 51, 24, 1 ]
               - [ 23, 118, 6 ]
               - [ 67, 114, 3 ]
               - [ 76, 104, 1 ]
               - [ 43, 115, 3 ]
               - [ 1, 62, 1 ]
               - [ 75, 45, 1 ]
               - [ 73, 69, 7 ]
               - [ 51, 1, 2 ]
               - [ 83, 91, 1 ]
               - [ 73, 25, 5 ]
               - [ 42, 37, 3 ]
               - [ 29, 38, 4 ]
               - [ 55, 114, 4 ]
         -
            width: 42
            height: 59
            tl_x: 51
            tl_y: 51
            pyramid_level: 1
            features:
               - [ 38, 52, 1 ]
               - [ 1, 44, 7 ]
               - [ 28, 7, 1 ]
               - [ 27, 57, 4 ]
               - [ 14, 19, 4 ]
               - [ 1, 29, 1 ]
               - [ 6, 54, 6 ]
               - [ 36, 32, 0 ]
               - [ 38, 21, 1 ]
               - [ 19, 12, 0 ]
               - [ 42, 44, 1 ]
               - [ 37, 13, 5 ]
   -
      template_id: 2
      templates:
         -
            width: 84
            height: 120
            tl_x: 104
            tl_y: 102
            pyramid_level: 0
            features:
               - [ 0, 83, 0 ]
               - [ 48, 114, 3 ]
               - [ 7, 101, 7 ]
               - [ 33, 24, 0 ]
               - [ 47, 21, 1 ]
               - [ 66, 113, 3 ]
               - [ 14, 42, 3 ]
               - [ 70, 61, 7 ]
               - [ 4, 52, 1 ]
               - [ 17, 113, 6 ]
               - [ 74, 36, 1 ]
               - [ 77, 102, 1 ]
               - [ 80, 74, 5 ]
               - [ 51, 1, 0 ]
               - [ 38, 8, 1 ]
               - [ 64, 22, 4 ]
               - [ 38, 37, 3 ]
               - [ 27, 120, 5 ]
               - [ 82, 91, 1 ]
               - [ 26, 39, 4 ]
               - [ 70, 48, 0 ]
         -
            width: 42
            height: 60
            tl_x: 52
            tl_y: 51
            pyramid_level: 1
            features:
               - [ 12, 59, 5 ]
               - [ 42, 43, 1 ]
               - [ 4, 51, 6 ]
               - [ 25, 6, 1 ]
               - [ 1, 28, 1 ]
               - [ 10, 20, 3 ]
               - [ 24, 57, 3 ]
               - [ 37, 18, 1 ]
               - [ 35, 30, 7 ]
               - [ 34, 56, 3 ]
   -
      template_id: 3
      templates:
         -
            width: 86
            height: 118
            tl_x: 104
            tl_y: 102
            pyramid_level: 0
            features:
               - [ 3, 89, 7 ]
               - [ 30, 31, 0 ]
               - [ 71, 60, 7 ]
               - [ 11, 104, 6 ]
               - [ 53, 113, 3 ]
               - [ 72, 110, 3 ]
               - [ 45, 17, 1 ]
               - [ 1, 62, 0 ]
               - [ 27, 118, 5 ]
               - [ 72, 33, 1 ]
               - [ 81, 98, 1 ]
               - [ 80, 70, 5 ]
               - [ 13, 44, 3 ]
               - [ 39, 0, 2 ]
               - [ 31, 17, 1 ]
               - [ 86, 83, 1 ]
               - [ 0, 75, 0 ]
               - [ 57, 21, 3 ]
               - [ 69, 44, 0 ]
               - [ 71, 22, 5 ]
         -
            width: 43
            height: 59
            tl_x: 52
            tl_y: 51
            pyramid_level: 1
            features:
               - [ 23, 6, 0 ]
               - [ 41, 48, 1 ]
               - [ 2, 27, 1 ]
               - [ 29, 56, 4 ]
               - [ 15, 12, 0 ]
               - [ 35, 20, 1 ]
               - [ 12, 58, 5 ]
               - [ 9, 21, 3 ]
               - [ 40, 35, 5 ]
               - [ 31, 10, 4 ]
   -
      template_id: 4
      templates:
         -
            width: 86
            height: 120
            tl_x: 106
            tl_y: 102
            pyramid_level: 0
            features:
               - [ 3, 90, 7 ]
               - [ 25, 27, 0 ]
               - [ 74, 107, 3 ]
               - [ 69, 58, 7 ]
               - [ 14, 107, 6 ]
               - [ 68, 29, 1 ]
               - [ 39, 18, 1 ]
               - [ 57, 111, 3 ]
               - [ 33, 120, 5 ]
               - [ 83, 92, 1 ]
               - [ 0, 62, 1 ]
               - [ 9, 47, 2 ]
               - [ 78, 66, 5 ]
               - [ 27, 10, 1 ]
               - [ 86, 77, 0 ]
               - [ 23, 41, 3 ]
               - [ 39, 1, 7 ]
               - [ 53, 19, 3 ]
               - [ 0, 79, 0 ]
               - [ 23, 115, 6 ]
         -
            width: 43
            height: 60
            tl_x: 53
            tl_y: 51
            pyramid_level: 1
            features:
               - [ 0, 39, 0 ]
               - [ 20, 5, 0 ]
               - [ 14, 59, 5 ]
               - [ 33, 19, 0 ]
               - [ 30, 55, 3 ]
               - [ 1, 28, 1 ]
               - [ 43, 38, 0 ]
               - [ 10, 21, 3 ]
               - [ 41, 47, 1 ]
               - [ 34, 28, 7 ]
               - [ 29, 9, 4 ]
   -
      template_id: 5
      templates:
         -
            width: 86
            height: 120
            tl_x: 106
            tl_y: 102
            pyramid_level: 0
            features:
               - [ 6, 93, 7 ]
               - [ 23, 32, 7 ]
               - [ 35, 20, 0 ]
               - [ 79, 103, 2 ]
               - [ 17, 108, 6 ]
               - [ 2, 82, 7 ]
               - [ 68, 54, 7 ]
               - [ 60, 110, 3 ]
               - [ 65, 28, 0 ]
               - [ 1, 62, 1 ]
               - [ 26, 115, 5 ]
               - [ 38, 120, 5 ]
               - [ 80, 63, 5 ]
               - [ 22, 16, 0 ]
               - [ 35, 6, 7 ]
               - [ 86, 86, 0 ]
               - [ 9, 49, 2 ]
               - [ 46, 20, 2 ]
               - [ 61, 17, 5 ]
               - [ 27, 0, 1 ]
               - [ 22, 42, 3 ]
         -
            width: 43
            height: 60
            tl_x: 53
            tl_y: 51
            pyramid_level: 1
            features:
               - [ 32, 54, 3 ]
               - [ 11, 9, 0 ]
               - [ 11, 56, 6 ]
               - [ 0, 36, 0 ]
               - [ 43, 43, 0 ]
               - [ 32, 17, 0 ]
               - [ 7, 23, 3 ]
               - [ 34, 27, 7 ]
               - [ 23, 10, 3 ]
               - [ 19, 60, 5 ]
   -
      template_id: 6
      templates:
