%YAML:1.0
---
class_id: "back0warp39.png"
pyramid_levels: 2
template_pyramids:
   -
      template_id: 0
      templates:
         -
            width: 78
            height: 108
            tl_x: 100
            tl_y: 102
            pyramid_level: 0
            features:
               - [ 1, 26, 1 ]
               - [ 75, 80, 6 ]
               - [ 10, 74, 7 ]
               - [ 21, 8, 5 ]
               - [ 4, 58, 7 ]
               - [ 70, 30, 6 ]
               - [ 55, 20, 5 ]
               - [ 66, 50, 1 ]
               - [ 16, 85, 7 ]
               - [ 53, 108, 6 ]
               - [ 1, 45, 0 ]
               - [ 37, 10, 1 ]
               - [ 37, 95, 5 ]
               - [ 67, 65, 7 ]
               - [ 5, 14, 1 ]
               - [ 54, 5, 0 ]
               - [ 77, 98, 1 ]
               - [ 70, 108, 2 ]
               - [ 42, 1, 2 ]
               - [ 12, 8, 3 ]
               - [ 49, 13, 2 ]
         -
            width: 39
            height: 54
            tl_x: 50
            tl_y: 51
            pyramid_level: 1
            features:
               - [ 1, 25, 7 ]
               - [ 6, 39, 7 ]
               - [ 36, 38, 7 ]
               - [ 1, 11, 1 ]
               - [ 22, 50, 6 ]
               - [ 30, 11, 5 ]
               - [ 13, 5, 5 ]
               - [ 39, 48, 1 ]
               - [ 33, 26, 0 ]
               - [ 12, 46, 5 ]
   -
      template_id: 1
      templates:
         -
            width: 83
            height: 110
            tl_x: 98
            tl_y: 102
            pyramid_level: 0
            features:
               - [ 79, 77, 6 ]
               - [ 16, 80, 7 ]
               - [ 73, 31, 6 ]
               - [ 1, 42, 0 ]
               - [ 29, 14, 5 ]
               - [ 2, 22, 1 ]
               - [ 5, 58, 7 ]
               - [ 51, 18, 4 ]
               - [ 44, 96, 5 ]
               - [ 71, 66, 7 ]
               - [ 64, 23, 5 ]
               - [ 52, 1, 0 ]
               - [ 66, 110, 5 ]
               - [ 55, 103, 6 ]
               - [ 32, 94, 4 ]
               - [ 67, 53, 0 ]
               - [ 83, 94, 1 ]
               - [ 8, 12, 2 ]
               - [ 41, 0, 2 ]
               - [ 69, 42, 1 ]
         -
            width: 41
            height: 55
            tl_x: 49
            tl_y: 51
            pyramid_level: 1
            features:
               - [ 39, 38, 6 ]
               - [ 1, 11, 1 ]
               - [ 3, 30, 7 ]
               - [ 12, 6, 5 ]
               - [ 28, 52, 6 ]
               - [ 10, 43, 6 ]
               - [ 31, 11, 5 ]
               - [ 34, 23, 1 ]
               - [ 41, 48, 1 ]
               - [ 25, 4, 1 ]
   -
      template_id: 2
      templates:
         -
            width: 88
            height: 105
            tl_x: 96
            tl_y: 102
            pyramid_level: 0
            features:
               - [ 2, 45, 7 ]
               - [ 79, 70, 6 ]
               - [ 12, 70, 7 ]
               - [ 49, 1, 0 ]
               - [ 17, 12, 4 ]
               - [ 23, 86, 6 ]
               - [ 1, 26, 1 ]
               - [ 53, 18, 4 ]
               - [ 69, 25, 6 ]
               - [ 48, 95, 5 ]
               - [ 6, 58, 7 ]
               - [ 66, 105, 6 ]
               - [ 29, 16, 5 ]
               - [ 35, 4, 1 ]
               - [ 72, 60, 7 ]
               - [ 32, 94, 5 ]
               - [ 88, 90, 1 ]
               - [ 69, 43, 0 ]
               - [ 82, 103, 1 ]
               - [ 0, 35, 0 ]
               - [ 58, 100, 5 ]
               - [ 8, 14, 3 ]
               - [ 46, 12, 2 ]
         -
            width: 44
            height: 52
            tl_x: 48
            tl_y: 51
            pyramid_level: 1
            features:
               - [ 6, 35, 7 ]
               - [ 38, 33, 6 ]
               - [ 12, 7, 5 ]
               - [ 29, 50, 5 ]
               - [ 30, 10, 5 ]
               - [ 1, 11, 1 ]
               - [ 44, 45, 1 ]
               - [ 35, 20, 1 ]
               - [ 13, 45, 6 ]
               - [ 19, 0, 2 ]
   -
      template_id: 3
      templates:
         -
            width: 93
            height: 105
            tl_x: 94
            tl_y: 102
            pyramid_level: 0
            features:
               - [ 1, 40, 7 ]
               - [ 11, 66, 7 ]
               - [ 68, 23, 6 ]
               - [ 38, 95, 5 ]
               - [ 86, 70, 6 ]
               - [ 26, 17, 5 ]
               - [ 57, 18, 5 ]
               - [ 77, 105, 5 ]
               - [ 20, 79, 6 ]
               - [ 46, 0, 7 ]
               - [ 7, 17, 2 ]
               - [ 55, 95, 5 ]
               - [ 1, 28, 0 ]
               - [ 33, 4, 1 ]
               - [ 70, 46, 0 ]
               - [ 93, 86, 0 ]
               - [ 76, 60, 6 ]
               - [ 44, 12, 2 ]
               - [ 88, 100, 1 ]
               - [ 4, 51, 7 ]
         -
            width: 46
            height: 52
            tl_x: 47
            tl_y: 51
            pyramid_level: 1
            features:
               - [ 43, 35, 6 ]
               - [ 13, 43, 6 ]
               - [ 11, 8, 5 ]
               - [ 29, 48, 5 ]
               - [ 5, 32, 7 ]
               - [ 31, 10, 5 ]
               - [ 35, 23, 0 ]
               - [ 45, 48, 1 ]
               - [ 1, 12, 1 ]
               - [ 23, 3, 0 ]
   -
      template_id: 4
      templates:
         -
            width: 97
            height: 100
            tl_x: 92
            tl_y: 104
            pyramid_level: 0
            features:
               - [ 2, 43, 7 ]
               - [ 17, 71, 6 ]
               - [ 84, 61, 6 ]
               - [ 53, 15, 4 ]
               - [ 67, 19, 5 ]
               - [ 9, 59, 7 ]
               - [ 27, 82, 6 ]
               - [ 36, 90, 6 ]
               - [ 19, 16, 4 ]
               - [ 5, 19, 2 ]
               - [ 60, 92, 4 ]
               - [ 44, 0, 7 ]
               - [ 82, 100, 4 ]
               - [ 71, 42, 7 ]
               - [ 31, 3, 1 ]
               - [ 94, 93, 1 ]
               - [ 72, 30, 1 ]
               - [ 42, 11, 1 ]
               - [ 49, 93, 3 ]
               - [ 97, 82, 1 ]
         -
            width: 48
            height: 50
            tl_x: 46
            tl_y: 52
            pyramid_level: 1
            features:
               - [ 9, 36, 6 ]
               - [ 44, 32, 6 ]
               - [ 17, 44, 6 ]
               - [ 29, 46, 4 ]
               - [ 30, 8, 5 ]
               - [ 9, 8, 4 ]
               - [ 48, 44, 1 ]
               - [ 0, 17, 0 ]
               - [ 35, 19, 0 ]
               - [ 39, 49, 5 ]
               - [ 22, 2, 0 ]
   -
      template_id: 5
      templates:
         -
            width: 102
            height: 95
            tl_x: 90
            tl_y: 104
            pyramid_level: 0
            features:
               - [ 7, 55, 7 ]
               - [ 41, 0, 7 ]
               - [ 2, 43, 0 ]
               - [ 20, 73, 6 ]
               - [ 49, 15, 4 ]
               - [ 32, 84, 6 ]
               - [ 92, 61, 5 ]
               - [ 67, 18, 5 ]
               - [ 66, 91, 4 ]
               - [ 23, 19, 4 ]
               - [ 11, 19, 3 ]
               - [ 82, 95, 5 ]
               - [ 1, 30, 0 ]
               - [ 49, 94, 4 ]
               - [ 71, 37, 0 ]
               - [ 29, 3, 1 ]
               - [ 77, 49, 6 ]
               - [ 99, 90, 1 ]
               - [ 102, 75, 0 ]
               - [ 72, 27, 1 ]
         -
            width: 51
            height: 47
            tl_x: 45
            tl_y: 52
            pyramid_level: 1
            features:
               - [ 8, 34, 6 ]
               - [ 45, 30, 5 ]
               - [ 20, 45, 6 ]
               - [ 36, 46, 5 ]
               - [ 31, 8, 5 ]
               - [ 36, 20, 7 ]
               - [ 50, 43, 1 ]
               - [ 14, 4, 0 ]
               - [ 1, 14, 1 ]
               - [ 29, 46, 3 ]
               - [ 8, 9, 4 ]
               - [ 21, 3, 0 ]
   -
      template_id: 6
      templates:
         -
            width: 105
            height: 94
