%YAML:1.0
---
class_id: "back0warp27.png"
pyramid_levels: 2
template_pyramids:
   -
      template_id: 0
      templates:
         -
            width: 77
            height: 100
            tl_x: 102
            tl_y: 102
            pyramid_level: 0
            features:
               - [ 3, 49, 7 ]
               - [ 52, 17, 5 ]
               - [ 69, 68, 7 ]
               - [ 9, 62, 7 ]
               - [ 70, 32, 6 ]
               - [ 22, 3, 5 ]
               - [ 36, 83, 5 ]
               - [ 55, 100, 5 ]
               - [ 0, 39, 7 ]
               - [ 0, 10, 1 ]
               - [ 62, 23, 6 ]
               - [ 15, 73, 6 ]
               - [ 63, 49, 0 ]
               - [ 51, 6, 1 ]
               - [ 10, 0, 4 ]
               - [ 35, 6, 1 ]
               - [ 25, 79, 4 ]
               - [ 77, 79, 6 ]
               - [ 73, 94, 2 ]
               - [ 65, 59, 7 ]
         -
            width: 38
            height: 50
            tl_x: 51
            tl_y: 51
            pyramid_level: 1
            features:
               - [ 2, 26, 7 ]
               - [ 12, 2, 5 ]
               - [ 36, 36, 6 ]
               - [ 30, 11, 6 ]
               - [ 21, 44, 6 ]
               - [ 0, 5, 1 ]
               - [ 11, 39, 5 ]
               - [ 32, 23, 1 ]
               - [ 28, 50, 5 ]
               - [ 38, 45, 1 ]
   -
      template_id: 1
      templates:
         -
            width: 84
            height: 97
            tl_x: 98
            tl_y: 100
            pyramid_level: 0
            features:
               - [ 53, 18, 5 ]
               - [ 7, 54, 7 ]
               - [ 79, 73, 6 ]
               - [ 13, 65, 7 ]
               - [ 70, 29, 6 ]
               - [ 18, 5, 5 ]
               - [ 21, 77, 6 ]
               - [ 72, 64, 7 ]
               - [ 44, 86, 5 ]
               - [ 5, 7, 2 ]
               - [ 30, 11, 5 ]
               - [ 0, 18, 0 ]
               - [ 59, 97, 6 ]
               - [ 67, 48, 0 ]
               - [ 40, 1, 3 ]
               - [ 32, 82, 4 ]
               - [ 1, 38, 7 ]
               - [ 84, 86, 1 ]
               - [ 78, 97, 2 ]
               - [ 51, 8, 1 ]
         -
            width: 42
            height: 48
            tl_x: 49
            tl_y: 50
            pyramid_level: 1
            features:
               - [ 5, 30, 7 ]
               - [ 29, 48, 6 ]
               - [ 39, 36, 6 ]
               - [ 12, 4, 5 ]
               - [ 29, 10, 5 ]
               - [ 34, 27, 7 ]
               - [ 40, 47, 1 ]
               - [ 1, 6, 1 ]
               - [ 16, 41, 4 ]
               - [ 25, 4, 1 ]
   -
      template_id: 2
      templates:
         -
            width: 91
            height: 93
            tl_x: 94
            tl_y: 106
            pyramid_level: 0
            features:
               - [ 82, 61, 6 ]
               - [ 17, 60, 6 ]
               - [ 53, 11, 5 ]
               - [ 66, 16, 5 ]
               - [ 10, 49, 7 ]
               - [ 33, 76, 5 ]
               - [ 1, 16, 0 ]
               - [ 50, 79, 5 ]
               - [ 23, 3, 5 ]
               - [ 12, 1, 4 ]
               - [ 62, 86, 5 ]
               - [ 51, 1, 1 ]
               - [ 4, 36, 7 ]
               - [ 73, 93, 5 ]
               - [ 4, 6, 2 ]
               - [ 36, 0, 1 ]
               - [ 91, 76, 0 ]
               - [ 74, 29, 2 ]
               - [ 71, 39, 0 ]
               - [ 26, 71, 6 ]
               - [ 88, 84, 1 ]
         -
            width: 45
            height: 46
            tl_x: 47
            tl_y: 53
            pyramid_level: 1
            features:
               - [ 10, 32, 6 ]
               - [ 31, 7, 5 ]
               - [ 10, 1, 5 ]
               - [ 23, 39, 5 ]
               - [ 1, 6, 1 ]
               - [ 37, 25, 7 ]
               - [ 34, 45, 5 ]
               - [ 44, 42, 1 ]
               - [ 36, 16, 1 ]
               - [ 25, 1, 1 ]
   -
      template_id: 3
      templates:
         -
            width: 93
            height: 94
            tl_x: 92
            tl_y: 102
            pyramid_level: 0
            features:
               - [ 81, 58, 6 ]
               - [ 17, 8, 4 ]
               - [ 89, 65, 6 ]
               - [ 5, 43, 7 ]
               - [ 27, 11, 5 ]
               - [ 30, 77, 6 ]
               - [ 72, 23, 6 ]
               - [ 20, 66, 6 ]
               - [ 62, 17, 5 ]
               - [ 56, 83, 5 ]
               - [ 49, 5, 1 ]
               - [ 77, 94, 5 ]
               - [ 13, 57, 6 ]
               - [ 72, 41, 0 ]
               - [ 1, 19, 0 ]
               - [ 36, 1, 2 ]
               - [ 93, 84, 1 ]
               - [ 45, 81, 4 ]
               - [ 75, 50, 7 ]
               - [ 49, 14, 4 ]
         -
            width: 46
            height: 47
            tl_x: 46
            tl_y: 51
            pyramid_level: 1
            features:
               - [ 7, 29, 6 ]
               - [ 29, 8, 5 ]
               - [ 44, 32, 6 ]
               - [ 29, 42, 5 ]
               - [ 12, 5, 5 ]
               - [ 37, 24, 7 ]
               - [ 16, 39, 6 ]
               - [ 46, 43, 1 ]
               - [ 1, 8, 1 ]
               - [ 24, 3, 1 ]
   -
      template_id: 4
      templates:
         -
            width: 98
            height: 89
            tl_x: 90
            tl_y: 104
            pyramid_level: 0
            features:
               - [ 95, 61, 5 ]
               - [ 59, 80, 4 ]
               - [ 25, 68, 6 ]
               - [ 61, 14, 5 ]
               - [ 34, 76, 6 ]
               - [ 73, 38, 0 ]
               - [ 16, 9, 4 ]
               - [ 11, 52, 7 ]
               - [ 73, 20, 5 ]
               - [ 83, 53, 6 ]
               - [ 47, 2, 0 ]
               - [ 26, 11, 5 ]
               - [ 2, 15, 1 ]
               - [ 82, 89, 5 ]
               - [ 34, 0, 2 ]
               - [ 49, 12, 4 ]
               - [ 47, 80, 4 ]
               - [ 98, 78, 1 ]
               - [ 18, 61, 6 ]
               - [ 68, 83, 5 ]
               - [ 0, 24, 0 ]
         -
            width: 49
            height: 44
            tl_x: 45
            tl_y: 52
            pyramid_level: 1
            features:
               - [ 33, 8, 5 ]
               - [ 11, 5, 5 ]
               - [ 7, 28, 6 ]
               - [ 29, 40, 4 ]
               - [ 40, 44, 5 ]
               - [ 45, 29, 6 ]
               - [ 16, 37, 6 ]
               - [ 1, 8, 1 ]
               - [ 23, 2, 1 ]
               - [ 38, 22, 7 ]
               - [ 49, 38, 1 ]
   -
      template_id: 5
      templates:
         -
            width: 103
            height: 83
            tl_x: 88
            tl_y: 106
            pyramid_level: 0
            features:
               - [ 90, 51, 5 ]
               - [ 34, 72, 6 ]
               - [ 14, 54, 6 ]
               - [ 70, 15, 5 ]
               - [ 74, 34, 7 ]
               - [ 59, 11, 5 ]
               - [ 8, 46, 7 ]
               - [ 23, 11, 4 ]
               - [ 26, 66, 6 ]
               - [ 63, 77, 4 ]
               - [ 1, 30, 0 ]
               - [ 1, 18, 1 ]
               - [ 45, 0, 0 ]
               - [ 44, 78, 5 ]
               - [ 84, 83, 5 ]
               - [ 46, 11, 4 ]
               - [ 103, 63, 0 ]
               - [ 32, 0, 1 ]
               - [ 102, 73, 0 ]
               - [ 14, 10, 4 ]
               - [ 72, 79, 5 ]
               - [ 74, 24, 1 ]
               - [ 53, 78, 3 ]
         -
            width: 51
            height: 41
            tl_x: 44
            tl_y: 53
            pyramid_level: 1
            features:
               - [ 44, 25, 5 ]
               - [ 12, 32, 6 ]
               - [ 37, 40, 5 ]
               - [ 34, 7, 5 ]
               - [ 26, 39, 4 ]
               - [ 38, 19, 7 ]
               - [ 9, 5, 4 ]
               - [ 51, 36, 1 ]
               - [ 27, 5, 4 ]
               - [ 17, 36, 6 ]
               - [ 37, 13, 1 ]
               - [ 22, 1, 0 ]
   -
      template_id: 6
      templates:
         -
            width: 106
            height: 81
