%YAML:1.0
---
class_id: "back0warp115.png"
pyramid_levels: 2
template_pyramids:
   -
      template_id: 0
      templates:
         -
            width: 95
            height: 99
            tl_x: 100
            tl_y: 104
            pyramid_level: 0
            features:
               - [ 42, 99, 3 ]
               - [ 6, 74, 7 ]
               - [ 64, 99, 5 ]
               - [ 66, 0, 3 ]
               - [ 93, 86, 2 ]
               - [ 87, 52, 1 ]
               - [ 53, 15, 1 ]
               - [ 88, 68, 7 ]
               - [ 94, 41, 2 ]
               - [ 22, 93, 6 ]
               - [ 43, 25, 5 ]
               - [ 7, 32, 2 ]
               - [ 68, 19, 2 ]
               - [ 1, 58, 0 ]
               - [ 76, 8, 1 ]
               - [ 81, 24, 4 ]
               - [ 26, 22, 4 ]
               - [ 2, 43, 1 ]
               - [ 59, 27, 3 ]
               - [ 95, 30, 6 ]
         -
            width: 47
            height: 49
            tl_x: 50
            tl_y: 52
            pyramid_level: 1
            features:
               - [ 29, 49, 4 ]
               - [ 44, 46, 2 ]
               - [ 33, 0, 3 ]
               - [ 13, 48, 6 ]
               - [ 19, 12, 4 ]
               - [ 39, 12, 4 ]
               - [ 44, 25, 1 ]
               - [ 3, 37, 7 ]
               - [ 3, 17, 1 ]
               - [ 45, 35, 6 ]
   -
      template_id: 1
      templates:
         -
            width: 96
            height: 98
            tl_x: 100
            tl_y: 104
            pyramid_level: 0
            features:
               - [ 50, 15, 1 ]
               - [ 96, 82, 1 ]
               - [ 56, 97, 4 ]
               - [ 87, 49, 1 ]
               - [ 87, 94, 2 ]
               - [ 60, 0, 2 ]
               - [ 37, 25, 4 ]
               - [ 2, 62, 0 ]
               - [ 27, 96, 5 ]
               - [ 5, 37, 1 ]
               - [ 95, 35, 2 ]
               - [ 70, 22, 4 ]
               - [ 73, 4, 1 ]
               - [ 71, 98, 4 ]
               - [ 8, 77, 7 ]
               - [ 84, 22, 5 ]
               - [ 89, 64, 7 ]
               - [ 21, 25, 3 ]
               - [ 55, 27, 3 ]
               - [ 1, 50, 0 ]
         -
            width: 48
            height: 49
            tl_x: 50
            tl_y: 52
            pyramid_level: 1
            features:
               - [ 26, 49, 3 ]
               - [ 2, 34, 7 ]
               - [ 12, 47, 6 ]
               - [ 45, 45, 2 ]
               - [ 30, 0, 2 ]
               - [ 2, 20, 1 ]
               - [ 44, 23, 1 ]
               - [ 42, 11, 5 ]
               - [ 13, 12, 4 ]
               - [ 47, 34, 6 ]
   -
      template_id: 2
      templates:
         -
            width: 97
            height: 106
            tl_x: 102
            tl_y: 98
            pyramid_level: 0
            features:
               - [ 60, 102, 4 ]
               - [ 9, 87, 6 ]
               - [ 97, 84, 1 ]
               - [ 85, 52, 0 ]
               - [ 61, 0, 3 ]
               - [ 45, 21, 0 ]
               - [ 87, 98, 2 ]
               - [ 73, 102, 4 ]
               - [ 1, 71, 7 ]
               - [ 90, 40, 1 ]
               - [ 67, 26, 4 ]
               - [ 30, 32, 4 ]
               - [ 28, 103, 5 ]
               - [ 2, 47, 1 ]
               - [ 88, 66, 6 ]
               - [ 80, 25, 4 ]
               - [ 12, 36, 3 ]
               - [ 66, 13, 1 ]
               - [ 53, 32, 3 ]
               - [ 48, 106, 3 ]
               - [ 51, 8, 2 ]
         -
            width: 48
            height: 53
            tl_x: 51
            tl_y: 49
            pyramid_level: 1
            features:
               - [ 5, 44, 6 ]
               - [ 31, 51, 4 ]
               - [ 14, 16, 4 ]
               - [ 1, 24, 1 ]
               - [ 17, 53, 5 ]
               - [ 45, 20, 1 ]
               - [ 33, 6, 1 ]
               - [ 46, 46, 2 ]
               - [ 43, 31, 7 ]
               - [ 23, 9, 1 ]
   -
      template_id: 3
      templates:
         -
            width: 98
            height: 107
            tl_x: 102
            tl_y: 98
            pyramid_level: 0
            features:
               - [ 63, 101, 3 ]
               - [ 98, 82, 1 ]
               - [ 27, 34, 4 ]
               - [ 42, 27, 7 ]
               - [ 2, 74, 7 ]
               - [ 92, 93, 2 ]
               - [ 89, 26, 5 ]
               - [ 12, 90, 6 ]
               - [ 55, 0, 2 ]
               - [ 38, 107, 5 ]
               - [ 66, 24, 3 ]
               - [ 97, 68, 5 ]
               - [ 4, 46, 1 ]
               - [ 25, 101, 5 ]
               - [ 85, 45, 1 ]
               - [ 87, 60, 7 ]
               - [ 62, 12, 1 ]
               - [ 47, 8, 1 ]
               - [ 0, 63, 0 ]
               - [ 16, 36, 3 ]
         -
            width: 49
            height: 53
            tl_x: 51
            tl_y: 49
            pyramid_level: 1
            features:
               - [ 28, 52, 3 ]
               - [ 49, 41, 1 ]
               - [ 14, 17, 4 ]
               - [ 5, 44, 6 ]
               - [ 22, 7, 1 ]
               - [ 44, 19, 1 ]
               - [ 0, 30, 0 ]
               - [ 15, 52, 5 ]
               - [ 34, 12, 3 ]
               - [ 43, 29, 7 ]
   -
      template_id: 4
      templates:
         -
            width: 100
            height: 106
            tl_x: 102
            tl_y: 98
            pyramid_level: 0
            features:
               - [ 69, 99, 3 ]
               - [ 100, 78, 1 ]
               - [ 57, 105, 2 ]
               - [ 4, 78, 7 ]
               - [ 84, 47, 0 ]
               - [ 40, 28, 7 ]
               - [ 16, 94, 6 ]
               - [ 50, 0, 2 ]
               - [ 87, 32, 1 ]
               - [ 2, 53, 1 ]
               - [ 37, 106, 5 ]
               - [ 25, 36, 3 ]
               - [ 62, 23, 3 ]
               - [ 95, 89, 1 ]
               - [ 92, 61, 5 ]
               - [ 74, 20, 4 ]
               - [ 40, 16, 1 ]
               - [ 9, 43, 2 ]
               - [ 80, 97, 4 ]
               - [ 1, 67, 0 ]
               - [ 59, 7, 0 ]
         -
            width: 50
            height: 53
            tl_x: 51
            tl_y: 49
            pyramid_level: 1
            features:
               - [ 50, 39, 1 ]
               - [ 31, 51, 3 ]
               - [ 24, 1, 2 ]
               - [ 8, 47, 6 ]
               - [ 16, 52, 5 ]
               - [ 12, 18, 4 ]
               - [ 37, 10, 4 ]
               - [ 42, 23, 0 ]
               - [ 1, 27, 1 ]
               - [ 20, 8, 1 ]
               - [ 47, 31, 5 ]
   -
      template_id: 5
      templates:
         -
            width: 100
            height: 110
            tl_x: 104
            tl_y: 96
            pyramid_level: 0
            features:
               - [ 82, 96, 4 ]
               - [ 100, 76, 1 ]
               - [ 81, 45, 0 ]
               - [ 68, 100, 3 ]
               - [ 44, 1, 2 ]
               - [ 18, 99, 6 ]
               - [ 30, 38, 4 ]
               - [ 80, 21, 5 ]
               - [ 45, 110, 5 ]
               - [ 15, 42, 3 ]
               - [ 96, 61, 5 ]
               - [ 37, 11, 1 ]
               - [ 4, 83, 7 ]
               - [ 0, 60, 0 ]
               - [ 57, 24, 3 ]
               - [ 33, 107, 5 ]
               - [ 42, 31, 2 ]
               - [ 96, 87, 1 ]
               - [ 82, 34, 1 ]
               - [ 0, 72, 0 ]
               - [ 68, 20, 4 ]
               - [ 34, 22, 0 ]
         -
            width: 50
            height: 55
            tl_x: 52
            tl_y: 48
            pyramid_level: 1
            features:
               - [ 50, 38, 1 ]
               - [ 18, 54, 5 ]
               - [ 11, 20, 3 ]
               - [ 37, 49, 3 ]
               - [ 20, 3, 2 ]
               - [ 31, 11, 3 ]
               - [ 0, 31, 0 ]
               - [ 41, 17, 1 ]
               - [ 6, 47, 6 ]
               - [ 47, 30, 5 ]
               - [ 17, 11, 0 ]
   -
      template_id: 6
      templates:
         -
            width: 102
            height: 108
            tl_x: 104
