%YAML:1.0
---
class_id: "back0warp77.png"
pyramid_levels: 2
template_pyramids:
   -
      template_id: 0
      templates:
         -
            width: 90
            height: 116
            tl_x: 102
            tl_y: 104
            pyramid_level: 0
            features:
               - [ 45, 15, 1 ]
               - [ 1, 81, 7 ]
               - [ 0, 47, 1 ]
               - [ 49, 114, 5 ]
               - [ 56, 0, 3 ]
               - [ 14, 106, 6 ]
               - [ 6, 94, 7 ]
               - [ 18, 25, 3 ]
               - [ 31, 116, 3 ]
               - [ 61, 16, 2 ]
               - [ 6, 34, 2 ]
               - [ 87, 39, 2 ]
               - [ 87, 83, 6 ]
               - [ 38, 27, 5 ]
               - [ 78, 67, 0 ]
               - [ 75, 116, 2 ]
               - [ 75, 24, 5 ]
               - [ 84, 105, 1 ]
               - [ 50, 28, 3 ]
               - [ 78, 56, 0 ]
               - [ 67, 1, 0 ]
               - [ 90, 94, 1 ]
         -
            width: 45
            height: 58
            tl_x: 51
            tl_y: 52
            pyramid_level: 1
            features:
               - [ 0, 24, 1 ]
               - [ 1, 42, 7 ]
               - [ 24, 57, 5 ]
               - [ 27, 1, 2 ]
               - [ 41, 23, 1 ]
               - [ 41, 54, 2 ]
               - [ 17, 13, 5 ]
               - [ 40, 37, 7 ]
               - [ 8, 54, 6 ]
               - [ 34, 12, 4 ]
   -
      template_id: 1
      templates:
         -
            width: 92
            height: 119
            tl_x: 102
            tl_y: 102
            pyramid_level: 0
            features:
               - [ 3, 87, 7 ]
               - [ 0, 50, 1 ]
               - [ 36, 119, 3 ]
               - [ 42, 15, 1 ]
               - [ 62, 24, 4 ]
               - [ 18, 29, 4 ]
               - [ 49, 115, 4 ]
               - [ 90, 82, 5 ]
               - [ 51, 1, 2 ]
               - [ 16, 108, 6 ]
               - [ 5, 38, 2 ]
               - [ 32, 29, 4 ]
               - [ 81, 114, 2 ]
               - [ 67, 119, 5 ]
               - [ 80, 47, 1 ]
               - [ 80, 70, 7 ]
               - [ 60, 11, 1 ]
               - [ 92, 95, 1 ]
               - [ 79, 26, 5 ]
               - [ 44, 27, 3 ]
         -
            width: 46
            height: 59
            tl_x: 51
            tl_y: 51
            pyramid_level: 1
            features:
               - [ 1, 42, 7 ]
               - [ 0, 25, 1 ]
               - [ 28, 58, 4 ]
               - [ 21, 8, 1 ]
               - [ 10, 56, 6 ]
               - [ 39, 27, 0 ]
               - [ 42, 55, 1 ]
               - [ 44, 40, 6 ]
               - [ 37, 12, 5 ]
               - [ 11, 14, 4 ]
   -
      template_id: 2
      templates:
         -
            width: 96
            height: 118
            tl_x: 100
            tl_y: 102
            pyramid_level: 0
            features:
               - [ 18, 31, 3 ]
               - [ 8, 91, 7 ]
               - [ 63, 22, 3 ]
               - [ 39, 24, 0 ]
               - [ 1, 55, 0 ]
               - [ 5, 42, 1 ]
               - [ 46, 118, 3 ]
               - [ 48, 1, 2 ]
               - [ 15, 102, 6 ]
               - [ 94, 78, 5 ]
               - [ 27, 114, 6 ]
               - [ 85, 34, 1 ]
               - [ 64, 115, 4 ]
               - [ 81, 63, 7 ]
               - [ 90, 107, 1 ]
               - [ 80, 46, 1 ]
               - [ 78, 23, 5 ]
               - [ 96, 93, 1 ]
               - [ 58, 9, 1 ]
               - [ 42, 9, 1 ]
               - [ 28, 30, 4 ]
         -
            width: 48
            height: 59
            tl_x: 50
            tl_y: 51
            pyramid_level: 1
            features:
               - [ 20, 8, 0 ]
               - [ 1, 25, 1 ]
               - [ 10, 54, 6 ]
               - [ 23, 59, 3 ]
               - [ 47, 49, 1 ]
               - [ 37, 11, 5 ]
               - [ 40, 30, 7 ]
               - [ 35, 58, 4 ]
               - [ 3, 44, 7 ]
               - [ 8, 16, 3 ]
   -
      template_id: 3
      templates:
         -
            width: 99
            height: 118
            tl_x: 100
            tl_y: 102
            pyramid_level: 0
            features:
               - [ 15, 34, 3 ]
               - [ 59, 21, 3 ]
               - [ 36, 24, 0 ]
               - [ 10, 93, 7 ]
               - [ 63, 113, 4 ]
               - [ 1, 58, 0 ]
               - [ 51, 118, 2 ]
               - [ 96, 74, 5 ]
               - [ 20, 106, 6 ]
               - [ 29, 114, 5 ]
               - [ 43, 1, 2 ]
               - [ 37, 12, 1 ]
               - [ 78, 114, 5 ]
               - [ 83, 30, 1 ]
               - [ 81, 60, 7 ]
               - [ 92, 107, 1 ]
               - [ 79, 42, 0 ]
               - [ 99, 88, 1 ]
               - [ 73, 20, 5 ]
               - [ 3, 47, 1 ]
               - [ 53, 11, 0 ]
         -
            width: 49
            height: 59
            tl_x: 50
            tl_y: 51
            pyramid_level: 1
            features:
               - [ 18, 9, 0 ]
               - [ 10, 53, 6 ]
               - [ 8, 17, 3 ]
               - [ 31, 10, 3 ]
               - [ 46, 36, 5 ]
               - [ 40, 19, 1 ]
               - [ 27, 58, 3 ]
               - [ 48, 49, 1 ]
               - [ 0, 30, 0 ]
               - [ 4, 45, 7 ]
   -
      template_id: 4
      templates:
         -
            width: 100
            height: 119
            tl_x: 100
            tl_y: 102
            pyramid_level: 0
            features:
               - [ 33, 26, 7 ]
               - [ 56, 20, 3 ]
               - [ 15, 36, 3 ]
               - [ 66, 112, 3 ]
               - [ 12, 95, 6 ]
               - [ 1, 66, 0 ]
               - [ 2, 51, 1 ]
               - [ 37, 117, 5 ]
               - [ 24, 108, 6 ]
               - [ 80, 28, 1 ]
               - [ 38, 1, 2 ]
               - [ 95, 69, 5 ]
               - [ 82, 111, 4 ]
               - [ 81, 57, 7 ]
               - [ 77, 43, 0 ]
               - [ 99, 94, 1 ]
               - [ 54, 119, 2 ]
               - [ 33, 13, 1 ]
               - [ 94, 106, 2 ]
               - [ 71, 18, 5 ]
         -
            width: 50
            height: 59
            tl_x: 50
            tl_y: 51
            pyramid_level: 1
            features:
               - [ 12, 54, 6 ]
               - [ 8, 18, 3 ]
               - [ 29, 58, 3 ]
               - [ 28, 10, 3 ]
               - [ 39, 17, 1 ]
               - [ 1, 26, 1 ]
               - [ 17, 5, 1 ]
               - [ 50, 45, 1 ]
               - [ 47, 34, 5 ]
               - [ 40, 28, 7 ]
   -
      template_id: 5
      templates:
         -
            width: 101
            height: 118
            tl_x: 102
            tl_y: 104
            pyramid_level: 0
            features:
               - [ 28, 25, 7 ]
               - [ 49, 18, 3 ]
               - [ 9, 38, 3 ]
               - [ 15, 98, 6 ]
               - [ 69, 108, 3 ]
               - [ 0, 69, 7 ]
               - [ 36, 114, 5 ]
               - [ 31, 0, 2 ]
               - [ 25, 107, 6 ]
               - [ 95, 63, 5 ]
               - [ 0, 51, 1 ]
               - [ 54, 118, 3 ]
               - [ 27, 12, 0 ]
               - [ 75, 23, 1 ]
               - [ 99, 91, 1 ]
               - [ 75, 46, 7 ]
               - [ 101, 75, 0 ]
               - [ 61, 14, 4 ]
               - [ 84, 58, 6 ]
               - [ 42, 2, 0 ]
               - [ 73, 35, 0 ]
         -
            width: 50
            height: 59
            tl_x: 51
            tl_y: 52
            pyramid_level: 1
            features:
               - [ 6, 47, 6 ]
               - [ 18, 57, 5 ]
               - [ 46, 31, 5 ]
               - [ 35, 54, 3 ]
               - [ 37, 14, 0 ]
               - [ 50, 43, 0 ]
               - [ 15, 1, 1 ]
               - [ 10, 17, 3 ]
               - [ 0, 26, 1 ]
               - [ 27, 8, 3 ]
   -
      template_id: 6
      templates:
         -
            width: 104
            height: 119
            tl_x: 100
