%YAML:1.0
---
class_id: "back0warp99.png"
pyramid_levels: 2
template_pyramids:
   -
      template_id: 0
      templates:
         -
            width: 75
            height: 112
            tl_x: 100
            tl_y: 110
            pyramid_level: 0
            features:
               - [ 56, 0, 1 ]
               - [ 37, 18, 1 ]
               - [ 3, 90, 7 ]
               - [ 28, 112, 3 ]
               - [ 5, 47, 1 ]
               - [ 1, 59, 1 ]
               - [ 66, 98, 1 ]
               - [ 54, 21, 3 ]
               - [ 64, 58, 0 ]
               - [ 43, 4, 1 ]
               - [ 11, 105, 6 ]
               - [ 56, 109, 3 ]
               - [ 19, 33, 3 ]
               - [ 75, 29, 1 ]
               - [ 68, 41, 1 ]
               - [ 69, 71, 6 ]
               - [ 73, 85, 1 ]
               - [ 32, 32, 4 ]
               - [ 68, 19, 5 ]
               - [ 53, 10, 1 ]
               - [ 46, 109, 4 ]
               - [ 42, 29, 2 ]
         -
            width: 37
            height: 56
            tl_x: 50
            tl_y: 55
            pyramid_level: 1
            features:
               - [ 33, 49, 1 ]
               - [ 2, 46, 7 ]
               - [ 21, 3, 1 ]
               - [ 1, 28, 1 ]
               - [ 33, 23, 1 ]
               - [ 12, 16, 4 ]
               - [ 20, 54, 4 ]
               - [ 33, 33, 7 ]
               - [ 35, 10, 5 ]
               - [ 6, 53, 6 ]
   -
      template_id: 1
      templates:
         -
            width: 73
            height: 118
            tl_x: 102
            tl_y: 102
            pyramid_level: 0
            features:
               - [ 32, 26, 0 ]
               - [ 36, 13, 1 ]
               - [ 48, 14, 1 ]
               - [ 17, 118, 6 ]
               - [ 1, 63, 1 ]
               - [ 7, 106, 7 ]
               - [ 44, 1, 2 ]
               - [ 70, 35, 1 ]
               - [ 38, 117, 3 ]
               - [ 13, 44, 3 ]
               - [ 63, 66, 0 ]
               - [ 68, 103, 1 ]
               - [ 73, 92, 1 ]
               - [ 65, 46, 1 ]
               - [ 49, 28, 3 ]
               - [ 2, 94, 7 ]
               - [ 0, 77, 0 ]
               - [ 73, 79, 5 ]
               - [ 27, 40, 4 ]
               - [ 62, 113, 2 ]
               - [ 49, 116, 4 ]
         -
            width: 36
            height: 59
            tl_x: 51
            tl_y: 51
            pyramid_level: 1
            features:
               - [ 24, 7, 1 ]
               - [ 0, 35, 0 ]
               - [ 23, 58, 4 ]
               - [ 3, 52, 7 ]
               - [ 32, 25, 1 ]
               - [ 36, 47, 1 ]
               - [ 9, 21, 3 ]
               - [ 33, 13, 5 ]
               - [ 32, 34, 7 ]
               - [ 16, 12, 0 ]
   -
      template_id: 2
      templates:
         -
            width: 77
            height: 117
            tl_x: 102
            tl_y: 104
            pyramid_level: 0
            features:
               - [ 44, 11, 0 ]
               - [ 29, 24, 0 ]
               - [ 2, 61, 1 ]
               - [ 64, 63, 7 ]
               - [ 32, 11, 1 ]
               - [ 1, 76, 0 ]
               - [ 21, 117, 6 ]
               - [ 8, 101, 7 ]
               - [ 46, 25, 3 ]
               - [ 73, 95, 1 ]
               - [ 44, 114, 3 ]
               - [ 65, 110, 2 ]
               - [ 38, 0, 1 ]
               - [ 12, 44, 3 ]
               - [ 71, 72, 5 ]
               - [ 63, 45, 1 ]
               - [ 67, 32, 1 ]
               - [ 27, 39, 4 ]
               - [ 77, 81, 0 ]
               - [ 65, 22, 5 ]
         -
            width: 38
            height: 58
            tl_x: 51
            tl_y: 52
            pyramid_level: 1
            features:
               - [ 8, 21, 3 ]
               - [ 1, 31, 1 ]
               - [ 5, 52, 7 ]
               - [ 16, 6, 1 ]
               - [ 37, 46, 1 ]
               - [ 32, 31, 7 ]
               - [ 32, 20, 1 ]
               - [ 23, 57, 3 ]
               - [ 26, 11, 3 ]
               - [ 10, 58, 6 ]
               - [ 34, 53, 1 ]
   -
      template_id: 3
      templates:
         -
            width: 76
            height: 114
            tl_x: 104
            tl_y: 108
            pyramid_level: 0
            features:
               - [ 62, 56, 7 ]
               - [ 38, 1, 0 ]
               - [ 24, 114, 5 ]
               - [ 10, 100, 6 ]
               - [ 1, 76, 7 ]
               - [ 47, 109, 3 ]
               - [ 26, 8, 1 ]
               - [ 3, 51, 1 ]
               - [ 0, 64, 0 ]
               - [ 24, 24, 0 ]
               - [ 73, 91, 1 ]
               - [ 36, 16, 1 ]
               - [ 61, 31, 1 ]
               - [ 70, 65, 5 ]
               - [ 64, 106, 3 ]
               - [ 14, 39, 3 ]
               - [ 76, 79, 0 ]
               - [ 60, 16, 5 ]
               - [ 59, 43, 0 ]
               - [ 50, 15, 3 ]
         -
            width: 38
            height: 57
            tl_x: 52
            tl_y: 54
            pyramid_level: 1
            features:
               - [ 0, 34, 0 ]
               - [ 13, 4, 1 ]
               - [ 31, 14, 1 ]
               - [ 36, 47, 1 ]
               - [ 12, 57, 5 ]
               - [ 26, 54, 4 ]
               - [ 4, 48, 7 ]
               - [ 31, 28, 7 ]
               - [ 8, 19, 3 ]
               - [ 24, 8, 3 ]
   -
      template_id: 4
      templates:
         -
            width: 78
            height: 118
            tl_x: 104
            tl_y: 106
            pyramid_level: 0
            features:
               - [ 62, 55, 7 ]
               - [ 33, 0, 0 ]
               - [ 3, 81, 7 ]
               - [ 15, 105, 6 ]
               - [ 45, 116, 2 ]
               - [ 32, 118, 5 ]
               - [ 22, 10, 0 ]
               - [ 76, 90, 1 ]
               - [ 22, 28, 0 ]
               - [ 3, 55, 1 ]
               - [ 71, 103, 2 ]
               - [ 39, 21, 2 ]
               - [ 57, 108, 3 ]
               - [ 59, 31, 1 ]
               - [ 8, 94, 7 ]
               - [ 19, 40, 3 ]
               - [ 78, 78, 0 ]
               - [ 57, 16, 5 ]
               - [ 75, 65, 4 ]
               - [ 1, 70, 0 ]
         -
            width: 39
            height: 59
            tl_x: 52
            tl_y: 53
            pyramid_level: 1
            features:
               - [ 1, 30, 0 ]
               - [ 8, 53, 6 ]
               - [ 11, 5, 0 ]
               - [ 38, 45, 1 ]
               - [ 29, 54, 3 ]
               - [ 30, 13, 0 ]
               - [ 7, 21, 3 ]
               - [ 30, 25, 7 ]
               - [ 36, 32, 5 ]
               - [ 23, 8, 3 ]
   -
      template_id: 5
      templates:
         -
            width: 78
            height: 114
            tl_x: 106
            tl_y: 110
            pyramid_level: 0
            features:
               - [ 27, 0, 7 ]
               - [ 17, 23, 7 ]
               - [ 60, 49, 7 ]
               - [ 4, 81, 7 ]
               - [ 77, 82, 0 ]
               - [ 0, 60, 0 ]
               - [ 48, 111, 2 ]
               - [ 16, 8, 0 ]
               - [ 16, 101, 6 ]
               - [ 36, 114, 5 ]
               - [ 59, 102, 3 ]
               - [ 74, 94, 1 ]
               - [ 3, 48, 1 ]
               - [ 35, 16, 2 ]
               - [ 55, 20, 0 ]
               - [ 55, 36, 0 ]
               - [ 11, 40, 2 ]
               - [ 71, 57, 5 ]
               - [ 78, 71, 0 ]
               - [ 1, 71, 7 ]
               - [ 24, 108, 6 ]
               - [ 10, 93, 6 ]
               - [ 51, 10, 5 ]
         -
            width: 39
            height: 57
            tl_x: 53
            tl_y: 55
            pyramid_level: 1
            features:
               - [ 8, 4, 0 ]
               - [ 0, 33, 0 ]
               - [ 18, 57, 5 ]
               - [ 28, 20, 7 ]
               - [ 30, 51, 3 ]
               - [ 39, 36, 0 ]
               - [ 4, 21, 2 ]
               - [ 34, 28, 5 ]
               - [ 20, 6, 3 ]
               - [ 37, 47, 1 ]
               - [ 28, 9, 0 ]
   -
      template_id: 6
      templates:
         -
