%YAML:1.0
---
class_id: "back0warp26.png"
pyramid_levels: 2
template_pyramids:
   -
      template_id: 0
      templates:
         -
            width: 66
            height: 106
            tl_x: 100
            tl_y: 100
            pyramid_level: 0
            features:
               - [ 3, 42, 7 ]
               - [ 1, 12, 1 ]
               - [ 13, 70, 7 ]
               - [ 18, 2, 5 ]
               - [ 60, 36, 7 ]
               - [ 8, 58, 7 ]
               - [ 62, 77, 7 ]
               - [ 46, 21, 5 ]
               - [ 38, 92, 6 ]
               - [ 45, 101, 7 ]
               - [ 37, 1, 3 ]
               - [ 1, 32, 0 ]
               - [ 55, 54, 0 ]
               - [ 45, 8, 1 ]
               - [ 57, 66, 7 ]
               - [ 29, 83, 6 ]
               - [ 65, 99, 1 ]
               - [ 25, 8, 6 ]
               - [ 59, 106, 2 ]
               - [ 66, 84, 6 ]
               - [ 18, 77, 6 ]
               - [ 59, 44, 2 ]
         -
            width: 33
            height: 53
            tl_x: 50
            tl_y: 50
            pyramid_level: 1
            features:
               - [ 2, 23, 7 ]
               - [ 6, 34, 7 ]
               - [ 26, 13, 6 ]
               - [ 28, 31, 7 ]
               - [ 20, 47, 6 ]
               - [ 10, 2, 6 ]
               - [ 1, 4, 1 ]
               - [ 32, 50, 1 ]
               - [ 31, 39, 7 ]
               - [ 12, 40, 5 ]
               - [ 22, 5, 1 ]
   -
      template_id: 1
      templates:
         -
            width: 72
            height: 100
            tl_x: 98
            tl_y: 100
            pyramid_level: 0
            features:
               - [ 14, 67, 7 ]
               - [ 4, 45, 7 ]
               - [ 45, 20, 5 ]
               - [ 59, 32, 6 ]
               - [ 23, 9, 6 ]
               - [ 66, 75, 7 ]
               - [ 0, 12, 0 ]
               - [ 51, 100, 6 ]
               - [ 1, 34, 7 ]
               - [ 8, 55, 7 ]
               - [ 40, 88, 6 ]
               - [ 60, 64, 7 ]
               - [ 34, 1, 3 ]
               - [ 57, 52, 0 ]
               - [ 23, 79, 6 ]
               - [ 43, 7, 0 ]
               - [ 14, 3, 5 ]
               - [ 72, 83, 6 ]
               - [ 70, 98, 1 ]
               - [ 18, 74, 6 ]
         -
            width: 36
            height: 50
            tl_x: 49
            tl_y: 50
            pyramid_level: 1
            features:
               - [ 2, 22, 7 ]
               - [ 34, 39, 6 ]
               - [ 0, 6, 1 ]
               - [ 24, 11, 5 ]
               - [ 22, 46, 6 ]
               - [ 13, 40, 5 ]
               - [ 29, 29, 7 ]
               - [ 35, 49, 1 ]
               - [ 7, 33, 7 ]
               - [ 9, 3, 5 ]
   -
      template_id: 2
      templates:
         -
            width: 79
            height: 97
            tl_x: 94
            tl_y: 104
            pyramid_level: 0
            features:
               - [ 18, 63, 7 ]
               - [ 54, 20, 6 ]
               - [ 7, 43, 7 ]
               - [ 69, 65, 6 ]
               - [ 0, 18, 0 ]
               - [ 43, 1, 0 ]
               - [ 42, 14, 5 ]
               - [ 13, 1, 5 ]
               - [ 43, 81, 5 ]
               - [ 62, 97, 5 ]
               - [ 24, 7, 5 ]
               - [ 26, 74, 6 ]
               - [ 63, 54, 7 ]
               - [ 78, 75, 6 ]
               - [ 61, 41, 0 ]
               - [ 79, 87, 1 ]
               - [ 2, 29, 7 ]
               - [ 12, 53, 7 ]
               - [ 52, 88, 6 ]
               - [ 74, 97, 2 ]
         -
            width: 39
            height: 48
            tl_x: 47
            tl_y: 52
            pyramid_level: 1
            features:
               - [ 26, 44, 6 ]
               - [ 8, 30, 7 ]
               - [ 3, 20, 7 ]
               - [ 35, 33, 6 ]
               - [ 27, 10, 6 ]
               - [ 8, 1, 5 ]
               - [ 15, 38, 5 ]
               - [ 39, 45, 1 ]
               - [ 31, 19, 1 ]
               - [ 21, 3, 1 ]
   -
      template_id: 3
      templates:
         -
            width: 86
            height: 100
            tl_x: 90
            tl_y: 100
            pyramid_level: 0
            features:
               - [ 5, 38, 7 ]
               - [ 10, 49, 7 ]
               - [ 17, 9, 5 ]
               - [ 54, 22, 5 ]
               - [ 23, 69, 6 ]
               - [ 48, 84, 5 ]
               - [ 1, 20, 0 ]
               - [ 74, 66, 6 ]
               - [ 72, 100, 5 ]
               - [ 43, 18, 4 ]
               - [ 58, 90, 6 ]
               - [ 64, 47, 0 ]
               - [ 16, 59, 7 ]
               - [ 84, 76, 6 ]
               - [ 32, 79, 6 ]
               - [ 36, 1, 4 ]
               - [ 29, 9, 0 ]
               - [ 86, 88, 1 ]
               - [ 66, 38, 2 ]
               - [ 43, 6, 0 ]
               - [ 40, 82, 4 ]
         -
            width: 43
            height: 50
            tl_x: 45
            tl_y: 50
            pyramid_level: 1
            features:
               - [ 12, 35, 6 ]
               - [ 30, 13, 6 ]
               - [ 29, 45, 6 ]
               - [ 39, 35, 6 ]
               - [ 20, 41, 4 ]
               - [ 32, 23, 0 ]
               - [ 7, 4, 5 ]
               - [ 42, 47, 1 ]
               - [ 21, 4, 0 ]
               - [ 7, 28, 7 ]
   -
      template_id: 4
      templates:
         -
            width: 90
            height: 93
            tl_x: 88
            tl_y: 104
            pyramid_level: 0
            features:
               - [ 1, 25, 7 ]
               - [ 11, 47, 7 ]
               - [ 6, 38, 7 ]
               - [ 46, 15, 5 ]
               - [ 24, 64, 6 ]
               - [ 16, 8, 5 ]
               - [ 54, 80, 5 ]
               - [ 65, 25, 6 ]
               - [ 83, 65, 6 ]
               - [ 77, 93, 5 ]
               - [ 31, 72, 6 ]
               - [ 40, 1, 7 ]
               - [ 65, 86, 5 ]
               - [ 68, 48, 7 ]
               - [ 41, 78, 5 ]
               - [ 1, 12, 1 ]
               - [ 27, 6, 0 ]
               - [ 90, 84, 1 ]
               - [ 55, 18, 5 ]
               - [ 18, 57, 6 ]
         -
            width: 45
            height: 46
            tl_x: 44
            tl_y: 52
            pyramid_level: 1
            features:
               - [ 8, 4, 5 ]
               - [ 11, 31, 6 ]
               - [ 40, 31, 6 ]
               - [ 29, 41, 5 ]
               - [ 25, 8, 5 ]
               - [ 34, 24, 7 ]
               - [ 45, 42, 1 ]
               - [ 22, 39, 4 ]
               - [ 33, 17, 1 ]
               - [ 20, 3, 0 ]
   -
      template_id: 5
      templates:
         -
            width: 97
            height: 88
            tl_x: 84
            tl_y: 106
            pyramid_level: 0
            features:
               - [ 3, 27, 7 ]
               - [ 8, 38, 7 ]
               - [ 40, 0, 7 ]
               - [ 14, 8, 4 ]
               - [ 57, 16, 5 ]
               - [ 70, 81, 5 ]
               - [ 83, 56, 6 ]
               - [ 45, 13, 4 ]
               - [ 66, 21, 5 ]
               - [ 17, 51, 6 ]
               - [ 27, 62, 6 ]
               - [ 60, 77, 5 ]
               - [ 84, 88, 5 ]
               - [ 35, 69, 6 ]
               - [ 46, 76, 5 ]
               - [ 97, 70, 0 ]
               - [ 69, 39, 7 ]
               - [ 24, 11, 5 ]
               - [ 95, 84, 1 ]
               - [ 1, 18, 0 ]
         -
            width: 48
            height: 44
            tl_x: 42
            tl_y: 53
            pyramid_level: 1
            features:
               - [ 9, 26, 6 ]
               - [ 1, 11, 0 ]
               - [ 25, 7, 5 ]
               - [ 38, 42, 5 ]
               - [ 43, 29, 6 ]
               - [ 18, 35, 6 ]
               - [ 48, 40, 1 ]
               - [ 34, 18, 0 ]
               - [ 14, 2, 1 ]
               - [ 27, 38, 4 ]
   -
      template_id: 6
      templates:
         -
            width: 101
            height: 85
            tl_x: 82
            tl_y: 106
            pyramid_level: 0
            features:
               - [ 66, 20, 5 ]
