%YAML:1.0
---
class_id: "back0warp104.png"
pyramid_levels: 2
template_pyramids:
   -
      template_id: 0
      templates:
         -
            width: 94
            height: 104
            tl_x: 100
            tl_y: 106
            pyramid_level: 0
            features:
               - [ 61, 103, 5 ]
               - [ 52, 14, 1 ]
               - [ 92, 42, 2 ]
               - [ 5, 73, 7 ]
               - [ 86, 25, 5 ]
               - [ 1, 59, 7 ]
               - [ 86, 68, 7 ]
               - [ 24, 98, 6 ]
               - [ 80, 104, 3 ]
               - [ 42, 103, 3 ]
               - [ 32, 18, 5 ]
               - [ 94, 87, 1 ]
               - [ 1, 41, 0 ]
               - [ 67, 17, 2 ]
               - [ 61, 0, 2 ]
               - [ 76, 1, 0 ]
               - [ 9, 24, 2 ]
               - [ 12, 85, 7 ]
               - [ 85, 55, 1 ]
               - [ 43, 21, 5 ]
               - [ 19, 18, 3 ]
               - [ 55, 25, 4 ]
         -
            width: 47
            height: 52
            tl_x: 50
            tl_y: 53
            pyramid_level: 1
            features:
               - [ 28, 51, 4 ]
               - [ 12, 49, 6 ]
               - [ 46, 21, 2 ]
               - [ 46, 45, 1 ]
               - [ 16, 9, 5 ]
               - [ 2, 35, 7 ]
               - [ 3, 14, 1 ]
               - [ 37, 4, 1 ]
               - [ 43, 34, 7 ]
               - [ 27, 5, 1 ]
   -
      template_id: 1
      templates:
         -
            width: 96
            height: 109
            tl_x: 100
            tl_y: 102
            pyramid_level: 0
            features:
               - [ 92, 41, 2 ]
               - [ 61, 105, 4 ]
               - [ 49, 18, 1 ]
               - [ 7, 80, 7 ]
               - [ 2, 67, 7 ]
               - [ 96, 78, 5 ]
               - [ 86, 104, 2 ]
               - [ 23, 100, 6 ]
               - [ 72, 24, 4 ]
               - [ 26, 23, 4 ]
               - [ 84, 26, 5 ]
               - [ 40, 109, 4 ]
               - [ 86, 52, 1 ]
               - [ 38, 25, 5 ]
               - [ 86, 64, 0 ]
               - [ 71, 7, 0 ]
               - [ 0, 52, 0 ]
               - [ 59, 1, 3 ]
               - [ 4, 36, 1 ]
               - [ 15, 92, 6 ]
               - [ 52, 29, 4 ]
         -
            width: 48
            height: 54
            tl_x: 50
            tl_y: 51
            pyramid_level: 1
            features:
               - [ 33, 53, 4 ]
               - [ 16, 12, 4 ]
               - [ 45, 22, 1 ]
               - [ 14, 52, 6 ]
               - [ 3, 39, 7 ]
               - [ 37, 12, 4 ]
               - [ 46, 48, 1 ]
               - [ 27, 3, 2 ]
               - [ 1, 21, 1 ]
               - [ 47, 38, 6 ]
   -
      template_id: 2
      templates:
         -
            width: 98
            height: 109
            tl_x: 100
            tl_y: 102
            pyramid_level: 0
            features:
               - [ 62, 104, 4 ]
               - [ 46, 22, 0 ]
               - [ 35, 107, 5 ]
               - [ 11, 86, 6 ]
               - [ 97, 73, 5 ]
               - [ 81, 23, 5 ]
               - [ 87, 45, 1 ]
               - [ 2, 68, 7 ]
               - [ 35, 26, 4 ]
               - [ 24, 25, 4 ]
               - [ 0, 56, 0 ]
               - [ 98, 87, 1 ]
               - [ 67, 0, 0 ]
               - [ 51, 4, 2 ]
               - [ 48, 109, 3 ]
               - [ 22, 98, 6 ]
               - [ 62, 17, 2 ]
               - [ 90, 101, 2 ]
               - [ 2, 42, 1 ]
               - [ 71, 22, 4 ]
               - [ 89, 66, 7 ]
               - [ 90, 28, 6 ]
               - [ 14, 28, 3 ]
         -
            width: 49
            height: 54
            tl_x: 50
            tl_y: 51
            pyramid_level: 1
            features:
               - [ 34, 52, 4 ]
               - [ 17, 13, 4 ]
               - [ 11, 49, 6 ]
               - [ 44, 21, 1 ]
               - [ 36, 11, 4 ]
               - [ 49, 43, 1 ]
               - [ 3, 39, 7 ]
               - [ 1, 21, 1 ]
               - [ 25, 3, 1 ]
               - [ 44, 32, 7 ]
   -
      template_id: 3
      templates:
         -
            width: 101
            height: 114
            tl_x: 100
            tl_y: 98
            pyramid_level: 0
            features:
               - [ 65, 107, 3 ]
               - [ 43, 26, 7 ]
               - [ 89, 38, 1 ]
               - [ 30, 107, 5 ]
               - [ 66, 25, 4 ]
               - [ 13, 92, 6 ]
               - [ 97, 72, 5 ]
               - [ 94, 101, 2 ]
               - [ 5, 79, 7 ]
               - [ 81, 25, 5 ]
               - [ 46, 9, 1 ]
               - [ 1, 66, 0 ]
               - [ 19, 32, 4 ]
               - [ 85, 50, 0 ]
               - [ 101, 86, 1 ]
               - [ 49, 114, 4 ]
               - [ 62, 1, 0 ]
               - [ 4, 43, 1 ]
               - [ 62, 13, 1 ]
               - [ 87, 61, 7 ]
               - [ 30, 31, 4 ]
         -
            width: 50
            height: 57
            tl_x: 50
            tl_y: 49
            pyramid_level: 1
            features:
               - [ 38, 53, 4 ]
               - [ 44, 20, 1 ]
               - [ 35, 12, 4 ]
               - [ 16, 54, 5 ]
               - [ 10, 16, 4 ]
               - [ 50, 44, 1 ]
               - [ 22, 7, 1 ]
               - [ 5, 44, 6 ]
               - [ 1, 24, 1 ]
               - [ 47, 35, 6 ]
   -
      template_id: 4
      templates:
         -
            width: 103
            height: 111
            tl_x: 100
            tl_y: 100
            pyramid_level: 0
            features:
               - [ 70, 103, 3 ]
               - [ 40, 24, 7 ]
               - [ 65, 21, 3 ]
               - [ 85, 39, 0 ]
               - [ 43, 110, 5 ]
               - [ 16, 93, 6 ]
               - [ 20, 32, 3 ]
               - [ 98, 66, 5 ]
               - [ 7, 81, 6 ]
               - [ 1, 66, 7 ]
               - [ 98, 94, 1 ]
               - [ 43, 5, 1 ]
               - [ 56, 111, 3 ]
               - [ 103, 80, 1 ]
               - [ 80, 21, 5 ]
               - [ 30, 104, 5 ]
               - [ 58, 1, 0 ]
               - [ 1, 50, 1 ]
               - [ 89, 59, 6 ]
               - [ 54, 20, 1 ]
         -
            width: 51
            height: 55
            tl_x: 50
            tl_y: 50
            pyramid_level: 1
            features:
               - [ 38, 51, 4 ]
               - [ 19, 54, 5 ]
               - [ 10, 16, 4 ]
               - [ 43, 18, 1 ]
               - [ 51, 42, 1 ]
               - [ 20, 7, 0 ]
               - [ 6, 44, 6 ]
               - [ 45, 30, 6 ]
               - [ 0, 29, 0 ]
               - [ 35, 10, 4 ]
   -
      template_id: 5
      templates:
         -
            width: 103
            height: 111
            tl_x: 102
            tl_y: 100
            pyramid_level: 0
            features:
               - [ 72, 101, 3 ]
               - [ 59, 20, 3 ]
               - [ 38, 108, 5 ]
               - [ 35, 24, 7 ]
               - [ 83, 29, 1 ]
               - [ 98, 62, 5 ]
               - [ 62, 108, 2 ]
               - [ 6, 83, 6 ]
               - [ 15, 35, 3 ]
               - [ 73, 18, 4 ]
               - [ 1, 72, 7 ]
               - [ 19, 97, 6 ]
               - [ 81, 40, 0 ]
               - [ 99, 90, 1 ]
               - [ 35, 10, 1 ]
               - [ 51, 0, 7 ]
               - [ 103, 75, 0 ]
               - [ 86, 54, 6 ]
               - [ 0, 49, 1 ]
               - [ 48, 111, 5 ]
               - [ 6, 40, 2 ]
               - [ 49, 19, 1 ]
         -
            width: 51
            height: 55
            tl_x: 51
            tl_y: 50
            pyramid_level: 1
            features:
               - [ 38, 50, 3 ]
               - [ 19, 54, 5 ]
               - [ 51, 40, 1 ]
               - [ 17, 9, 0 ]
               - [ 34, 9, 4 ]
               - [ 9, 17, 3 ]
               - [ 5, 44, 6 ]
               - [ 41, 22, 0 ]
               - [ 0, 25, 1 ]
               - [ 26, 4, 0 ]
   -
