%YAML:1.0
---
class_id: "back0warp135.png"
pyramid_levels: 2
template_pyramids:
   -
      template_id: 0
      templates:
         -
            width: 74
            height: 94
            tl_x: 100
            tl_y: 104
            pyramid_level: 0
            features:
               - [ 27, 94, 2 ]
               - [ 69, 29, 1 ]
               - [ 68, 62, 1 ]
               - [ 45, 83, 3 ]
               - [ 62, 71, 2 ]
               - [ 1, 85, 7 ]
               - [ 53, 16, 1 ]
               - [ 18, 45, 3 ]
               - [ 38, 25, 1 ]
               - [ 5, 59, 1 ]
               - [ 1, 69, 1 ]
               - [ 53, 1, 2 ]
               - [ 43, 14, 1 ]
               - [ 9, 94, 5 ]
               - [ 28, 40, 3 ]
               - [ 68, 14, 3 ]
               - [ 65, 46, 7 ]
               - [ 54, 79, 3 ]
               - [ 74, 21, 2 ]
               - [ 11, 51, 2 ]
               - [ 44, 32, 2 ]
         -
            width: 37
            height: 47
            tl_x: 50
            tl_y: 52
            pyramid_level: 1
            features:
               - [ 21, 42, 3 ]
               - [ 32, 34, 2 ]
               - [ 36, 12, 1 ]
               - [ 14, 20, 3 ]
               - [ 1, 33, 1 ]
               - [ 7, 24, 2 ]
               - [ 3, 46, 6 ]
               - [ 22, 6, 1 ]
               - [ 33, 18, 1 ]
               - [ 28, 5, 1 ]
   -
      template_id: 1
      templates:
         -
            width: 69
            height: 96
            tl_x: 102
            tl_y: 104
            pyramid_level: 0
            features:
               - [ 51, 80, 3 ]
               - [ 62, 69, 1 ]
               - [ 28, 96, 2 ]
               - [ 38, 87, 2 ]
               - [ 50, 11, 1 ]
               - [ 34, 26, 1 ]
               - [ 7, 94, 6 ]
               - [ 63, 33, 1 ]
               - [ 25, 41, 3 ]
               - [ 69, 56, 1 ]
               - [ 47, 0, 2 ]
               - [ 68, 21, 1 ]
               - [ 16, 47, 2 ]
               - [ 6, 59, 1 ]
               - [ 39, 12, 1 ]
               - [ 58, 14, 3 ]
               - [ 1, 72, 0 ]
               - [ 62, 41, 0 ]
               - [ 36, 19, 1 ]
               - [ 10, 53, 2 ]
               - [ 65, 11, 3 ]
               - [ 67, 47, 4 ]
         -
            width: 34
            height: 48
            tl_x: 51
            tl_y: 52
            pyramid_level: 1
            features:
               - [ 32, 15, 1 ]
               - [ 1, 34, 1 ]
               - [ 34, 29, 1 ]
               - [ 12, 21, 3 ]
               - [ 23, 41, 3 ]
               - [ 15, 47, 2 ]
               - [ 20, 5, 1 ]
               - [ 5, 48, 5 ]
               - [ 31, 6, 3 ]
               - [ 30, 36, 2 ]
   -
      template_id: 2
      templates:
         -
            width: 67
            height: 99
            tl_x: 106
            tl_y: 104
            pyramid_level: 0
            features:
               - [ 58, 70, 2 ]
               - [ 31, 94, 2 ]
               - [ 63, 60, 1 ]
               - [ 67, 49, 1 ]
               - [ 60, 22, 1 ]
               - [ 42, 13, 1 ]
               - [ 41, 84, 3 ]
               - [ 36, 4, 1 ]
               - [ 5, 58, 1 ]
               - [ 2, 90, 7 ]
               - [ 11, 50, 2 ]
               - [ 28, 28, 0 ]
               - [ 21, 42, 2 ]
               - [ 30, 18, 1 ]
               - [ 13, 99, 5 ]
               - [ 0, 71, 1 ]
               - [ 53, 11, 3 ]
               - [ 58, 40, 7 ]
               - [ 52, 77, 2 ]
               - [ 45, 0, 0 ]
         -
            width: 33
            height: 49
            tl_x: 53
            tl_y: 52
            pyramid_level: 1
            features:
               - [ 31, 31, 1 ]
               - [ 22, 41, 3 ]
               - [ 29, 15, 0 ]
               - [ 0, 36, 0 ]
               - [ 16, 46, 2 ]
               - [ 9, 22, 2 ]
               - [ 5, 49, 5 ]
               - [ 26, 6, 3 ]
               - [ 16, 6, 1 ]
               - [ 2, 30, 1 ]
   -
      template_id: 3
      templates:
         -
            width: 65
            height: 102
            tl_x: 108
            tl_y: 102
            pyramid_level: 0
            features:
               - [ 60, 65, 1 ]
               - [ 33, 96, 2 ]
               - [ 54, 76, 2 ]
               - [ 65, 49, 1 ]
               - [ 45, 83, 2 ]
               - [ 2, 68, 1 ]
               - [ 37, 14, 1 ]
               - [ 55, 25, 1 ]
               - [ 4, 95, 7 ]
               - [ 58, 15, 1 ]
               - [ 9, 54, 2 ]
               - [ 28, 11, 1 ]
               - [ 25, 24, 0 ]
               - [ 33, 0, 1 ]
               - [ 16, 47, 2 ]
               - [ 0, 79, 0 ]
               - [ 50, 10, 3 ]
               - [ 55, 39, 7 ]
               - [ 24, 41, 2 ]
               - [ 29, 31, 1 ]
         -
            width: 32
            height: 51
            tl_x: 54
            tl_y: 51
            pyramid_level: 1
            features:
               - [ 18, 46, 2 ]
               - [ 1, 34, 1 ]
               - [ 29, 35, 1 ]
               - [ 28, 11, 1 ]
               - [ 4, 28, 2 ]
               - [ 10, 22, 2 ]
               - [ 7, 51, 5 ]
               - [ 13, 9, 1 ]
               - [ 24, 6, 2 ]
               - [ 31, 30, 1 ]
               - [ 22, 42, 2 ]
               - [ 27, 16, 0 ]
               - [ 19, 4, 0 ]
   -
      template_id: 4
      templates:
         -
            width: 63
            height: 106
            tl_x: 110
            tl_y: 100
            pyramid_level: 0
            features:
               - [ 35, 98, 1 ]
               - [ 49, 81, 2 ]
               - [ 57, 71, 1 ]
               - [ 61, 58, 0 ]
               - [ 63, 47, 0 ]
               - [ 52, 19, 1 ]
               - [ 32, 16, 0 ]
               - [ 25, 7, 1 ]
               - [ 6, 99, 6 ]
               - [ 21, 32, 0 ]
               - [ 2, 72, 1 ]
               - [ 9, 56, 2 ]
               - [ 22, 17, 0 ]
               - [ 19, 106, 4 ]
               - [ 1, 85, 0 ]
               - [ 52, 39, 7 ]
               - [ 44, 11, 2 ]
               - [ 21, 44, 2 ]
               - [ 40, 90, 2 ]
               - [ 32, 1, 0 ]
         -
            width: 31
            height: 53
            tl_x: 55
            tl_y: 50
            pyramid_level: 1
            features:
               - [ 29, 34, 1 ]
               - [ 1, 36, 1 ]
               - [ 24, 41, 2 ]
               - [ 18, 48, 1 ]
               - [ 26, 10, 1 ]
               - [ 7, 25, 2 ]
               - [ 11, 9, 0 ]
               - [ 6, 52, 5 ]
               - [ 26, 19, 7 ]
               - [ 31, 27, 1 ]
   -
      template_id: 5
      templates:
         -
            width: 58
            height: 104
            tl_x: 114
            tl_y: 102
            pyramid_level: 0
            features:
               - [ 35, 95, 1 ]
               - [ 47, 78, 2 ]
               - [ 45, 16, 0 ]
               - [ 17, 6, 1 ]
               - [ 58, 49, 0 ]
               - [ 15, 29, 0 ]
               - [ 56, 62, 1 ]
               - [ 40, 86, 2 ]
               - [ 31, 15, 1 ]
               - [ 0, 71, 0 ]
               - [ 15, 18, 0 ]
               - [ 12, 103, 5 ]
               - [ 5, 57, 1 ]
               - [ 45, 29, 0 ]
               - [ 12, 47, 2 ]
               - [ 0, 85, 0 ]
               - [ 40, 5, 3 ]
               - [ 52, 39, 4 ]
               - [ 5, 97, 6 ]
               - [ 24, 0, 0 ]
         -
            width: 29
            height: 52
            tl_x: 57
            tl_y: 51
            pyramid_level: 1
            features:
               - [ 27, 34, 1 ]
               - [ 29, 25, 0 ]
               - [ 0, 36, 0 ]
               - [ 20, 43, 2 ]
               - [ 5, 25, 2 ]
               - [ 8, 52, 4 ]
               - [ 8, 5, 1 ]
               - [ 23, 7, 0 ]
               - [ 23, 16, 7 ]
               - [ 7, 11, 0 ]
   -
      template_id: 6
      templates:
         -
            width: 56
            height: 101
            tl_x: 116
            tl_y: 106
