%YAML:1.0
---
class_id: "back0warp129.png"
pyramid_levels: 2
template_pyramids:
   -
      template_id: 0
      templates:
         -
            width: 90
            height: 88
            tl_x: 100
            tl_y: 100
            pyramid_level: 0
            features:
               - [ 62, 88, 5 ]
               - [ 35, 83, 5 ]
               - [ 74, 26, 5 ]
               - [ 51, 14, 1 ]
               - [ 27, 12, 5 ]
               - [ 8, 56, 7 ]
               - [ 51, 84, 5 ]
               - [ 88, 46, 2 ]
               - [ 86, 70, 6 ]
               - [ 21, 73, 6 ]
               - [ 90, 35, 6 ]
               - [ 82, 87, 2 ]
               - [ 1, 37, 0 ]
               - [ 14, 65, 6 ]
               - [ 68, 1, 4 ]
               - [ 13, 12, 3 ]
               - [ 5, 18, 2 ]
               - [ 72, 14, 2 ]
               - [ 53, 24, 5 ]
               - [ 1, 28, 0 ]
               - [ 59, 4, 3 ]
         -
            width: 45
            height: 44
            tl_x: 50
            tl_y: 50
            pyramid_level: 1
            features:
               - [ 31, 44, 5 ]
               - [ 2, 24, 7 ]
               - [ 10, 36, 6 ]
               - [ 16, 7, 5 ]
               - [ 37, 13, 5 ]
               - [ 43, 35, 6 ]
               - [ 2, 10, 1 ]
               - [ 26, 6, 1 ]
               - [ 43, 24, 2 ]
               - [ 43, 42, 2 ]
               - [ 32, 1, 3 ]
   -
      template_id: 1
      templates:
         -
            width: 89
            height: 90
            tl_x: 102
            tl_y: 98
            pyramid_level: 0
            features:
               - [ 37, 86, 4 ]
               - [ 47, 14, 1 ]
               - [ 67, 25, 4 ]
               - [ 68, 90, 5 ]
               - [ 23, 16, 4 ]
               - [ 6, 60, 7 ]
               - [ 89, 36, 6 ]
               - [ 24, 79, 6 ]
               - [ 55, 86, 4 ]
               - [ 0, 48, 7 ]
               - [ 87, 70, 6 ]
               - [ 83, 48, 1 ]
               - [ 81, 88, 2 ]
               - [ 9, 17, 3 ]
               - [ 67, 1, 5 ]
               - [ 0, 25, 1 ]
               - [ 68, 13, 1 ]
               - [ 54, 26, 4 ]
               - [ 80, 29, 5 ]
               - [ 81, 60, 7 ]
               - [ 56, 3, 3 ]
         -
            width: 44
            height: 45
            tl_x: 51
            tl_y: 49
            pyramid_level: 1
            features:
               - [ 36, 13, 5 ]
               - [ 31, 44, 5 ]
               - [ 11, 8, 4 ]
               - [ 9, 37, 6 ]
               - [ 0, 24, 7 ]
               - [ 41, 25, 1 ]
               - [ 43, 42, 2 ]
               - [ 30, 1, 3 ]
               - [ 0, 13, 1 ]
               - [ 21, 43, 4 ]
   -
      template_id: 2
      templates:
         -
            width: 92
            height: 85
            tl_x: 100
            tl_y: 100
            pyramid_level: 0
            features:
               - [ 54, 83, 4 ]
               - [ 46, 12, 1 ]
               - [ 70, 85, 5 ]
               - [ 91, 64, 6 ]
               - [ 74, 22, 4 ]
               - [ 90, 30, 6 ]
               - [ 39, 84, 5 ]
               - [ 26, 77, 5 ]
               - [ 84, 45, 1 ]
               - [ 63, 15, 2 ]
               - [ 22, 16, 4 ]
               - [ 90, 79, 2 ]
               - [ 9, 61, 6 ]
               - [ 1, 47, 7 ]
               - [ 35, 19, 5 ]
               - [ 68, 2, 0 ]
               - [ 11, 17, 3 ]
               - [ 1, 25, 1 ]
               - [ 55, 0, 3 ]
               - [ 84, 55, 7 ]
               - [ 18, 71, 6 ]
         -
            width: 46
            height: 42
            tl_x: 50
            tl_y: 50
            pyramid_level: 1
            features:
               - [ 24, 42, 4 ]
               - [ 11, 8, 4 ]
               - [ 14, 39, 5 ]
               - [ 5, 31, 6 ]
               - [ 36, 11, 4 ]
               - [ 42, 23, 1 ]
               - [ 46, 38, 2 ]
               - [ 0, 14, 1 ]
               - [ 23, 6, 1 ]
               - [ 33, 42, 5 ]
   -
      template_id: 3
      templates:
         -
            width: 95
            height: 84
            tl_x: 98
            tl_y: 100
            pyramid_level: 0
            features:
               - [ 56, 83, 3 ]
               - [ 42, 84, 5 ]
               - [ 45, 17, 7 ]
               - [ 77, 83, 4 ]
               - [ 90, 26, 6 ]
               - [ 14, 66, 6 ]
               - [ 86, 41, 1 ]
               - [ 94, 60, 5 ]
               - [ 95, 75, 2 ]
               - [ 64, 20, 4 ]
               - [ 80, 21, 5 ]
               - [ 3, 51, 7 ]
               - [ 27, 19, 4 ]
               - [ 30, 78, 5 ]
               - [ 0, 39, 0 ]
               - [ 66, 0, 0 ]
               - [ 15, 19, 3 ]
               - [ 50, 2, 2 ]
               - [ 4, 25, 2 ]
               - [ 53, 23, 3 ]
         -
            width: 47
            height: 42
            tl_x: 49
            tl_y: 50
            pyramid_level: 1
            features:
               - [ 19, 41, 5 ]
               - [ 31, 41, 4 ]
               - [ 7, 33, 6 ]
               - [ 36, 10, 4 ]
               - [ 47, 38, 2 ]
               - [ 17, 10, 4 ]
               - [ 43, 21, 1 ]
               - [ 4, 11, 3 ]
               - [ 25, 1, 2 ]
               - [ 47, 30, 6 ]
               - [ 0, 19, 0 ]
   -
      template_id: 4
      templates:
         -
            width: 96
            height: 90
            tl_x: 98
            tl_y: 94
            pyramid_level: 0
            features:
               - [ 58, 89, 3 ]
               - [ 16, 75, 6 ]
               - [ 87, 28, 5 ]
               - [ 86, 42, 1 ]
               - [ 44, 90, 5 ]
               - [ 95, 62, 5 ]
               - [ 68, 24, 4 ]
               - [ 18, 27, 4 ]
               - [ 42, 20, 0 ]
               - [ 31, 85, 5 ]
               - [ 96, 79, 2 ]
               - [ 5, 63, 6 ]
               - [ 76, 86, 4 ]
               - [ 58, 1, 4 ]
               - [ 0, 40, 1 ]
               - [ 47, 7, 2 ]
               - [ 50, 29, 3 ]
               - [ 0, 51, 7 ]
               - [ 7, 31, 2 ]
               - [ 28, 27, 4 ]
               - [ 60, 18, 2 ]
         -
            width: 48
            height: 45
            tl_x: 49
            tl_y: 47
            pyramid_level: 1
            features:
               - [ 30, 44, 3 ]
               - [ 19, 44, 5 ]
               - [ 35, 12, 4 ]
               - [ 10, 39, 6 ]
               - [ 46, 30, 6 ]
               - [ 7, 14, 3 ]
               - [ 44, 19, 1 ]
               - [ 17, 14, 4 ]
               - [ 26, 2, 3 ]
               - [ 3, 32, 6 ]
               - [ 0, 21, 0 ]
   -
      template_id: 5
      templates:
         -
            width: 100
            height: 86
            tl_x: 98
            tl_y: 98
            pyramid_level: 0
            features:
               - [ 61, 84, 3 ]
               - [ 40, 20, 7 ]
               - [ 80, 80, 4 ]
               - [ 85, 21, 5 ]
               - [ 42, 85, 5 ]
               - [ 20, 75, 5 ]
               - [ 63, 19, 4 ]
               - [ 96, 54, 5 ]
               - [ 15, 26, 4 ]
               - [ 85, 35, 1 ]
               - [ 100, 67, 1 ]
               - [ 26, 25, 4 ]
               - [ 5, 61, 7 ]
               - [ 87, 47, 7 ]
               - [ 58, 0, 7 ]
               - [ 0, 51, 7 ]
               - [ 47, 0, 2 ]
               - [ 0, 38, 1 ]
               - [ 75, 18, 4 ]
               - [ 40, 10, 1 ]
         -
            width: 50
            height: 43
            tl_x: 49
            tl_y: 49
            pyramid_level: 1
            features:
               - [ 40, 40, 4 ]
               - [ 23, 43, 5 ]
               - [ 43, 16, 1 ]
               - [ 36, 9, 4 ]
               - [ 8, 13, 4 ]
               - [ 8, 36, 6 ]
               - [ 48, 27, 5 ]
               - [ 20, 5, 1 ]
               - [ 0, 19, 1 ]
               - [ 29, 5, 1 ]
               - [ 16, 13, 4 ]
   -
      template_id: 6
      templates:
         -
            width: 103
