%YAML:1.0
---
class_id: "back0warp96.png"
pyramid_levels: 2
template_pyramids:
   -
      template_id: 0
      templates:
         -
            width: 62
            height: 106
            tl_x: 100
            tl_y: 104
            pyramid_level: 0
            features:
               - [ 43, 106, 5 ]
               - [ 59, 98, 1 ]
               - [ 61, 33, 7 ]
               - [ 59, 48, 1 ]
               - [ 9, 87, 7 ]
               - [ 58, 70, 7 ]
               - [ 5, 77, 7 ]
               - [ 1, 34, 0 ]
               - [ 38, 9, 1 ]
               - [ 50, 11, 1 ]
               - [ 18, 102, 6 ]
               - [ 50, 23, 5 ]
               - [ 32, 18, 6 ]
               - [ 23, 12, 5 ]
               - [ 1, 58, 0 ]
               - [ 52, 1, 0 ]
               - [ 6, 18, 1 ]
               - [ 57, 57, 0 ]
               - [ 42, 0, 2 ]
               - [ 35, 105, 3 ]
               - [ 62, 90, 1 ]
               - [ 55, 106, 2 ]
               - [ 13, 95, 7 ]
               - [ 2, 66, 0 ]
               - [ 15, 11, 3 ]
         -
            width: 31
            height: 53
            tl_x: 50
            tl_y: 52
            pyramid_level: 1
            features:
               - [ 29, 35, 7 ]
               - [ 30, 48, 1 ]
               - [ 2, 37, 7 ]
               - [ 13, 7, 5 ]
               - [ 30, 23, 1 ]
               - [ 25, 5, 1 ]
               - [ 21, 53, 5 ]
               - [ 1, 14, 1 ]
               - [ 7, 48, 7 ]
               - [ 29, 14, 6 ]
   -
      template_id: 1
      templates:
         -
            width: 64
            height: 104
            tl_x: 100
            tl_y: 106
            pyramid_level: 0
            features:
               - [ 59, 28, 7 ]
               - [ 12, 87, 7 ]
               - [ 6, 74, 7 ]
               - [ 63, 93, 1 ]
               - [ 48, 103, 5 ]
               - [ 62, 71, 7 ]
               - [ 47, 0, 0 ]
               - [ 34, 7, 0 ]
               - [ 58, 60, 0 ]
               - [ 19, 97, 6 ]
               - [ 43, 14, 2 ]
               - [ 19, 11, 5 ]
               - [ 58, 47, 0 ]
               - [ 36, 104, 3 ]
               - [ 61, 37, 1 ]
               - [ 0, 28, 0 ]
               - [ 52, 21, 5 ]
               - [ 2, 62, 7 ]
               - [ 5, 15, 2 ]
               - [ 27, 15, 5 ]
         -
            width: 32
            height: 52
            tl_x: 50
            tl_y: 53
            pyramid_level: 1
            features:
               - [ 32, 45, 1 ]
               - [ 29, 30, 0 ]
               - [ 30, 20, 1 ]
               - [ 10, 49, 6 ]
               - [ 3, 37, 7 ]
               - [ 0, 15, 0 ]
               - [ 23, 4, 1 ]
               - [ 11, 6, 5 ]
               - [ 22, 51, 4 ]
               - [ 28, 12, 6 ]
               - [ 3, 7, 2 ]
   -
      template_id: 2
      templates:
         -
            width: 69
            height: 108
            tl_x: 98
            tl_y: 102
            pyramid_level: 0
            features:
               - [ 48, 105, 3 ]
               - [ 69, 93, 1 ]
               - [ 0, 44, 0 ]
               - [ 59, 30, 6 ]
               - [ 64, 70, 7 ]
               - [ 13, 85, 7 ]
               - [ 60, 59, 7 ]
               - [ 32, 13, 0 ]
               - [ 50, 23, 5 ]
               - [ 60, 45, 0 ]
               - [ 20, 96, 6 ]
               - [ 30, 107, 6 ]
               - [ 17, 16, 5 ]
               - [ 1, 30, 1 ]
               - [ 35, 1, 1 ]
               - [ 44, 12, 1 ]
               - [ 7, 73, 7 ]
               - [ 3, 61, 7 ]
               - [ 6, 19, 2 ]
               - [ 66, 103, 1 ]
         -
            width: 34
            height: 54
            tl_x: 49
            tl_y: 51
            pyramid_level: 1
            features:
               - [ 30, 23, 0 ]
               - [ 5, 40, 7 ]
               - [ 10, 48, 6 ]
               - [ 34, 48, 1 ]
               - [ 31, 33, 7 ]
               - [ 11, 9, 5 ]
               - [ 21, 54, 3 ]
               - [ 22, 6, 1 ]
               - [ 1, 13, 1 ]
               - [ 26, 12, 5 ]
   -
      template_id: 3
      templates:
         -
            width: 74
            height: 106
            tl_x: 96
            tl_y: 102
            pyramid_level: 0
            features:
               - [ 42, 1, 0 ]
               - [ 2, 49, 0 ]
               - [ 59, 28, 6 ]
               - [ 61, 49, 0 ]
               - [ 74, 90, 0 ]
               - [ 57, 103, 4 ]
               - [ 67, 67, 7 ]
               - [ 15, 83, 7 ]
               - [ 24, 95, 6 ]
               - [ 1, 33, 0 ]
               - [ 34, 105, 6 ]
               - [ 50, 22, 5 ]
               - [ 21, 19, 5 ]
               - [ 31, 17, 7 ]
               - [ 32, 2, 1 ]
               - [ 41, 16, 1 ]
               - [ 62, 38, 1 ]
               - [ 8, 70, 7 ]
               - [ 10, 18, 3 ]
               - [ 3, 25, 1 ]
         -
            width: 37
            height: 53
            tl_x: 48
            tl_y: 51
            pyramid_level: 1
            features:
               - [ 37, 45, 0 ]
               - [ 10, 45, 6 ]
               - [ 34, 34, 6 ]
               - [ 31, 19, 0 ]
               - [ 9, 9, 5 ]
               - [ 25, 53, 3 ]
               - [ 1, 14, 1 ]
               - [ 21, 2, 0 ]
               - [ 27, 12, 5 ]
               - [ 6, 39, 7 ]
               - [ 31, 27, 7 ]
               - [ 18, 53, 6 ]
   -
      template_id: 4
      templates:
         -
            width: 79
            height: 106
            tl_x: 94
            tl_y: 102
            pyramid_level: 0
            features:
               - [ 39, 0, 7 ]
               - [ 3, 50, 7 ]
               - [ 60, 102, 3 ]
               - [ 79, 89, 0 ]
               - [ 67, 60, 7 ]
               - [ 79, 79, 0 ]
               - [ 29, 14, 0 ]
               - [ 63, 50, 0 ]
               - [ 62, 38, 0 ]
               - [ 56, 24, 6 ]
               - [ 19, 84, 6 ]
               - [ 42, 106, 6 ]
               - [ 1, 37, 0 ]
               - [ 75, 69, 6 ]
               - [ 40, 14, 1 ]
               - [ 28, 95, 6 ]
               - [ 17, 20, 5 ]
               - [ 11, 71, 7 ]
               - [ 29, 4, 1 ]
               - [ 25, 22, 5 ]
               - [ 35, 101, 6 ]
               - [ 2, 29, 1 ]
         -
            width: 39
            height: 53
            tl_x: 47
            tl_y: 51
            pyramid_level: 1
            features:
               - [ 31, 21, 0 ]
               - [ 11, 44, 6 ]
               - [ 20, 3, 0 ]
               - [ 36, 33, 6 ]
               - [ 9, 10, 4 ]
               - [ 21, 53, 5 ]
               - [ 26, 11, 5 ]
               - [ 39, 47, 1 ]
               - [ 1, 15, 1 ]
               - [ 29, 52, 2 ]
   -
      template_id: 5
      templates:
         -
            width: 82
            height: 107
            tl_x: 94
            tl_y: 102
            pyramid_level: 0
            features:
               - [ 3, 54, 7 ]
               - [ 34, 0, 7 ]
               - [ 24, 88, 6 ]
               - [ 62, 46, 7 ]
               - [ 66, 99, 3 ]
               - [ 58, 26, 6 ]
               - [ 68, 58, 6 ]
               - [ 82, 84, 0 ]
               - [ 25, 13, 0 ]
               - [ 45, 20, 4 ]
               - [ 34, 97, 6 ]
               - [ 0, 42, 0 ]
               - [ 10, 22, 4 ]
               - [ 49, 107, 5 ]
               - [ 13, 74, 7 ]
               - [ 22, 23, 5 ]
               - [ 81, 94, 1 ]
               - [ 37, 10, 0 ]
               - [ 0, 32, 1 ]
               - [ 75, 65, 6 ]
               - [ 81, 75, 0 ]
               - [ 25, 3, 1 ]
               - [ 59, 105, 2 ]
         -
            width: 41
            height: 53
            tl_x: 47
            tl_y: 51
            pyramid_level: 1
            features:
               - [ 31, 23, 7 ]
               - [ 41, 41, 0 ]
               - [ 12, 44, 6 ]
               - [ 18, 3, 7 ]
               - [ 22, 52, 5 ]
               - [ 8, 11, 4 ]
               - [ 0, 21, 0 ]
