%YAML:1.0
---
class_id: "back0warp46.png"
pyramid_levels: 2
template_pyramids:
   -
      template_id: 0
      templates:
         -
            width: 88
            height: 110
            tl_x: 100
            tl_y: 104
            pyramid_level: 0
            features:
               - [ 77, 45, 7 ]
               - [ 49, 16, 1 ]
               - [ 66, 16, 3 ]
               - [ 59, 0, 2 ]
               - [ 8, 42, 1 ]
               - [ 30, 24, 3 ]
               - [ 88, 68, 1 ]
               - [ 48, 102, 3 ]
               - [ 14, 34, 2 ]
               - [ 79, 32, 1 ]
               - [ 2, 59, 1 ]
               - [ 81, 85, 1 ]
               - [ 69, 99, 3 ]
               - [ 81, 17, 5 ]
               - [ 84, 57, 6 ]
               - [ 1, 79, 0 ]
               - [ 7, 96, 7 ]
               - [ 20, 110, 6 ]
               - [ 21, 28, 2 ]
               - [ 40, 107, 2 ]
         -
            width: 44
            height: 55
            tl_x: 50
            tl_y: 52
            pyramid_level: 1
            features:
               - [ 39, 24, 7 ]
               - [ 8, 16, 2 ]
               - [ 28, 50, 4 ]
               - [ 43, 37, 1 ]
               - [ 40, 15, 1 ]
               - [ 1, 29, 1 ]
               - [ 3, 47, 7 ]
               - [ 18, 55, 2 ]
               - [ 26, 4, 1 ]
               - [ 16, 12, 4 ]
               - [ 10, 55, 6 ]
               - [ 35, 8, 4 ]
   -
      template_id: 1
      templates:
         -
            width: 87
            height: 114
            tl_x: 102
            tl_y: 102
            pyramid_level: 0
            features:
               - [ 74, 44, 7 ]
               - [ 5, 48, 1 ]
               - [ 52, 1, 2 ]
               - [ 79, 90, 1 ]
               - [ 62, 16, 3 ]
               - [ 87, 66, 1 ]
               - [ 18, 31, 2 ]
               - [ 45, 12, 1 ]
               - [ 1, 61, 0 ]
               - [ 0, 74, 0 ]
               - [ 75, 31, 1 ]
               - [ 45, 107, 2 ]
               - [ 32, 26, 4 ]
               - [ 75, 16, 5 ]
               - [ 70, 99, 3 ]
               - [ 57, 101, 4 ]
               - [ 10, 103, 6 ]
               - [ 2, 87, 7 ]
               - [ 23, 114, 5 ]
               - [ 84, 77, 1 ]
         -
            width: 43
            height: 57
            tl_x: 51
            tl_y: 51
            pyramid_level: 1
            features:
               - [ 17, 13, 4 ]
               - [ 43, 35, 1 ]
               - [ 2, 25, 1 ]
               - [ 38, 14, 1 ]
               - [ 22, 54, 2 ]
               - [ 1, 43, 7 ]
               - [ 24, 3, 1 ]
               - [ 10, 56, 5 ]
               - [ 40, 44, 1 ]
               - [ 31, 50, 4 ]
               - [ 7, 17, 2 ]
               - [ 39, 26, 6 ]
   -
      template_id: 2
      templates:
         -
            width: 87
            height: 113
            tl_x: 102
            tl_y: 106
            pyramid_level: 0
            features:
               - [ 73, 38, 7 ]
               - [ 57, 11, 3 ]
               - [ 44, 1, 1 ]
               - [ 83, 79, 1 ]
               - [ 4, 48, 1 ]
               - [ 87, 62, 0 ]
               - [ 75, 16, 1 ]
               - [ 23, 25, 3 ]
               - [ 40, 13, 0 ]
               - [ 76, 91, 2 ]
               - [ 54, 99, 3 ]
               - [ 82, 48, 5 ]
               - [ 12, 34, 2 ]
               - [ 2, 75, 0 ]
               - [ 5, 87, 7 ]
               - [ 43, 110, 2 ]
               - [ 11, 98, 7 ]
               - [ 1, 62, 0 ]
               - [ 31, 113, 5 ]
               - [ 55, 0, 0 ]
               - [ 72, 27, 0 ]
         -
            width: 43
            height: 56
            tl_x: 51
            tl_y: 53
            pyramid_level: 1
            features:
               - [ 43, 34, 1 ]
               - [ 13, 12, 3 ]
               - [ 2, 24, 1 ]
               - [ 36, 16, 0 ]
               - [ 23, 53, 2 ]
               - [ 33, 47, 3 ]
               - [ 5, 48, 7 ]
               - [ 21, 3, 1 ]
               - [ 33, 4, 4 ]
               - [ 41, 24, 5 ]
               - [ 12, 55, 5 ]
   -
      template_id: 3
      templates:
         -
            width: 86
            height: 113
            tl_x: 104
            tl_y: 106
            pyramid_level: 0
            features:
               - [ 70, 36, 7 ]
               - [ 38, 0, 1 ]
               - [ 2, 50, 1 ]
               - [ 53, 9, 3 ]
               - [ 8, 37, 2 ]
               - [ 86, 52, 0 ]
               - [ 17, 28, 3 ]
               - [ 68, 22, 0 ]
               - [ 83, 76, 1 ]
               - [ 1, 75, 0 ]
               - [ 58, 96, 2 ]
               - [ 66, 7, 5 ]
               - [ 47, 108, 1 ]
               - [ 76, 89, 2 ]
               - [ 6, 90, 7 ]
               - [ 30, 23, 3 ]
               - [ 15, 103, 6 ]
               - [ 32, 113, 5 ]
               - [ 35, 11, 0 ]
               - [ 85, 65, 0 ]
         -
            width: 43
            height: 56
            tl_x: 52
            tl_y: 53
            pyramid_level: 1
            features:
               - [ 34, 11, 0 ]
               - [ 1, 25, 1 ]
               - [ 42, 35, 0 ]
               - [ 13, 12, 3 ]
               - [ 25, 52, 2 ]
               - [ 3, 45, 7 ]
               - [ 19, 0, 1 ]
               - [ 39, 22, 5 ]
               - [ 11, 54, 5 ]
               - [ 37, 45, 3 ]
   -
      template_id: 4
      templates:
         -
            width: 86
            height: 114
            tl_x: 104
            tl_y: 104
            pyramid_level: 0
            features:
               - [ 68, 35, 7 ]
               - [ 2, 55, 0 ]
               - [ 4, 83, 7 ]
               - [ 15, 32, 3 ]
               - [ 34, 1, 1 ]
               - [ 85, 73, 0 ]
               - [ 61, 97, 2 ]
               - [ 86, 57, 0 ]
               - [ 48, 11, 3 ]
               - [ 66, 14, 1 ]
               - [ 49, 113, 2 ]
               - [ 31, 14, 0 ]
               - [ 80, 87, 2 ]
               - [ 81, 44, 4 ]
               - [ 1, 68, 0 ]
               - [ 20, 107, 6 ]
               - [ 32, 114, 5 ]
               - [ 6, 43, 1 ]
               - [ 9, 94, 7 ]
               - [ 28, 26, 3 ]
         -
            width: 43
            height: 57
            tl_x: 52
            tl_y: 52
            pyramid_level: 1
            features:
               - [ 1, 37, 0 ]
               - [ 43, 28, 0 ]
               - [ 2, 24, 1 ]
               - [ 33, 15, 7 ]
               - [ 27, 53, 1 ]
               - [ 37, 45, 3 ]
               - [ 16, 3, 1 ]
               - [ 12, 55, 5 ]
               - [ 9, 15, 3 ]
               - [ 27, 4, 3 ]
   -
      template_id: 5
      templates:
         -
            width: 84
            height: 116
            tl_x: 106
            tl_y: 104
            pyramid_level: 0
            features:
               - [ 65, 34, 6 ]
               - [ 44, 9, 2 ]
               - [ 4, 85, 7 ]
               - [ 26, 17, 0 ]
               - [ 1, 74, 7 ]
               - [ 83, 47, 7 ]
               - [ 0, 60, 0 ]
               - [ 28, 0, 1 ]
               - [ 16, 31, 3 ]
               - [ 60, 20, 0 ]
               - [ 3, 46, 1 ]
               - [ 83, 78, 1 ]
               - [ 62, 96, 2 ]
               - [ 54, 109, 1 ]
               - [ 10, 96, 6 ]
               - [ 75, 87, 3 ]
               - [ 23, 109, 6 ]
               - [ 58, 6, 5 ]
               - [ 42, 116, 4 ]
               - [ 74, 40, 5 ]
               - [ 84, 68, 0 ]
         -
            width: 42
            height: 58
            tl_x: 53
            tl_y: 52
            pyramid_level: 1
            features:
               - [ 42, 28, 0 ]
               - [ 1, 25, 1 ]
               - [ 1, 39, 7 ]
               - [ 30, 9, 0 ]
               - [ 7, 16, 3 ]
               - [ 13, 4, 0 ]
               - [ 31, 48, 2 ]
               - [ 11, 54, 6 ]
               - [ 42, 37, 0 ]
               - [ 37, 20, 5 ]
   -
      template_id: 6
      templates:
         -
            width: 85
            height: 115
