%YAML:1.0
---
class_id: "back0warp92.png"
pyramid_levels: 2
template_pyramids:
   -
      template_id: 0
      templates:
         -
            width: 93
            height: 108
            tl_x: 100
            tl_y: 106
            pyramid_level: 0
            features:
               - [ 61, 108, 5 ]
               - [ 53, 11, 1 ]
               - [ 75, 2, 1 ]
               - [ 44, 108, 3 ]
               - [ 81, 108, 2 ]
               - [ 2, 70, 7 ]
               - [ 93, 92, 1 ]
               - [ 89, 26, 6 ]
               - [ 22, 103, 6 ]
               - [ 1, 43, 1 ]
               - [ 18, 20, 3 ]
               - [ 90, 75, 6 ]
               - [ 39, 20, 5 ]
               - [ 66, 17, 2 ]
               - [ 7, 29, 1 ]
               - [ 85, 55, 0 ]
               - [ 91, 42, 2 ]
               - [ 11, 90, 7 ]
               - [ 60, 0, 2 ]
               - [ 55, 25, 4 ]
         -
            width: 46
            height: 54
            tl_x: 50
            tl_y: 53
            pyramid_level: 1
            features:
               - [ 1, 20, 1 ]
               - [ 1, 35, 7 ]
               - [ 37, 3, 1 ]
               - [ 30, 54, 5 ]
               - [ 46, 47, 1 ]
               - [ 19, 10, 5 ]
               - [ 13, 53, 6 ]
               - [ 43, 26, 1 ]
               - [ 44, 13, 5 ]
               - [ 9, 10, 3 ]
               - [ 27, 4, 1 ]
               - [ 44, 36, 7 ]
   -
      template_id: 1
      templates:
         -
            width: 98
            height: 113
            tl_x: 100
            tl_y: 102
            pyramid_level: 0
            features:
               - [ 98, 88, 1 ]
               - [ 62, 110, 4 ]
               - [ 69, 10, 1 ]
               - [ 49, 112, 3 ]
               - [ 5, 81, 7 ]
               - [ 1, 48, 1 ]
               - [ 32, 113, 6 ]
               - [ 35, 25, 4 ]
               - [ 50, 12, 1 ]
               - [ 86, 109, 2 ]
               - [ 69, 24, 4 ]
               - [ 92, 31, 6 ]
               - [ 13, 28, 2 ]
               - [ 59, 0, 3 ]
               - [ 85, 56, 0 ]
               - [ 1, 68, 0 ]
               - [ 12, 94, 6 ]
               - [ 55, 28, 3 ]
               - [ 93, 99, 1 ]
               - [ 87, 68, 7 ]
         -
            width: 49
            height: 56
            tl_x: 50
            tl_y: 51
            pyramid_level: 1
            features:
               - [ 14, 55, 6 ]
               - [ 29, 55, 4 ]
               - [ 2, 39, 7 ]
               - [ 35, 3, 0 ]
               - [ 12, 12, 4 ]
               - [ 1, 22, 1 ]
               - [ 46, 50, 1 ]
               - [ 44, 23, 1 ]
               - [ 44, 35, 7 ]
               - [ 25, 7, 1 ]
   -
      template_id: 2
      templates:
         -
            width: 100
            height: 117
            tl_x: 100
            tl_y: 98
            pyramid_level: 0
            features:
               - [ 62, 113, 4 ]
               - [ 35, 117, 5 ]
               - [ 66, 26, 4 ]
               - [ 66, 7, 0 ]
               - [ 45, 25, 0 ]
               - [ 100, 90, 1 ]
               - [ 6, 86, 7 ]
               - [ 85, 28, 5 ]
               - [ 1, 53, 0 ]
               - [ 6, 40, 2 ]
               - [ 31, 30, 4 ]
               - [ 50, 8, 2 ]
               - [ 97, 78, 5 ]
               - [ 23, 109, 6 ]
               - [ 92, 107, 2 ]
               - [ 87, 46, 1 ]
               - [ 88, 69, 7 ]
               - [ 85, 56, 0 ]
               - [ 14, 99, 6 ]
               - [ 22, 30, 4 ]
               - [ 59, 0, 3 ]
               - [ 51, 32, 3 ]
         -
            width: 50
            height: 58
            tl_x: 50
            tl_y: 49
            pyramid_level: 1
            features:
               - [ 29, 57, 3 ]
               - [ 50, 45, 1 ]
               - [ 16, 15, 4 ]
               - [ 15, 57, 5 ]
               - [ 4, 45, 7 ]
               - [ 2, 22, 1 ]
               - [ 40, 13, 5 ]
               - [ 43, 25, 1 ]
               - [ 25, 4, 2 ]
               - [ 8, 16, 3 ]
               - [ 33, 4, 0 ]
   -
      template_id: 3
      templates:
         -
            width: 103
            height: 116
            tl_x: 100
            tl_y: 100
            pyramid_level: 0
            features:
               - [ 65, 110, 3 ]
               - [ 40, 116, 5 ]
               - [ 103, 80, 0 ]
               - [ 42, 22, 0 ]
               - [ 61, 1, 0 ]
               - [ 9, 89, 7 ]
               - [ 77, 109, 4 ]
               - [ 82, 23, 5 ]
               - [ 65, 22, 3 ]
               - [ 94, 104, 2 ]
               - [ 28, 30, 4 ]
               - [ 1, 51, 0 ]
               - [ 44, 9, 1 ]
               - [ 1, 66, 0 ]
               - [ 94, 69, 5 ]
               - [ 29, 110, 5 ]
               - [ 13, 33, 3 ]
               - [ 85, 43, 1 ]
               - [ 86, 58, 7 ]
               - [ 60, 12, 1 ]
               - [ 100, 91, 1 ]
         -
            width: 51
            height: 58
            tl_x: 50
            tl_y: 50
            pyramid_level: 1
            features:
               - [ 51, 42, 1 ]
               - [ 18, 57, 5 ]
               - [ 33, 55, 3 ]
               - [ 13, 15, 4 ]
               - [ 1, 24, 1 ]
               - [ 8, 49, 6 ]
               - [ 33, 11, 4 ]
               - [ 43, 20, 1 ]
               - [ 23, 3, 1 ]
               - [ 44, 31, 7 ]
   -
      template_id: 4
      templates:
         -
            width: 104
            height: 117
            tl_x: 100
            tl_y: 100
            pyramid_level: 0
            features:
               - [ 70, 108, 3 ]
               - [ 46, 117, 5 ]
               - [ 39, 24, 7 ]
               - [ 104, 79, 0 ]
               - [ 56, 0, 7 ]
               - [ 61, 21, 3 ]
               - [ 97, 101, 2 ]
               - [ 82, 106, 4 ]
               - [ 11, 91, 6 ]
               - [ 78, 20, 5 ]
               - [ 1, 67, 0 ]
               - [ 39, 12, 1 ]
               - [ 3, 46, 1 ]
               - [ 93, 64, 5 ]
               - [ 25, 32, 4 ]
               - [ 31, 110, 5 ]
               - [ 84, 37, 0 ]
               - [ 20, 101, 6 ]
               - [ 84, 50, 0 ]
               - [ 56, 11, 0 ]
         -
            width: 52
            height: 58
            tl_x: 50
            tl_y: 50
            pyramid_level: 1
            features:
               - [ 22, 58, 5 ]
               - [ 6, 46, 6 ]
               - [ 52, 40, 0 ]
               - [ 36, 54, 3 ]
               - [ 28, 5, 0 ]
               - [ 39, 10, 5 ]
               - [ 0, 30, 0 ]
               - [ 12, 16, 4 ]
               - [ 42, 24, 0 ]
               - [ 3, 21, 2 ]
               - [ 19, 9, 0 ]
   -
      template_id: 5
      templates:
         -
            width: 106
            height: 117
            tl_x: 100
            tl_y: 100
            pyramid_level: 0
            features:
               - [ 51, 117, 5 ]
               - [ 81, 104, 4 ]
               - [ 36, 24, 7 ]
               - [ 51, 0, 7 ]
               - [ 70, 109, 2 ]
               - [ 58, 20, 3 ]
               - [ 106, 71, 0 ]
               - [ 23, 34, 3 ]
               - [ 101, 96, 1 ]
               - [ 76, 18, 5 ]
               - [ 95, 61, 5 ]
               - [ 1, 68, 7 ]
               - [ 6, 43, 2 ]
               - [ 14, 94, 6 ]
               - [ 36, 9, 1 ]
               - [ 1, 54, 0 ]
               - [ 37, 112, 5 ]
               - [ 82, 33, 0 ]
               - [ 83, 47, 7 ]
               - [ 105, 82, 0 ]
               - [ 22, 102, 6 ]
         -
            width: 53
            height: 58
            tl_x: 50
            tl_y: 50
            pyramid_level: 1
            features:
               - [ 24, 58, 5 ]
               - [ 26, 4, 0 ]
               - [ 40, 52, 3 ]
               - [ 7, 47, 6 ]
               - [ 53, 37, 0 ]
               - [ 11, 17, 3 ]
               - [ 41, 17, 0 ]
               - [ 2, 23, 1 ]
               - [ 51, 47, 1 ]
               - [ 43, 26, 7 ]
               - [ 18, 11, 7 ]
   -
