%YAML:1.0
---
class_id: "back0warp90.png"
pyramid_levels: 2
template_pyramids:
   -
      template_id: 0
      templates:
         -
            width: 95
            height: 115
            tl_x: 100
            tl_y: 102
            pyramid_level: 0
            features:
               - [ 55, 114, 5 ]
               - [ 50, 21, 1 ]
               - [ 42, 115, 3 ]
               - [ 84, 66, 7 ]
               - [ 80, 115, 3 ]
               - [ 7, 40, 1 ]
               - [ 1, 60, 0 ]
               - [ 18, 107, 6 ]
               - [ 65, 1, 3 ]
               - [ 65, 22, 2 ]
               - [ 89, 105, 2 ]
               - [ 95, 41, 2 ]
               - [ 23, 28, 3 ]
               - [ 2, 76, 0 ]
               - [ 92, 82, 6 ]
               - [ 7, 91, 7 ]
               - [ 83, 27, 5 ]
               - [ 55, 10, 1 ]
               - [ 86, 54, 1 ]
               - [ 72, 12, 1 ]
               - [ 40, 29, 4 ]
         -
            width: 47
            height: 57
            tl_x: 50
            tl_y: 51
            pyramid_level: 1
            features:
               - [ 23, 57, 4 ]
               - [ 44, 53, 2 ]
               - [ 26, 8, 1 ]
               - [ 2, 23, 1 ]
               - [ 12, 14, 4 ]
               - [ 1, 38, 0 ]
               - [ 42, 33, 0 ]
               - [ 6, 50, 7 ]
               - [ 38, 13, 4 ]
               - [ 46, 22, 2 ]
   -
      template_id: 1
      templates:
         -
            width: 96
            height: 116
            tl_x: 100
            tl_y: 102
            pyramid_level: 0
            features:
               - [ 51, 114, 3 ]
               - [ 64, 114, 4 ]
               - [ 85, 112, 2 ]
               - [ 1, 68, 0 ]
               - [ 23, 30, 4 ]
               - [ 86, 68, 7 ]
               - [ 47, 21, 1 ]
               - [ 4, 47, 1 ]
               - [ 30, 116, 6 ]
               - [ 71, 24, 4 ]
               - [ 19, 107, 6 ]
               - [ 92, 30, 6 ]
               - [ 60, 0, 2 ]
               - [ 96, 80, 5 ]
               - [ 94, 99, 1 ]
               - [ 85, 54, 0 ]
               - [ 37, 30, 4 ]
               - [ 4, 82, 7 ]
               - [ 68, 10, 1 ]
               - [ 9, 93, 7 ]
         -
            width: 48
            height: 58
            tl_x: 50
            tl_y: 51
            pyramid_level: 1
            features:
               - [ 32, 57, 4 ]
               - [ 2, 24, 1 ]
               - [ 24, 8, 1 ]
               - [ 12, 15, 4 ]
               - [ 45, 53, 2 ]
               - [ 14, 57, 6 ]
               - [ 2, 41, 7 ]
               - [ 43, 34, 7 ]
               - [ 45, 21, 1 ]
               - [ 36, 12, 4 ]
   -
      template_id: 2
      templates:
         -
            width: 98
            height: 116
            tl_x: 102
            tl_y: 100
            pyramid_level: 0
            features:
               - [ 53, 116, 3 ]
               - [ 0, 73, 0 ]
               - [ 42, 21, 0 ]
               - [ 63, 25, 3 ]
               - [ 25, 114, 6 ]
               - [ 19, 34, 3 ]
               - [ 91, 106, 1 ]
               - [ 84, 65, 7 ]
               - [ 2, 51, 1 ]
               - [ 53, 1, 2 ]
               - [ 87, 28, 6 ]
               - [ 4, 87, 7 ]
               - [ 98, 91, 1 ]
               - [ 33, 33, 4 ]
               - [ 61, 13, 1 ]
               - [ 10, 98, 6 ]
               - [ 83, 50, 0 ]
               - [ 93, 76, 5 ]
               - [ 48, 33, 3 ]
               - [ 87, 39, 1 ]
         -
            width: 49
            height: 58
            tl_x: 51
            tl_y: 50
            pyramid_level: 1
            features:
               - [ 32, 57, 4 ]
               - [ 1, 26, 1 ]
               - [ 46, 52, 1 ]
               - [ 10, 17, 3 ]
               - [ 21, 10, 0 ]
               - [ 14, 58, 5 ]
               - [ 34, 12, 4 ]
               - [ 41, 28, 0 ]
               - [ 5, 49, 6 ]
               - [ 26, 1, 2 ]
   -
      template_id: 3
      templates:
         -
            width: 101
            height: 119
            tl_x: 102
            tl_y: 100
            pyramid_level: 0
            features:
               - [ 2, 79, 7 ]
               - [ 64, 113, 3 ]
               - [ 84, 61, 7 ]
               - [ 39, 28, 7 ]
               - [ 19, 36, 3 ]
               - [ 60, 24, 3 ]
               - [ 94, 104, 1 ]
               - [ 30, 116, 5 ]
               - [ 1, 57, 0 ]
               - [ 52, 119, 2 ]
               - [ 83, 24, 5 ]
               - [ 41, 11, 1 ]
               - [ 57, 0, 0 ]
               - [ 101, 85, 1 ]
               - [ 96, 73, 5 ]
               - [ 6, 45, 2 ]
               - [ 82, 46, 0 ]
               - [ 9, 95, 7 ]
               - [ 57, 11, 0 ]
               - [ 71, 21, 4 ]
         -
            width: 50
            height: 59
            tl_x: 51
            tl_y: 50
            pyramid_level: 1
            features:
               - [ 10, 18, 3 ]
               - [ 17, 59, 5 ]
               - [ 49, 47, 1 ]
               - [ 30, 57, 3 ]
               - [ 20, 7, 1 ]
               - [ 33, 11, 3 ]
               - [ 0, 33, 0 ]
               - [ 42, 19, 1 ]
               - [ 5, 48, 7 ]
               - [ 42, 30, 7 ]
   -
      template_id: 4
      templates:
         -
            width: 101
            height: 118
            tl_x: 102
            tl_y: 100
            pyramid_level: 0
            features:
               - [ 3, 81, 7 ]
               - [ 16, 39, 3 ]
               - [ 36, 28, 7 ]
               - [ 67, 112, 3 ]
               - [ 84, 58, 7 ]
               - [ 56, 23, 3 ]
               - [ 97, 101, 1 ]
               - [ 35, 117, 5 ]
               - [ 1, 60, 0 ]
               - [ 37, 10, 1 ]
               - [ 52, 0, 7 ]
               - [ 84, 29, 1 ]
               - [ 101, 89, 1 ]
               - [ 9, 93, 7 ]
               - [ 93, 67, 5 ]
               - [ 71, 19, 4 ]
               - [ 6, 47, 2 ]
               - [ 17, 104, 6 ]
               - [ 81, 40, 0 ]
               - [ 28, 36, 4 ]
         -
            width: 50
            height: 59
            tl_x: 51
            tl_y: 50
            pyramid_level: 1
            features:
               - [ 18, 7, 1 ]
               - [ 49, 49, 1 ]
               - [ 9, 19, 3 ]
               - [ 30, 58, 2 ]
               - [ 42, 29, 7 ]
               - [ 19, 59, 5 ]
               - [ 1, 28, 1 ]
               - [ 38, 10, 5 ]
               - [ 6, 49, 6 ]
               - [ 12, 55, 6 ]
               - [ 41, 18, 1 ]
               - [ 26, 7, 1 ]
   -
      template_id: 5
      templates:
         -
            width: 103
            height: 118
            tl_x: 102
            tl_y: 100
            pyramid_level: 0
            features:
               - [ 71, 110, 3 ]
               - [ 6, 87, 7 ]
               - [ 33, 29, 7 ]
               - [ 100, 97, 1 ]
               - [ 54, 22, 3 ]
               - [ 84, 55, 7 ]
               - [ 14, 42, 3 ]
               - [ 82, 107, 3 ]
               - [ 40, 118, 5 ]
               - [ 1, 65, 0 ]
               - [ 32, 15, 0 ]
               - [ 75, 18, 5 ]
               - [ 47, 0, 7 ]
               - [ 103, 86, 0 ]
               - [ 94, 63, 5 ]
               - [ 79, 39, 0 ]
               - [ 27, 111, 5 ]
               - [ 25, 38, 3 ]
               - [ 14, 99, 6 ]
               - [ 81, 26, 1 ]
               - [ 6, 49, 1 ]
         -
            width: 51
            height: 59
            tl_x: 51
            tl_y: 50
            pyramid_level: 1
            features:
               - [ 51, 45, 1 ]
               - [ 39, 54, 3 ]
               - [ 16, 11, 0 ]
               - [ 40, 15, 1 ]
               - [ 16, 57, 5 ]
               - [ 1, 29, 1 ]
               - [ 46, 31, 5 ]
               - [ 6, 48, 6 ]
               - [ 29, 10, 3 ]
               - [ 9, 20, 3 ]
   -
      template_id: 6
      templates:
         -
            width: 104
            height: 121
            tl_x: 104
            tl_y: 100
