%YAML:1.0
---
class_id: "back0warp87.png"
pyramid_levels: 2
template_pyramids:
   -
      template_id: 0
      templates:
         -
            width: 74
            height: 118
            tl_x: 100
            tl_y: 104
            pyramid_level: 0
            features:
               - [ 33, 117, 3 ]
               - [ 2, 88, 7 ]
               - [ 37, 21, 1 ]
               - [ 4, 49, 1 ]
               - [ 65, 72, 7 ]
               - [ 67, 110, 1 ]
               - [ 44, 118, 5 ]
               - [ 13, 112, 6 ]
               - [ 55, 26, 3 ]
               - [ 42, 9, 1 ]
               - [ 1, 62, 0 ]
               - [ 74, 38, 2 ]
               - [ 18, 34, 3 ]
               - [ 53, 14, 1 ]
               - [ 67, 51, 1 ]
               - [ 31, 34, 4 ]
               - [ 56, 1, 0 ]
               - [ 74, 97, 1 ]
               - [ 69, 27, 5 ]
               - [ 70, 81, 6 ]
         -
            width: 37
            height: 59
            tl_x: 50
            tl_y: 52
            pyramid_level: 1
            features:
               - [ 2, 25, 1 ]
               - [ 2, 47, 7 ]
               - [ 34, 54, 1 ]
               - [ 33, 27, 1 ]
               - [ 22, 59, 5 ]
               - [ 26, 8, 1 ]
               - [ 33, 37, 7 ]
               - [ 10, 17, 4 ]
               - [ 8, 58, 6 ]
               - [ 33, 13, 5 ]
   -
      template_id: 1
      templates:
         -
            width: 78
            height: 118
            tl_x: 100
            tl_y: 104
            pyramid_level: 0
            features:
               - [ 66, 69, 7 ]
               - [ 5, 48, 1 ]
               - [ 33, 25, 0 ]
               - [ 74, 80, 6 ]
               - [ 5, 92, 7 ]
               - [ 36, 12, 1 ]
               - [ 40, 117, 4 ]
               - [ 1, 70, 0 ]
               - [ 72, 35, 1 ]
               - [ 20, 116, 6 ]
               - [ 49, 13, 1 ]
               - [ 15, 36, 3 ]
               - [ 73, 104, 1 ]
               - [ 11, 105, 7 ]
               - [ 52, 118, 5 ]
               - [ 51, 25, 3 ]
               - [ 67, 46, 1 ]
               - [ 51, 1, 0 ]
               - [ 65, 24, 5 ]
               - [ 2, 59, 0 ]
               - [ 78, 91, 1 ]
         -
            width: 39
            height: 59
            tl_x: 50
            tl_y: 52
            pyramid_level: 1
            features:
               - [ 1, 29, 0 ]
               - [ 3, 47, 7 ]
               - [ 37, 51, 1 ]
               - [ 19, 4, 1 ]
               - [ 33, 34, 7 ]
               - [ 18, 59, 3 ]
               - [ 35, 20, 1 ]
               - [ 8, 18, 3 ]
               - [ 28, 12, 3 ]
               - [ 9, 57, 6 ]
   -
      template_id: 2
      templates:
         -
            width: 78
            height: 115
            tl_x: 102
            tl_y: 110
            pyramid_level: 0
            features:
               - [ 0, 65, 0 ]
               - [ 45, 110, 4 ]
               - [ 1, 49, 0 ]
               - [ 65, 61, 7 ]
               - [ 6, 89, 7 ]
               - [ 6, 37, 2 ]
               - [ 28, 19, 0 ]
               - [ 17, 106, 6 ]
               - [ 68, 26, 1 ]
               - [ 74, 97, 1 ]
               - [ 46, 18, 3 ]
               - [ 31, 4, 1 ]
               - [ 74, 71, 6 ]
               - [ 27, 115, 6 ]
               - [ 44, 0, 0 ]
               - [ 19, 30, 4 ]
               - [ 63, 42, 0 ]
               - [ 78, 84, 1 ]
               - [ 2, 77, 7 ]
               - [ 68, 108, 2 ]
               - [ 61, 16, 5 ]
         -
            width: 39
            height: 57
            tl_x: 51
            tl_y: 55
            pyramid_level: 1
            features:
               - [ 25, 55, 4 ]
               - [ 5, 48, 7 ]
               - [ 1, 23, 1 ]
               - [ 33, 16, 1 ]
               - [ 16, 1, 1 ]
               - [ 10, 15, 4 ]
               - [ 37, 48, 1 ]
               - [ 33, 31, 7 ]
               - [ 12, 56, 6 ]
               - [ 26, 8, 3 ]
   -
      template_id: 3
      templates:
         -
            width: 80
            height: 120
            tl_x: 102
            tl_y: 102
            pyramid_level: 0
            features:
               - [ 50, 117, 3 ]
               - [ 1, 75, 0 ]
               - [ 66, 67, 7 ]
               - [ 9, 99, 7 ]
               - [ 27, 12, 1 ]
               - [ 38, 19, 1 ]
               - [ 1, 58, 0 ]
               - [ 78, 101, 1 ]
               - [ 26, 119, 6 ]
               - [ 5, 48, 1 ]
               - [ 4, 87, 7 ]
               - [ 74, 75, 5 ]
               - [ 25, 27, 0 ]
               - [ 16, 109, 6 ]
               - [ 65, 33, 1 ]
               - [ 32, 1, 1 ]
               - [ 62, 46, 0 ]
               - [ 20, 39, 4 ]
               - [ 58, 22, 5 ]
               - [ 47, 23, 3 ]
               - [ 80, 92, 0 ]
         -
            width: 40
            height: 60
            tl_x: 51
            tl_y: 51
            pyramid_level: 1
            features:
               - [ 31, 23, 0 ]
               - [ 5, 50, 7 ]
               - [ 13, 8, 0 ]
               - [ 39, 50, 1 ]
               - [ 2, 25, 1 ]
               - [ 14, 60, 6 ]
               - [ 26, 11, 4 ]
               - [ 35, 36, 6 ]
               - [ 27, 58, 4 ]
               - [ 0, 33, 0 ]
   -
      template_id: 4
      templates:
         -
            width: 83
            height: 120
            tl_x: 102
            tl_y: 104
            pyramid_level: 0
            features:
               - [ 54, 114, 3 ]
               - [ 3, 78, 7 ]
               - [ 67, 63, 6 ]
               - [ 1, 61, 0 ]
               - [ 11, 97, 7 ]
               - [ 23, 10, 1 ]
               - [ 35, 120, 5 ]
               - [ 34, 18, 1 ]
               - [ 62, 31, 0 ]
               - [ 22, 23, 0 ]
               - [ 81, 96, 1 ]
               - [ 25, 113, 6 ]
               - [ 4, 48, 1 ]
               - [ 21, 38, 4 ]
               - [ 83, 82, 0 ]
               - [ 34, 1, 0 ]
               - [ 61, 46, 0 ]
               - [ 47, 19, 3 ]
               - [ 76, 70, 5 ]
               - [ 59, 20, 5 ]
         -
            width: 41
            height: 60
            tl_x: 51
            tl_y: 52
            pyramid_level: 1
            features:
               - [ 1, 27, 1 ]
               - [ 12, 56, 6 ]
               - [ 11, 8, 0 ]
               - [ 38, 35, 5 ]
               - [ 31, 16, 0 ]
               - [ 24, 59, 2 ]
               - [ 40, 50, 1 ]
               - [ 31, 26, 7 ]
               - [ 22, 10, 3 ]
               - [ 6, 49, 7 ]
               - [ 7, 20, 3 ]
   -
      template_id: 5
      templates:
         -
            width: 83
            height: 117
            tl_x: 104
            tl_y: 106
            pyramid_level: 0
            features:
               - [ 3, 79, 7 ]
               - [ 57, 110, 3 ]
               - [ 14, 99, 6 ]
               - [ 65, 58, 6 ]
               - [ 1, 50, 1 ]
               - [ 17, 22, 0 ]
               - [ 76, 65, 5 ]
               - [ 0, 68, 0 ]
               - [ 37, 117, 5 ]
               - [ 82, 92, 0 ]
               - [ 24, 109, 6 ]
               - [ 29, 12, 0 ]
               - [ 37, 19, 2 ]
               - [ 58, 23, 1 ]
               - [ 19, 1, 1 ]
               - [ 7, 42, 3 ]
               - [ 83, 80, 0 ]
               - [ 58, 44, 7 ]
               - [ 49, 15, 4 ]
               - [ 57, 32, 0 ]
         -
            width: 41
            height: 58
            tl_x: 52
            tl_y: 53
            pyramid_level: 1
            features:
               - [ 0, 34, 0 ]
               - [ 14, 56, 6 ]
               - [ 41, 45, 0 ]
               - [ 26, 57, 2 ]
               - [ 37, 32, 5 ]
               - [ 29, 22, 7 ]
               - [ 1, 24, 1 ]
               - [ 9, 2, 1 ]
               - [ 21, 8, 3 ]
               - [ 29, 13, 0 ]
   -
      template_id: 6
      templates:
         -
            width: 85
            height: 115
            tl_x: 104
            tl_y: 108
            pyramid_level: 0
