%YAML:1.0
---
class_id: "back0warp59.png"
pyramid_levels: 2
template_pyramids:
   -
      template_id: 0
      templates:
         -
            width: 76
            height: 121
            tl_x: 100
            tl_y: 102
            pyramid_level: 0
            features:
               - [ 54, 1, 2 ]
               - [ 1, 64, 1 ]
               - [ 72, 34, 1 ]
               - [ 72, 92, 1 ]
               - [ 76, 80, 1 ]
               - [ 69, 57, 7 ]
               - [ 45, 15, 1 ]
               - [ 67, 102, 2 ]
               - [ 1, 85, 0 ]
               - [ 44, 110, 3 ]
               - [ 18, 30, 2 ]
               - [ 61, 20, 3 ]
               - [ 5, 100, 7 ]
               - [ 72, 23, 6 ]
               - [ 29, 121, 3 ]
               - [ 8, 42, 1 ]
               - [ 37, 26, 4 ]
               - [ 13, 113, 6 ]
               - [ 56, 108, 4 ]
               - [ 74, 66, 6 ]
               - [ 3, 54, 1 ]
         -
            width: 38
            height: 60
            tl_x: 50
            tl_y: 51
            pyramid_level: 1
            features:
               - [ 36, 17, 1 ]
               - [ 37, 43, 1 ]
               - [ 1, 29, 1 ]
               - [ 8, 16, 2 ]
               - [ 19, 57, 2 ]
               - [ 1, 45, 7 ]
               - [ 8, 58, 6 ]
               - [ 24, 4, 1 ]
               - [ 35, 30, 7 ]
               - [ 27, 54, 4 ]
               - [ 32, 10, 4 ]
   -
      template_id: 1
      templates:
         -
            width: 77
            height: 122
            tl_x: 100
            tl_y: 102
            pyramid_level: 0
            features:
               - [ 49, 0, 2 ]
               - [ 41, 15, 0 ]
               - [ 73, 94, 1 ]
               - [ 68, 36, 1 ]
               - [ 77, 80, 1 ]
               - [ 1, 71, 0 ]
               - [ 59, 18, 3 ]
               - [ 3, 86, 0 ]
               - [ 25, 27, 4 ]
               - [ 10, 38, 1 ]
               - [ 66, 105, 3 ]
               - [ 68, 52, 7 ]
               - [ 39, 118, 2 ]
               - [ 4, 52, 1 ]
               - [ 75, 63, 6 ]
               - [ 51, 108, 3 ]
               - [ 9, 103, 7 ]
               - [ 27, 122, 5 ]
               - [ 70, 21, 6 ]
               - [ 45, 26, 3 ]
         -
            width: 38
            height: 61
            tl_x: 50
            tl_y: 51
            pyramid_level: 1
            features:
               - [ 38, 42, 1 ]
               - [ 1, 32, 0 ]
               - [ 34, 26, 7 ]
               - [ 6, 18, 2 ]
               - [ 2, 45, 7 ]
               - [ 22, 3, 1 ]
               - [ 12, 60, 6 ]
               - [ 26, 54, 3 ]
               - [ 35, 15, 1 ]
               - [ 16, 13, 4 ]
   -
      template_id: 2
      templates:
         -
            width: 77
            height: 124
            tl_x: 102
            tl_y: 100
            pyramid_level: 0
            features:
               - [ 66, 54, 7 ]
               - [ 0, 75, 0 ]
               - [ 75, 88, 1 ]
               - [ 42, 1, 2 ]
               - [ 12, 35, 2 ]
               - [ 4, 94, 7 ]
               - [ 65, 30, 1 ]
               - [ 35, 18, 0 ]
               - [ 51, 19, 3 ]
               - [ 77, 75, 0 ]
               - [ 71, 100, 1 ]
               - [ 42, 120, 2 ]
               - [ 11, 108, 7 ]
               - [ 28, 29, 4 ]
               - [ 51, 110, 3 ]
               - [ 1, 60, 1 ]
               - [ 4, 48, 1 ]
               - [ 29, 124, 5 ]
               - [ 62, 19, 5 ]
               - [ 18, 117, 6 ]
         -
            width: 38
            height: 62
            tl_x: 51
            tl_y: 50
            pyramid_level: 1
            features:
               - [ 38, 41, 0 ]
               - [ 32, 18, 0 ]
               - [ 4, 20, 2 ]
               - [ 28, 54, 3 ]
               - [ 5, 53, 7 ]
               - [ 18, 6, 1 ]
               - [ 35, 30, 6 ]
               - [ 21, 60, 2 ]
               - [ 11, 60, 6 ]
               - [ 28, 9, 4 ]
   -
      template_id: 3
      templates:
         -
            width: 78
            height: 121
            tl_x: 102
            tl_y: 100
            pyramid_level: 0
            features:
               - [ 62, 42, 0 ]
               - [ 2, 81, 7 ]
               - [ 37, 0, 2 ]
               - [ 31, 18, 0 ]
               - [ 77, 84, 0 ]
               - [ 62, 28, 0 ]
               - [ 74, 98, 1 ]
               - [ 47, 18, 3 ]
               - [ 15, 33, 3 ]
               - [ 5, 45, 1 ]
               - [ 7, 97, 7 ]
               - [ 15, 110, 6 ]
               - [ 55, 109, 2 ]
               - [ 47, 119, 1 ]
               - [ 73, 59, 5 ]
               - [ 1, 62, 0 ]
               - [ 27, 121, 5 ]
               - [ 78, 73, 0 ]
               - [ 29, 29, 4 ]
               - [ 60, 18, 5 ]
               - [ 66, 104, 3 ]
         -
            width: 39
            height: 60
            tl_x: 51
            tl_y: 50
            pyramid_level: 1
            features:
               - [ 31, 15, 0 ]
               - [ 38, 45, 0 ]
               - [ 4, 20, 2 ]
               - [ 25, 57, 2 ]
               - [ 33, 26, 7 ]
               - [ 5, 51, 7 ]
               - [ 13, 60, 5 ]
               - [ 16, 5, 1 ]
               - [ 0, 34, 0 ]
               - [ 12, 15, 3 ]
   -
      template_id: 4
      templates:
         -
            width: 79
            height: 117
            tl_x: 102
            tl_y: 106
            pyramid_level: 0
            features:
               - [ 3, 76, 7 ]
               - [ 60, 33, 7 ]
               - [ 38, 0, 0 ]
               - [ 77, 88, 1 ]
               - [ 59, 19, 0 ]
               - [ 42, 12, 3 ]
               - [ 79, 73, 0 ]
               - [ 10, 93, 7 ]
               - [ 27, 13, 0 ]
               - [ 3, 43, 1 ]
               - [ 59, 101, 2 ]
               - [ 71, 49, 5 ]
               - [ 11, 30, 2 ]
               - [ 48, 117, 2 ]
               - [ 31, 115, 5 ]
               - [ 1, 60, 0 ]
               - [ 22, 25, 3 ]
               - [ 18, 104, 6 ]
               - [ 28, 2, 1 ]
               - [ 52, 9, 4 ]
               - [ 68, 96, 3 ]
         -
            width: 39
            height: 58
            tl_x: 51
            tl_y: 53
            pyramid_level: 1
            features:
               - [ 39, 42, 0 ]
               - [ 30, 17, 7 ]
               - [ 1, 24, 0 ]
               - [ 10, 13, 3 ]
               - [ 14, 1, 1 ]
               - [ 6, 48, 7 ]
               - [ 27, 54, 1 ]
               - [ 17, 58, 5 ]
               - [ 23, 5, 3 ]
               - [ 35, 24, 5 ]
   -
      template_id: 5
      templates:
         -
            width: 80
            height: 120
            tl_x: 102
            tl_y: 102
            pyramid_level: 0
            features:
               - [ 5, 83, 7 ]
               - [ 58, 36, 7 ]
               - [ 25, 1, 1 ]
               - [ 79, 64, 0 ]
               - [ 64, 46, 6 ]
               - [ 80, 86, 0 ]
               - [ 38, 16, 2 ]
               - [ 23, 16, 0 ]
               - [ 13, 99, 6 ]
               - [ 3, 47, 1 ]
               - [ 62, 104, 2 ]
               - [ 52, 13, 5 ]
               - [ 54, 119, 2 ]
               - [ 12, 34, 3 ]
               - [ 1, 61, 0 ]
               - [ 35, 119, 5 ]
               - [ 24, 29, 3 ]
               - [ 74, 96, 3 ]
               - [ 26, 113, 6 ]
               - [ 73, 51, 5 ]
               - [ 2, 71, 0 ]
         -
            width: 40
            height: 60
            tl_x: 51
            tl_y: 51
            pyramid_level: 1
            features:
               - [ 40, 37, 0 ]
               - [ 28, 13, 0 ]
               - [ 8, 16, 3 ]
               - [ 1, 25, 1 ]
               - [ 19, 60, 5 ]
               - [ 1, 36, 0 ]
               - [ 35, 25, 5 ]
               - [ 29, 56, 1 ]
               - [ 12, 3, 1 ]
               - [ 35, 49, 3 ]
               - [ 11, 55, 6 ]
   -
      template_id: 6
      templates:
         -
            width: 82
            height: 119
