%YAML:1.0
---
class_id: "back0warp101.png"
pyramid_levels: 2
template_pyramids:
   -
      template_id: 0
      templates:
         -
            width: 89
            height: 110
            tl_x: 102
            tl_y: 106
            pyramid_level: 0
            features:
               - [ 44, 20, 1 ]
               - [ 0, 80, 7 ]
               - [ 0, 51, 1 ]
               - [ 11, 34, 2 ]
               - [ 41, 108, 3 ]
               - [ 77, 61, 0 ]
               - [ 18, 107, 6 ]
               - [ 61, 110, 5 ]
               - [ 50, 7, 2 ]
               - [ 22, 29, 4 ]
               - [ 59, 19, 2 ]
               - [ 84, 41, 2 ]
               - [ 75, 105, 2 ]
               - [ 89, 84, 1 ]
               - [ 71, 22, 4 ]
               - [ 68, 1, 0 ]
               - [ 8, 96, 6 ]
               - [ 84, 25, 5 ]
               - [ 39, 30, 4 ]
               - [ 82, 96, 1 ]
               - [ 51, 29, 3 ]
         -
            width: 44
            height: 55
            tl_x: 51
            tl_y: 53
            pyramid_level: 1
            features:
               - [ 1, 23, 1 ]
               - [ 1, 43, 7 ]
               - [ 26, 54, 4 ]
               - [ 24, 5, 1 ]
               - [ 40, 24, 1 ]
               - [ 41, 48, 2 ]
               - [ 9, 15, 3 ]
               - [ 36, 11, 4 ]
               - [ 10, 54, 6 ]
               - [ 43, 38, 6 ]
   -
      template_id: 1
      templates:
         -
            width: 89
            height: 114
            tl_x: 102
            tl_y: 102
            pyramid_level: 0
            features:
               - [ 5, 93, 7 ]
               - [ 42, 21, 1 ]
               - [ 0, 59, 1 ]
               - [ 46, 112, 3 ]
               - [ 56, 22, 2 ]
               - [ 24, 114, 6 ]
               - [ 20, 35, 3 ]
               - [ 80, 105, 2 ]
               - [ 78, 64, 0 ]
               - [ 47, 9, 2 ]
               - [ 82, 43, 1 ]
               - [ 89, 90, 1 ]
               - [ 0, 79, 7 ]
               - [ 76, 24, 4 ]
               - [ 64, 112, 5 ]
               - [ 85, 75, 6 ]
               - [ 64, 1, 0 ]
               - [ 46, 34, 3 ]
               - [ 9, 41, 2 ]
               - [ 15, 107, 6 ]
               - [ 31, 34, 4 ]
         -
            width: 44
            height: 57
            tl_x: 51
            tl_y: 51
            pyramid_level: 1
            features:
               - [ 1, 43, 7 ]
               - [ 11, 56, 6 ]
               - [ 41, 51, 2 ]
               - [ 23, 56, 3 ]
               - [ 0, 30, 0 ]
               - [ 21, 10, 1 ]
               - [ 39, 27, 0 ]
               - [ 9, 18, 3 ]
               - [ 37, 12, 4 ]
               - [ 43, 38, 6 ]
   -
      template_id: 2
      templates:
         -
            width: 94
            height: 112
            tl_x: 102
            tl_y: 102
            pyramid_level: 0
            features:
               - [ 8, 96, 7 ]
               - [ 53, 111, 3 ]
               - [ 22, 111, 6 ]
               - [ 39, 19, 0 ]
               - [ 78, 59, 7 ]
               - [ 9, 43, 2 ]
               - [ 53, 21, 1 ]
               - [ 84, 102, 1 ]
               - [ 74, 110, 3 ]
               - [ 2, 55, 1 ]
               - [ 0, 71, 0 ]
               - [ 82, 37, 1 ]
               - [ 46, 4, 2 ]
               - [ 94, 79, 1 ]
               - [ 83, 25, 5 ]
               - [ 25, 36, 4 ]
               - [ 59, 0, 0 ]
               - [ 70, 21, 4 ]
               - [ 47, 32, 2 ]
               - [ 86, 71, 5 ]
               - [ 89, 92, 1 ]
               - [ 78, 48, 0 ]
               - [ 36, 35, 4 ]
         -
            width: 47
            height: 56
            tl_x: 51
            tl_y: 51
            pyramid_level: 1
            features:
               - [ 31, 55, 4 ]
               - [ 3, 46, 7 ]
               - [ 20, 8, 1 ]
               - [ 1, 28, 1 ]
               - [ 43, 49, 1 ]
               - [ 33, 11, 3 ]
               - [ 39, 24, 0 ]
               - [ 12, 56, 5 ]
               - [ 44, 36, 5 ]
               - [ 12, 18, 4 ]
   -
      template_id: 3
      templates:
         -
            width: 90
            height: 116
            tl_x: 104
            tl_y: 102
            pyramid_level: 0
            features:
               - [ 56, 110, 3 ]
               - [ 34, 29, 7 ]
               - [ 5, 91, 7 ]
               - [ 12, 102, 6 ]
               - [ 31, 116, 5 ]
               - [ 77, 58, 7 ]
               - [ 0, 77, 0 ]
               - [ 59, 21, 3 ]
               - [ 0, 58, 1 ]
               - [ 35, 14, 1 ]
               - [ 78, 34, 1 ]
               - [ 84, 101, 2 ]
               - [ 6, 46, 2 ]
               - [ 90, 88, 1 ]
               - [ 52, 0, 0 ]
               - [ 86, 68, 5 ]
               - [ 20, 38, 3 ]
               - [ 77, 21, 5 ]
               - [ 74, 108, 4 ]
               - [ 40, 3, 2 ]
               - [ 51, 12, 0 ]
         -
            width: 45
            height: 58
            tl_x: 52
            tl_y: 51
            pyramid_level: 1
            features:
               - [ 17, 10, 0 ]
               - [ 6, 51, 6 ]
               - [ 45, 44, 1 ]
               - [ 0, 30, 0 ]
               - [ 34, 54, 4 ]
               - [ 39, 17, 1 ]
               - [ 39, 30, 7 ]
               - [ 16, 58, 5 ]
               - [ 7, 20, 3 ]
               - [ 26, 3, 0 ]
   -
      template_id: 4
      templates:
         -
            width: 95
            height: 117
            tl_x: 104
            tl_y: 102
            pyramid_level: 0
            features:
               - [ 62, 108, 3 ]
               - [ 31, 28, 0 ]
               - [ 31, 16, 0 ]
               - [ 12, 100, 6 ]
               - [ 77, 55, 7 ]
               - [ 37, 117, 5 ]
               - [ 0, 69, 0 ]
               - [ 78, 105, 4 ]
               - [ 89, 95, 1 ]
               - [ 50, 23, 3 ]
               - [ 5, 50, 1 ]
               - [ 75, 33, 1 ]
               - [ 95, 70, 0 ]
               - [ 47, 0, 0 ]
               - [ 93, 82, 1 ]
               - [ 25, 38, 3 ]
               - [ 47, 12, 0 ]
               - [ 63, 17, 4 ]
               - [ 34, 6, 1 ]
               - [ 6, 91, 7 ]
               - [ 87, 64, 5 ]
               - [ 73, 18, 5 ]
               - [ 41, 32, 2 ]
         -
            width: 47
            height: 58
            tl_x: 52
            tl_y: 51
            pyramid_level: 1
            features:
               - [ 17, 58, 5 ]
               - [ 0, 32, 0 ]
               - [ 16, 6, 1 ]
               - [ 45, 46, 1 ]
               - [ 7, 51, 6 ]
               - [ 29, 55, 3 ]
               - [ 37, 22, 0 ]
               - [ 7, 21, 3 ]
               - [ 30, 9, 3 ]
               - [ 43, 32, 5 ]
   -
      template_id: 5
      templates:
         -
            width: 96
            height: 118
            tl_x: 104
            tl_y: 102
            pyramid_level: 0
            features:
               - [ 12, 98, 7 ]
               - [ 28, 26, 0 ]
               - [ 66, 106, 3 ]
               - [ 92, 91, 1 ]
               - [ 52, 19, 3 ]
               - [ 4, 54, 1 ]
               - [ 76, 51, 7 ]
               - [ 1, 72, 0 ]
               - [ 34, 115, 5 ]
               - [ 73, 30, 1 ]
               - [ 81, 102, 4 ]
               - [ 28, 13, 1 ]
               - [ 95, 77, 0 ]
               - [ 42, 0, 7 ]
               - [ 87, 60, 5 ]
               - [ 13, 44, 3 ]
               - [ 26, 39, 3 ]
               - [ 71, 16, 5 ]
               - [ 21, 107, 6 ]
               - [ 37, 34, 2 ]
         -
            width: 48
            height: 59
            tl_x: 52
            tl_y: 51
            pyramid_level: 1
            features:
               - [ 10, 53, 6 ]
               - [ 37, 13, 0 ]
               - [ 36, 52, 3 ]
               - [ 46, 45, 1 ]
               - [ 14, 7, 0 ]
               - [ 1, 38, 0 ]
               - [ 9, 21, 3 ]
               - [ 39, 27, 6 ]
               - [ 22, 59, 4 ]
               - [ 27, 9, 3 ]
