%YAML:1.0
---
class_id: "back0warp17.png"
pyramid_levels: 2
template_pyramids:
   -
      template_id: 0
      templates:
         -
            width: 95
            height: 82
            tl_x: 100
            tl_y: 100
            pyramid_level: 0
            features:
               - [ 28, 5, 5 ]
               - [ 67, 15, 5 ]
               - [ 56, 1, 3 ]
               - [ 84, 22, 6 ]
               - [ 40, 9, 5 ]
               - [ 51, 74, 5 ]
               - [ 95, 61, 6 ]
               - [ 29, 71, 5 ]
               - [ 15, 5, 3 ]
               - [ 19, 65, 6 ]
               - [ 67, 82, 5 ]
               - [ 7, 49, 7 ]
               - [ 83, 48, 7 ]
               - [ 2, 38, 7 ]
               - [ 1, 20, 1 ]
               - [ 41, 72, 4 ]
               - [ 83, 35, 1 ]
               - [ 95, 74, 2 ]
               - [ 52, 11, 4 ]
               - [ 89, 81, 2 ]
         -
            width: 47
            height: 41
            tl_x: 50
            tl_y: 50
            pyramid_level: 1
            features:
               - [ 16, 3, 5 ]
               - [ 38, 9, 5 ]
               - [ 2, 21, 7 ]
               - [ 25, 37, 5 ]
               - [ 6, 3, 3 ]
               - [ 13, 35, 5 ]
               - [ 43, 26, 6 ]
               - [ 45, 40, 2 ]
               - [ 27, 1, 3 ]
               - [ 6, 28, 6 ]
   -
      template_id: 1
      templates:
         -
            width: 99
            height: 75
            tl_x: 98
            tl_y: 102
            pyramid_level: 0
            features:
               - [ 27, 5, 4 ]
               - [ 39, 8, 5 ]
               - [ 74, 13, 5 ]
               - [ 52, 71, 4 ]
               - [ 98, 55, 5 ]
               - [ 14, 6, 3 ]
               - [ 87, 19, 5 ]
               - [ 62, 7, 3 ]
               - [ 30, 70, 5 ]
               - [ 64, 75, 5 ]
               - [ 1, 22, 0 ]
               - [ 5, 42, 7 ]
               - [ 85, 42, 7 ]
               - [ 12, 54, 6 ]
               - [ 50, 1, 2 ]
               - [ 41, 71, 4 ]
               - [ 99, 69, 1 ]
               - [ 52, 12, 4 ]
               - [ 22, 64, 6 ]
               - [ 1, 30, 0 ]
               - [ 91, 50, 6 ]
               - [ 86, 27, 2 ]
         -
            width: 49
            height: 37
            tl_x: 49
            tl_y: 51
            pyramid_level: 1
            features:
               - [ 16, 3, 5 ]
               - [ 28, 36, 5 ]
               - [ 11, 32, 6 ]
               - [ 4, 24, 7 ]
               - [ 47, 26, 6 ]
               - [ 41, 8, 5 ]
               - [ 3, 6, 2 ]
               - [ 49, 35, 1 ]
               - [ 32, 2, 1 ]
               - [ 42, 20, 7 ]
   -
      template_id: 2
      templates:
         -
            width: 100
            height: 82
            tl_x: 98
            tl_y: 98
            pyramid_level: 0
            features:
               - [ 34, 13, 4 ]
               - [ 23, 70, 6 ]
               - [ 55, 1, 3 ]
               - [ 99, 55, 5 ]
               - [ 4, 19, 2 ]
               - [ 85, 20, 5 ]
               - [ 55, 75, 4 ]
               - [ 70, 15, 4 ]
               - [ 33, 76, 4 ]
               - [ 12, 60, 6 ]
               - [ 13, 13, 3 ]
               - [ 0, 37, 7 ]
               - [ 80, 82, 4 ]
               - [ 5, 50, 7 ]
               - [ 44, 10, 1 ]
               - [ 68, 78, 5 ]
               - [ 90, 49, 6 ]
               - [ 82, 36, 0 ]
               - [ 100, 71, 1 ]
               - [ 22, 11, 4 ]
               - [ 42, 76, 3 ]
               - [ 61, 8, 2 ]
               - [ 0, 28, 1 ]
         -
            width: 50
            height: 41
            tl_x: 49
            tl_y: 49
            pyramid_level: 1
            features:
               - [ 14, 6, 4 ]
               - [ 37, 8, 5 ]
               - [ 7, 31, 6 ]
               - [ 34, 39, 5 ]
               - [ 47, 26, 5 ]
               - [ 17, 38, 4 ]
               - [ 0, 14, 0 ]
               - [ 49, 37, 2 ]
               - [ 5, 7, 3 ]
               - [ 42, 15, 1 ]
   -
      template_id: 3
      templates:
         -
            width: 105
            height: 75
            tl_x: 98
            tl_y: 100
            pyramid_level: 0
            features:
               - [ 49, 0, 3 ]
               - [ 98, 48, 5 ]
               - [ 20, 12, 4 ]
               - [ 82, 15, 5 ]
               - [ 26, 71, 5 ]
               - [ 72, 12, 4 ]
               - [ 3, 20, 2 ]
               - [ 34, 13, 4 ]
               - [ 1, 44, 7 ]
               - [ 85, 39, 6 ]
               - [ 74, 75, 5 ]
               - [ 58, 12, 4 ]
               - [ 63, 73, 4 ]
               - [ 47, 74, 3 ]
               - [ 12, 60, 6 ]
               - [ 82, 26, 1 ]
               - [ 102, 65, 1 ]
               - [ 46, 15, 4 ]
               - [ 11, 14, 3 ]
               - [ 42, 6, 1 ]
               - [ 105, 55, 0 ]
         -
            width: 52
            height: 37
            tl_x: 49
            tl_y: 50
            pyramid_level: 1
            features:
               - [ 34, 37, 4 ]
               - [ 24, 37, 3 ]
               - [ 12, 6, 4 ]
               - [ 36, 6, 4 ]
               - [ 49, 24, 5 ]
               - [ 6, 30, 6 ]
               - [ 14, 36, 5 ]
               - [ 0, 13, 1 ]
               - [ 41, 13, 1 ]
               - [ 6, 7, 3 ]
               - [ 52, 30, 1 ]
   -
      template_id: 4
      templates:
         -
            width: 108
            height: 77
            tl_x: 96
            tl_y: 100
            pyramid_level: 0
            features:
               - [ 48, 0, 3 ]
               - [ 60, 11, 4 ]
               - [ 19, 15, 4 ]
               - [ 100, 44, 5 ]
               - [ 80, 12, 5 ]
               - [ 36, 15, 4 ]
               - [ 63, 72, 4 ]
               - [ 4, 23, 2 ]
               - [ 32, 74, 5 ]
               - [ 0, 39, 0 ]
               - [ 22, 68, 5 ]
               - [ 79, 73, 4 ]
               - [ 6, 53, 6 ]
               - [ 50, 75, 3 ]
               - [ 90, 39, 6 ]
               - [ 82, 28, 0 ]
               - [ 108, 50, 0 ]
               - [ 106, 60, 1 ]
               - [ 47, 15, 3 ]
               - [ 41, 77, 4 ]
               - [ 41, 6, 1 ]
         -
            width: 54
            height: 38
            tl_x: 48
            tl_y: 50
            pyramid_level: 1
            features:
               - [ 48, 21, 5 ]
               - [ 35, 36, 4 ]
               - [ 11, 34, 5 ]
               - [ 0, 17, 0 ]
               - [ 34, 5, 4 ]
               - [ 23, 38, 4 ]
               - [ 5, 9, 3 ]
               - [ 53, 30, 1 ]
               - [ 41, 13, 0 ]
               - [ 13, 7, 4 ]
   -
      template_id: 5
      templates:
         -
            width: 108
            height: 78
            tl_x: 96
            tl_y: 100
            pyramid_level: 0
            features:
               - [ 60, 10, 3 ]
               - [ 17, 18, 3 ]
               - [ 78, 10, 5 ]
               - [ 44, 1, 3 ]
               - [ 100, 40, 5 ]
               - [ 33, 75, 5 ]
               - [ 66, 71, 4 ]
               - [ 0, 44, 7 ]
               - [ 84, 71, 4 ]
               - [ 1, 30, 1 ]
               - [ 7, 57, 6 ]
               - [ 87, 34, 6 ]
               - [ 37, 10, 0 ]
               - [ 18, 67, 6 ]
               - [ 53, 75, 3 ]
               - [ 108, 52, 1 ]
               - [ 105, 62, 1 ]
               - [ 8, 22, 3 ]
               - [ 69, 9, 4 ]
               - [ 42, 78, 4 ]
               - [ 81, 27, 7 ]
               - [ 44, 16, 3 ]
         -
            width: 54
            height: 39
            tl_x: 48
            tl_y: 50
            pyramid_level: 1
            features:
               - [ 9, 9, 3 ]
               - [ 10, 34, 5 ]
               - [ 31, 36, 3 ]
               - [ 50, 20, 5 ]
               - [ 31, 5, 4 ]
               - [ 0, 17, 1 ]
               - [ 22, 39, 4 ]
               - [ 53, 30, 1 ]
               - [ 41, 14, 7 ]
               - [ 4, 29, 6 ]
               - [ 38, 5, 4 ]
   -
