%YAML:1.0
---
class_id: "back0warp53.png"
pyramid_levels: 2
template_pyramids:
   -
      template_id: 0
      templates:
         -
            width: 93
            height: 110
            tl_x: 100
            tl_y: 104
            pyramid_level: 0
            features:
               - [ 39, 19, 5 ]
               - [ 5, 74, 7 ]
               - [ 75, 21, 5 ]
               - [ 68, 3, 1 ]
               - [ 84, 43, 1 ]
               - [ 18, 97, 6 ]
               - [ 84, 69, 7 ]
               - [ 10, 22, 2 ]
               - [ 10, 85, 7 ]
               - [ 30, 106, 4 ]
               - [ 22, 16, 4 ]
               - [ 62, 14, 2 ]
               - [ 55, 1, 2 ]
               - [ 48, 105, 4 ]
               - [ 1, 59, 0 ]
               - [ 1, 45, 0 ]
               - [ 61, 110, 5 ]
               - [ 93, 94, 1 ]
               - [ 53, 22, 3 ]
               - [ 85, 26, 6 ]
               - [ 4, 32, 1 ]
               - [ 87, 104, 2 ]
         -
            width: 46
            height: 55
            tl_x: 50
            tl_y: 52
            pyramid_level: 1
            features:
               - [ 18, 9, 5 ]
               - [ 1, 32, 7 ]
               - [ 39, 11, 5 ]
               - [ 3, 14, 1 ]
               - [ 8, 47, 6 ]
               - [ 43, 36, 6 ]
               - [ 28, 54, 5 ]
               - [ 41, 24, 1 ]
               - [ 42, 54, 2 ]
               - [ 26, 2, 2 ]
               - [ 17, 53, 4 ]
   -
      template_id: 1
      templates:
         -
            width: 96
            height: 112
            tl_x: 100
            tl_y: 102
            pyramid_level: 0
            features:
               - [ 44, 13, 1 ]
               - [ 3, 70, 7 ]
               - [ 85, 68, 7 ]
               - [ 82, 44, 1 ]
               - [ 0, 55, 0 ]
               - [ 13, 23, 3 ]
               - [ 73, 21, 5 ]
               - [ 25, 105, 6 ]
               - [ 15, 94, 6 ]
               - [ 59, 21, 3 ]
               - [ 32, 21, 4 ]
               - [ 95, 78, 5 ]
               - [ 52, 107, 4 ]
               - [ 64, 1, 0 ]
               - [ 39, 109, 3 ]
               - [ 3, 36, 1 ]
               - [ 83, 112, 3 ]
               - [ 96, 93, 1 ]
               - [ 64, 110, 5 ]
               - [ 84, 26, 6 ]
         -
            width: 48
            height: 56
            tl_x: 50
            tl_y: 51
            pyramid_level: 1
            features:
               - [ 4, 41, 7 ]
               - [ 11, 51, 6 ]
               - [ 41, 22, 1 ]
               - [ 12, 10, 4 ]
               - [ 32, 55, 5 ]
               - [ 23, 4, 1 ]
               - [ 1, 19, 1 ]
               - [ 45, 37, 6 ]
               - [ 34, 10, 4 ]
               - [ 21, 54, 3 ]
   -
      template_id: 2
      templates:
         -
            width: 99
            height: 112
            tl_x: 100
            tl_y: 100
            pyramid_level: 0
            features:
               - [ 0, 61, 0 ]
               - [ 33, 25, 4 ]
               - [ 69, 21, 4 ]
               - [ 4, 75, 7 ]
               - [ 86, 67, 6 ]
               - [ 81, 42, 1 ]
               - [ 5, 33, 2 ]
               - [ 50, 1, 3 ]
               - [ 23, 103, 6 ]
               - [ 47, 110, 3 ]
               - [ 54, 17, 2 ]
               - [ 66, 110, 5 ]
               - [ 97, 76, 5 ]
               - [ 84, 27, 6 ]
               - [ 0, 47, 0 ]
               - [ 99, 90, 1 ]
               - [ 89, 110, 2 ]
               - [ 16, 25, 3 ]
               - [ 41, 12, 1 ]
               - [ 14, 93, 6 ]
               - [ 34, 112, 5 ]
         -
            width: 49
            height: 56
            tl_x: 50
            tl_y: 50
            pyramid_level: 1
            features:
               - [ 11, 51, 6 ]
               - [ 47, 37, 6 ]
               - [ 3, 40, 7 ]
               - [ 33, 55, 5 ]
               - [ 40, 23, 0 ]
               - [ 1, 20, 1 ]
               - [ 37, 11, 5 ]
               - [ 48, 49, 1 ]
               - [ 21, 5, 1 ]
               - [ 12, 12, 4 ]
   -
      template_id: 3
      templates:
         -
            width: 102
            height: 111
            tl_x: 98
            tl_y: 102
            pyramid_level: 0
            features:
               - [ 2, 62, 7 ]
               - [ 38, 17, 0 ]
               - [ 67, 17, 4 ]
               - [ 56, 1, 0 ]
               - [ 21, 96, 6 ]
               - [ 7, 76, 7 ]
               - [ 5, 35, 1 ]
               - [ 81, 38, 0 ]
               - [ 87, 60, 6 ]
               - [ 18, 25, 4 ]
               - [ 46, 111, 4 ]
               - [ 52, 15, 1 ]
               - [ 101, 70, 5 ]
               - [ 42, 4, 1 ]
               - [ 71, 106, 4 ]
               - [ 83, 22, 5 ]
               - [ 102, 89, 1 ]
               - [ 30, 104, 6 ]
               - [ 59, 106, 3 ]
               - [ 1, 50, 0 ]
         -
            width: 51
            height: 55
            tl_x: 49
            tl_y: 51
            pyramid_level: 1
            features:
               - [ 35, 53, 4 ]
               - [ 5, 41, 7 ]
               - [ 15, 52, 6 ]
               - [ 41, 18, 1 ]
               - [ 1, 22, 0 ]
               - [ 31, 9, 4 ]
               - [ 47, 33, 5 ]
               - [ 14, 12, 4 ]
               - [ 49, 50, 1 ]
               - [ 23, 0, 2 ]
   -
      template_id: 4
      templates:
         -
            width: 105
            height: 112
            tl_x: 98
            tl_y: 102
            pyramid_level: 0
            features:
               - [ 3, 67, 7 ]
               - [ 63, 16, 4 ]
               - [ 51, 1, 0 ]
               - [ 35, 20, 7 ]
               - [ 9, 80, 7 ]
               - [ 35, 106, 5 ]
               - [ 88, 58, 6 ]
               - [ 2, 42, 1 ]
               - [ 15, 28, 3 ]
               - [ 24, 98, 6 ]
               - [ 79, 37, 0 ]
               - [ 68, 104, 4 ]
               - [ 49, 14, 1 ]
               - [ 38, 4, 1 ]
               - [ 48, 112, 4 ]
               - [ 84, 105, 4 ]
               - [ 79, 19, 5 ]
               - [ 101, 97, 1 ]
               - [ 105, 82, 1 ]
               - [ 16, 90, 6 ]
         -
            width: 52
            height: 56
            tl_x: 49
            tl_y: 51
            pyramid_level: 1
            features:
               - [ 16, 52, 5 ]
               - [ 34, 8, 4 ]
               - [ 5, 41, 7 ]
               - [ 47, 31, 5 ]
               - [ 8, 14, 3 ]
               - [ 34, 52, 4 ]
               - [ 20, 1, 2 ]
               - [ 52, 43, 1 ]
               - [ 0, 26, 0 ]
               - [ 40, 22, 7 ]
   -
      template_id: 5
      templates:
         -
            width: 107
            height: 112
            tl_x: 98
            tl_y: 102
            pyramid_level: 0
            features:
               - [ 4, 71, 7 ]
               - [ 31, 17, 0 ]
               - [ 59, 15, 3 ]
               - [ 46, 1, 7 ]
               - [ 39, 107, 5 ]
               - [ 1, 46, 1 ]
               - [ 23, 29, 4 ]
               - [ 87, 54, 6 ]
               - [ 69, 103, 3 ]
               - [ 12, 85, 6 ]
               - [ 77, 32, 0 ]
               - [ 52, 112, 4 ]
               - [ 26, 99, 6 ]
               - [ 102, 61, 5 ]
               - [ 73, 16, 5 ]
               - [ 45, 15, 1 ]
               - [ 89, 102, 4 ]
               - [ 103, 95, 1 ]
               - [ 107, 73, 0 ]
               - [ 11, 32, 3 ]
         -
            width: 53
            height: 56
            tl_x: 49
            tl_y: 51
            pyramid_level: 1
            features:
               - [ 38, 51, 4 ]
               - [ 28, 8, 3 ]
               - [ 47, 29, 5 ]
               - [ 9, 15, 3 ]
               - [ 10, 47, 6 ]
               - [ 22, 55, 5 ]
               - [ 53, 42, 0 ]
               - [ 0, 26, 0 ]
               - [ 39, 14, 0 ]
               - [ 16, 5, 1 ]
   -
      template_id: 6
      templates:
         -
            width: 108
            height: 111
            tl_x: 98
            tl_y: 102
            pyramid_level: 0
