%YAML:1.0
---
class_id: "back0warp113.png"
pyramid_levels: 2
template_pyramids:
   -
      template_id: 0
      templates:
         -
            width: 90
            height: 104
            tl_x: 100
            tl_y: 104
            pyramid_level: 0
            features:
               - [ 47, 21, 1 ]
               - [ 1, 77, 7 ]
               - [ 43, 104, 3 ]
               - [ 20, 104, 5 ]
               - [ 12, 39, 2 ]
               - [ 68, 12, 1 ]
               - [ 85, 42, 2 ]
               - [ 68, 25, 3 ]
               - [ 1, 58, 1 ]
               - [ 10, 95, 6 ]
               - [ 90, 80, 1 ]
               - [ 79, 56, 1 ]
               - [ 60, 104, 4 ]
               - [ 62, 1, 2 ]
               - [ 81, 93, 2 ]
               - [ 72, 102, 3 ]
               - [ 25, 33, 4 ]
               - [ 40, 33, 4 ]
               - [ 81, 24, 4 ]
               - [ 84, 71, 6 ]
               - [ 50, 33, 3 ]
         -
            width: 45
            height: 52
            tl_x: 50
            tl_y: 52
            pyramid_level: 1
            features:
               - [ 30, 52, 4 ]
               - [ 41, 46, 2 ]
               - [ 1, 27, 1 ]
               - [ 2, 43, 7 ]
               - [ 10, 52, 5 ]
               - [ 25, 7, 1 ]
               - [ 37, 12, 4 ]
               - [ 40, 26, 1 ]
               - [ 11, 17, 3 ]
               - [ 43, 36, 6 ]
   -
      template_id: 1
      templates:
         -
            width: 90
            height: 104
            tl_x: 102
            tl_y: 104
            pyramid_level: 0
            features:
               - [ 43, 18, 1 ]
               - [ 46, 104, 3 ]
               - [ 14, 100, 6 ]
               - [ 1, 55, 1 ]
               - [ 9, 42, 2 ]
               - [ 68, 22, 3 ]
               - [ 1, 80, 7 ]
               - [ 21, 35, 3 ]
               - [ 78, 96, 2 ]
               - [ 81, 41, 1 ]
               - [ 77, 53, 0 ]
               - [ 90, 76, 1 ]
               - [ 66, 103, 4 ]
               - [ 63, 9, 1 ]
               - [ 54, 1, 2 ]
               - [ 88, 30, 1 ]
               - [ 46, 33, 3 ]
               - [ 32, 34, 4 ]
               - [ 85, 86, 1 ]
               - [ 57, 20, 2 ]
         -
            width: 45
            height: 52
            tl_x: 51
            tl_y: 52
            pyramid_level: 1
            features:
               - [ 7, 50, 6 ]
               - [ 23, 52, 3 ]
               - [ 0, 30, 0 ]
               - [ 24, 4, 2 ]
               - [ 34, 11, 3 ]
               - [ 16, 17, 4 ]
               - [ 42, 44, 1 ]
               - [ 39, 25, 0 ]
               - [ 1, 41, 7 ]
               - [ 34, 51, 3 ]
   -
      template_id: 2
      templates:
         -
            width: 92
            height: 112
            tl_x: 102
            tl_y: 102
            pyramid_level: 0
            features:
               - [ 50, 106, 3 ]
               - [ 39, 27, 0 ]
               - [ 16, 103, 6 ]
               - [ 5, 89, 7 ]
               - [ 63, 103, 4 ]
               - [ 92, 74, 1 ]
               - [ 58, 13, 1 ]
               - [ 32, 112, 5 ]
               - [ 80, 39, 1 ]
               - [ 42, 14, 1 ]
               - [ 52, 0, 2 ]
               - [ 77, 52, 0 ]
               - [ 78, 99, 2 ]
               - [ 18, 40, 3 ]
               - [ 5, 52, 1 ]
               - [ 31, 37, 4 ]
               - [ 83, 23, 5 ]
               - [ 60, 24, 3 ]
               - [ 1, 63, 0 ]
               - [ 81, 63, 6 ]
         -
            width: 46
            height: 56
            tl_x: 51
            tl_y: 51
            pyramid_level: 1
            features:
               - [ 43, 44, 1 ]
               - [ 20, 10, 1 ]
               - [ 13, 19, 3 ]
               - [ 10, 53, 6 ]
               - [ 28, 52, 3 ]
               - [ 2, 27, 1 ]
               - [ 33, 11, 3 ]
               - [ 39, 23, 1 ]
               - [ 42, 33, 5 ]
               - [ 24, 2, 2 ]
               - [ 36, 51, 3 ]
   -
      template_id: 3
      templates:
         -
            width: 91
            height: 113
            tl_x: 104
            tl_y: 102
            pyramid_level: 0
            features:
               - [ 55, 104, 3 ]
               - [ 6, 92, 7 ]
               - [ 74, 100, 3 ]
               - [ 35, 21, 0 ]
               - [ 21, 107, 5 ]
               - [ 0, 73, 0 ]
               - [ 59, 21, 3 ]
               - [ 77, 35, 1 ]
               - [ 35, 113, 5 ]
               - [ 53, 9, 0 ]
               - [ 91, 72, 1 ]
               - [ 6, 50, 2 ]
               - [ 86, 86, 1 ]
               - [ 45, 0, 2 ]
               - [ 15, 42, 3 ]
               - [ 75, 49, 0 ]
               - [ 28, 38, 3 ]
               - [ 76, 19, 5 ]
               - [ 42, 34, 2 ]
               - [ 84, 63, 5 ]
               - [ 1, 60, 1 ]
         -
            width: 45
            height: 56
            tl_x: 52
            tl_y: 51
            pyramid_level: 1
            features:
               - [ 31, 51, 3 ]
               - [ 38, 19, 1 ]
               - [ 3, 46, 7 ]
               - [ 18, 8, 1 ]
               - [ 1, 29, 1 ]
               - [ 13, 55, 5 ]
               - [ 42, 45, 1 ]
               - [ 11, 20, 3 ]
               - [ 41, 31, 5 ]
               - [ 31, 10, 3 ]
   -
      template_id: 4
      templates:
         -
            width: 91
            height: 109
            tl_x: 106
            tl_y: 106
            pyramid_level: 0
            features:
               - [ 76, 93, 3 ]
               - [ 57, 99, 3 ]
               - [ 30, 22, 0 ]
               - [ 22, 104, 5 ]
               - [ 7, 90, 7 ]
               - [ 54, 16, 3 ]
               - [ 85, 82, 1 ]
               - [ 73, 28, 1 ]
               - [ 36, 109, 5 ]
               - [ 47, 4, 0 ]
               - [ 0, 74, 7 ]
               - [ 72, 41, 0 ]
               - [ 12, 41, 3 ]
               - [ 91, 61, 0 ]
               - [ 33, 5, 1 ]
               - [ 1, 55, 1 ]
               - [ 26, 35, 3 ]
               - [ 73, 13, 5 ]
               - [ 78, 53, 6 ]
               - [ 47, 107, 2 ]
         -
            width: 45
            height: 54
            tl_x: 53
            tl_y: 53
            pyramid_level: 1
            features:
               - [ 36, 47, 3 ]
               - [ 11, 52, 5 ]
               - [ 15, 9, 0 ]
               - [ 44, 37, 1 ]
               - [ 25, 52, 2 ]
               - [ 7, 20, 3 ]
               - [ 36, 19, 0 ]
               - [ 0, 29, 1 ]
               - [ 29, 7, 3 ]
               - [ 4, 46, 6 ]
               - [ 18, 0, 1 ]
   -
      template_id: 5
      templates:
         -
            width: 89
            height: 113
            tl_x: 108
            tl_y: 102
            pyramid_level: 0
            features:
               - [ 26, 110, 5 ]
               - [ 58, 102, 2 ]
               - [ 77, 94, 3 ]
               - [ 26, 29, 0 ]
               - [ 9, 98, 6 ]
               - [ 0, 81, 7 ]
               - [ 41, 8, 0 ]
               - [ 38, 113, 4 ]
               - [ 49, 19, 2 ]
               - [ 87, 77, 1 ]
               - [ 69, 30, 0 ]
               - [ 10, 47, 2 ]
               - [ 31, 1, 1 ]
               - [ 2, 56, 1 ]
               - [ 69, 42, 0 ]
               - [ 26, 14, 1 ]
               - [ 82, 56, 4 ]
               - [ 24, 40, 3 ]
               - [ 67, 14, 5 ]
               - [ 39, 20, 1 ]
               - [ 89, 67, 0 ]
               - [ 17, 105, 6 ]
               - [ 34, 35, 2 ]
         -
            width: 44
            height: 56
            tl_x: 54
            tl_y: 51
            pyramid_level: 1
            features:
               - [ 33, 49, 3 ]
               - [ 13, 55, 5 ]
               - [ 13, 7, 0 ]
               - [ 43, 40, 1 ]
               - [ 35, 13, 1 ]
               - [ 1, 28, 1 ]
               - [ 27, 8, 3 ]
               - [ 10, 21, 3 ]
               - [ 41, 28, 5 ]
               - [ 35, 22, 7 ]
               - [ 20, 2, 0 ]
   -
      template_id: 6
      templates:
         -
