%YAML:1.0
---
class_id: "back0warp52.png"
pyramid_levels: 2
template_pyramids:
   -
      template_id: 0
      templates:
         -
            width: 88
            height: 117
            tl_x: 100
            tl_y: 102
            pyramid_level: 0
            features:
               - [ 77, 73, 7 ]
               - [ 42, 14, 1 ]
               - [ 2, 35, 1 ]
               - [ 4, 72, 7 ]
               - [ 27, 17, 5 ]
               - [ 76, 27, 6 ]
               - [ 43, 106, 5 ]
               - [ 18, 99, 7 ]
               - [ 88, 93, 1 ]
               - [ 76, 48, 1 ]
               - [ 60, 10, 1 ]
               - [ 12, 19, 3 ]
               - [ 9, 85, 7 ]
               - [ 53, 0, 3 ]
               - [ 63, 22, 4 ]
               - [ 63, 117, 5 ]
               - [ 1, 57, 0 ]
               - [ 28, 106, 4 ]
               - [ 82, 105, 1 ]
               - [ 74, 115, 2 ]
               - [ 73, 59, 0 ]
         -
            width: 44
            height: 58
            tl_x: 50
            tl_y: 51
            pyramid_level: 1
            features:
               - [ 1, 18, 1 ]
               - [ 1, 32, 7 ]
               - [ 32, 11, 4 ]
               - [ 21, 53, 5 ]
               - [ 6, 45, 7 ]
               - [ 15, 9, 5 ]
               - [ 41, 40, 6 ]
               - [ 38, 24, 1 ]
               - [ 40, 54, 2 ]
               - [ 25, 1, 2 ]
   -
      template_id: 1
      templates:
         -
            width: 91
            height: 115
            tl_x: 100
            tl_y: 102
            pyramid_level: 0
            features:
               - [ 78, 70, 7 ]
               - [ 0, 39, 0 ]
               - [ 39, 12, 1 ]
               - [ 0, 58, 0 ]
               - [ 9, 83, 7 ]
               - [ 47, 106, 4 ]
               - [ 16, 94, 6 ]
               - [ 75, 45, 1 ]
               - [ 10, 21, 3 ]
               - [ 65, 21, 5 ]
               - [ 91, 89, 1 ]
               - [ 52, 15, 2 ]
               - [ 24, 19, 5 ]
               - [ 78, 28, 6 ]
               - [ 34, 107, 3 ]
               - [ 57, 2, 0 ]
               - [ 67, 115, 5 ]
               - [ 86, 102, 1 ]
               - [ 4, 72, 7 ]
               - [ 42, 24, 4 ]
         -
            width: 45
            height: 57
            tl_x: 50
            tl_y: 51
            pyramid_level: 1
            features:
               - [ 2, 36, 7 ]
               - [ 8, 47, 6 ]
               - [ 0, 20, 0 ]
               - [ 39, 35, 7 ]
               - [ 45, 46, 1 ]
               - [ 34, 11, 5 ]
               - [ 14, 10, 5 ]
               - [ 19, 53, 4 ]
               - [ 24, 0, 3 ]
               - [ 37, 24, 1 ]
   -
      template_id: 2
      templates:
         -
            width: 95
            height: 115
            tl_x: 98
            tl_y: 100
            pyramid_level: 0
            features:
               - [ 9, 81, 7 ]
               - [ 3, 66, 7 ]
               - [ 81, 69, 6 ]
               - [ 37, 14, 0 ]
               - [ 72, 24, 5 ]
               - [ 16, 92, 6 ]
               - [ 54, 8, 0 ]
               - [ 23, 23, 4 ]
               - [ 9, 26, 2 ]
               - [ 49, 18, 2 ]
               - [ 75, 47, 0 ]
               - [ 35, 110, 4 ]
               - [ 75, 115, 4 ]
               - [ 1, 42, 0 ]
               - [ 61, 21, 4 ]
               - [ 55, 108, 4 ]
               - [ 95, 89, 0 ]
               - [ 76, 59, 7 ]
               - [ 87, 109, 1 ]
               - [ 33, 25, 5 ]
               - [ 47, 0, 3 ]
               - [ 0, 52, 0 ]
               - [ 26, 104, 6 ]
               - [ 92, 79, 5 ]
               - [ 79, 37, 1 ]
               - [ 92, 99, 1 ]
         -
            width: 47
            height: 57
            tl_x: 49
            tl_y: 50
            pyramid_level: 1
            features:
               - [ 6, 43, 7 ]
               - [ 31, 55, 5 ]
               - [ 42, 36, 6 ]
               - [ 38, 22, 1 ]
               - [ 21, 2, 2 ]
               - [ 1, 19, 1 ]
               - [ 45, 52, 1 ]
               - [ 18, 55, 4 ]
               - [ 33, 11, 5 ]
               - [ 14, 12, 4 ]
   -
      template_id: 3
      templates:
         -
            width: 99
            height: 111
            tl_x: 96
            tl_y: 100
            pyramid_level: 0
            features:
               - [ 5, 68, 7 ]
               - [ 54, 21, 4 ]
               - [ 71, 22, 5 ]
               - [ 35, 15, 0 ]
               - [ 21, 25, 4 ]
               - [ 13, 84, 7 ]
               - [ 27, 101, 6 ]
               - [ 76, 42, 0 ]
               - [ 85, 68, 6 ]
               - [ 58, 107, 4 ]
               - [ 4, 35, 1 ]
               - [ 76, 111, 5 ]
               - [ 44, 0, 2 ]
               - [ 43, 111, 4 ]
               - [ 1, 50, 0 ]
               - [ 95, 75, 5 ]
               - [ 99, 87, 0 ]
               - [ 92, 107, 2 ]
               - [ 42, 26, 3 ]
               - [ 51, 10, 1 ]
         -
            width: 49
            height: 55
            tl_x: 48
            tl_y: 50
            pyramid_level: 1
            features:
               - [ 13, 50, 6 ]
               - [ 33, 54, 5 ]
               - [ 41, 32, 6 ]
               - [ 1, 21, 0 ]
               - [ 35, 11, 5 ]
               - [ 38, 22, 0 ]
               - [ 18, 5, 1 ]
               - [ 49, 46, 1 ]
               - [ 23, 55, 3 ]
               - [ 7, 43, 7 ]
               - [ 13, 13, 4 ]
   -
      template_id: 4
      templates:
         -
            width: 101
            height: 107
            tl_x: 96
            tl_y: 102
            pyramid_level: 0
            features:
               - [ 6, 70, 7 ]
               - [ 1, 54, 0 ]
               - [ 31, 16, 0 ]
               - [ 15, 85, 6 ]
               - [ 50, 19, 3 ]
               - [ 84, 61, 6 ]
               - [ 25, 96, 6 ]
               - [ 69, 19, 5 ]
               - [ 1, 40, 1 ]
               - [ 63, 104, 4 ]
               - [ 39, 107, 6 ]
               - [ 15, 26, 4 ]
               - [ 101, 75, 0 ]
               - [ 36, 1, 2 ]
               - [ 74, 39, 0 ]
               - [ 82, 107, 5 ]
               - [ 100, 88, 0 ]
               - [ 96, 101, 1 ]
               - [ 47, 6, 0 ]
               - [ 39, 25, 3 ]
         -
            width: 50
            height: 53
            tl_x: 48
            tl_y: 51
            pyramid_level: 1
            features:
               - [ 8, 13, 4 ]
               - [ 8, 43, 6 ]
               - [ 39, 53, 5 ]
               - [ 44, 32, 5 ]
               - [ 33, 9, 5 ]
               - [ 50, 44, 0 ]
               - [ 19, 53, 5 ]
               - [ 0, 24, 0 ]
               - [ 17, 2, 1 ]
               - [ 37, 20, 0 ]
   -
      template_id: 5
      templates:
         -
            width: 102
            height: 105
            tl_x: 96
            tl_y: 106
            pyramid_level: 0
            features:
               - [ 7, 70, 7 ]
               - [ 84, 54, 6 ]
               - [ 1, 55, 7 ]
               - [ 46, 15, 3 ]
               - [ 65, 13, 5 ]
               - [ 27, 12, 0 ]
               - [ 39, 101, 5 ]
               - [ 28, 94, 6 ]
               - [ 52, 105, 4 ]
               - [ 1, 35, 1 ]
               - [ 18, 24, 4 ]
               - [ 42, 1, 0 ]
               - [ 91, 100, 4 ]
               - [ 98, 61, 5 ]
               - [ 69, 98, 4 ]
               - [ 18, 84, 6 ]
               - [ 73, 37, 7 ]
               - [ 74, 23, 1 ]
               - [ 102, 83, 0 ]
               - [ 36, 22, 2 ]
         -
            width: 51
            height: 52
            tl_x: 48
            tl_y: 53
            pyramid_level: 1
            features:
               - [ 8, 41, 6 ]
               - [ 0, 25, 0 ]
               - [ 45, 29, 5 ]
               - [ 36, 49, 4 ]
               - [ 9, 12, 4 ]
               - [ 21, 1, 0 ]
               - [ 34, 7, 5 ]
               - [ 51, 41, 0 ]
               - [ 17, 49, 5 ]
               - [ 37, 20, 7 ]
   -
      template_id: 6
      templates:
         -
