%YAML:1.0
---
class_id: "back0warp38.png"
pyramid_levels: 2
template_pyramids:
   -
      template_id: 0
      templates:
         -
            width: 66
            height: 113
            tl_x: 100
            tl_y: 100
            pyramid_level: 0
            features:
               - [ 1, 21, 1 ]
               - [ 10, 79, 7 ]
               - [ 2, 54, 7 ]
               - [ 60, 81, 7 ]
               - [ 14, 88, 7 ]
               - [ 4, 63, 7 ]
               - [ 60, 37, 7 ]
               - [ 24, 14, 6 ]
               - [ 45, 23, 5 ]
               - [ 30, 97, 6 ]
               - [ 44, 10, 1 ]
               - [ 44, 112, 6 ]
               - [ 55, 55, 1 ]
               - [ 8, 9, 3 ]
               - [ 39, 1, 3 ]
               - [ 56, 71, 7 ]
               - [ 66, 100, 1 ]
               - [ 59, 46, 2 ]
               - [ 59, 113, 2 ]
               - [ 17, 9, 5 ]
               - [ 52, 27, 6 ]
               - [ 31, 9, 1 ]
               - [ 64, 88, 7 ]
         -
            width: 33
            height: 56
            tl_x: 50
            tl_y: 50
            pyramid_level: 1
            features:
               - [ 1, 27, 7 ]
               - [ 1, 9, 1 ]
               - [ 29, 17, 6 ]
               - [ 4, 37, 7 ]
               - [ 31, 42, 7 ]
               - [ 22, 56, 6 ]
               - [ 14, 48, 5 ]
               - [ 22, 5, 1 ]
               - [ 27, 30, 0 ]
               - [ 31, 54, 1 ]
   -
      template_id: 1
      templates:
         -
            width: 70
            height: 112
            tl_x: 98
            tl_y: 102
            pyramid_level: 0
            features:
               - [ 5, 59, 7 ]
               - [ 15, 81, 7 ]
               - [ 60, 33, 6 ]
               - [ 22, 13, 5 ]
               - [ 9, 70, 7 ]
               - [ 65, 78, 6 ]
               - [ 0, 21, 1 ]
               - [ 46, 21, 5 ]
               - [ 2, 49, 7 ]
               - [ 46, 104, 6 ]
               - [ 56, 54, 0 ]
               - [ 12, 8, 4 ]
               - [ 41, 10, 1 ]
               - [ 59, 67, 7 ]
               - [ 32, 1, 2 ]
               - [ 38, 97, 6 ]
               - [ 22, 91, 5 ]
               - [ 54, 112, 5 ]
               - [ 69, 102, 1 ]
               - [ 58, 45, 1 ]
         -
            width: 35
            height: 56
            tl_x: 49
            tl_y: 51
            pyramid_level: 1
            features:
               - [ 5, 36, 7 ]
               - [ 0, 11, 0 ]
               - [ 24, 53, 6 ]
               - [ 33, 40, 6 ]
               - [ 24, 11, 5 ]
               - [ 28, 27, 0 ]
               - [ 35, 50, 1 ]
               - [ 9, 5, 5 ]
               - [ 13, 46, 5 ]
               - [ 2, 28, 7 ]
               - [ 21, 3, 0 ]
   -
      template_id: 2
      templates:
         -
            width: 78
            height: 111
            tl_x: 94
            tl_y: 100
            pyramid_level: 0
            features:
               - [ 62, 33, 6 ]
               - [ 1, 28, 0 ]
               - [ 20, 83, 7 ]
               - [ 9, 63, 7 ]
               - [ 20, 15, 5 ]
               - [ 5, 53, 7 ]
               - [ 29, 94, 5 ]
               - [ 71, 78, 6 ]
               - [ 60, 53, 0 ]
               - [ 47, 22, 5 ]
               - [ 44, 98, 5 ]
               - [ 54, 105, 6 ]
               - [ 35, 1, 3 ]
               - [ 41, 11, 1 ]
               - [ 5, 15, 2 ]
               - [ 62, 63, 7 ]
               - [ 78, 97, 1 ]
               - [ 74, 108, 1 ]
               - [ 13, 72, 7 ]
               - [ 61, 111, 5 ]
         -
            width: 39
            height: 55
            tl_x: 47
            tl_y: 50
            pyramid_level: 1
            features:
               - [ 5, 33, 7 ]
               - [ 34, 37, 6 ]
               - [ 11, 43, 7 ]
               - [ 25, 51, 6 ]
               - [ 1, 11, 1 ]
               - [ 30, 26, 0 ]
               - [ 27, 13, 6 ]
               - [ 39, 48, 1 ]
               - [ 15, 3, 1 ]
               - [ 9, 7, 5 ]
   -
      template_id: 3
      templates:
         -
            width: 82
            height: 104
            tl_x: 92
            tl_y: 106
            pyramid_level: 0
            features:
               - [ 9, 55, 7 ]
               - [ 29, 85, 6 ]
               - [ 61, 45, 0 ]
               - [ 19, 72, 6 ]
               - [ 39, 2, 0 ]
               - [ 18, 11, 5 ]
               - [ 49, 91, 5 ]
               - [ 42, 15, 4 ]
               - [ 0, 26, 0 ]
               - [ 74, 69, 6 ]
               - [ 59, 97, 5 ]
               - [ 57, 21, 6 ]
               - [ 69, 104, 5 ]
               - [ 27, 1, 1 ]
               - [ 2, 14, 1 ]
               - [ 66, 58, 7 ]
               - [ 82, 93, 1 ]
               - [ 63, 33, 1 ]
               - [ 39, 90, 4 ]
               - [ 81, 75, 6 ]
         -
            width: 41
            height: 52
            tl_x: 46
            tl_y: 53
            pyramid_level: 1
            features:
               - [ 7, 32, 7 ]
               - [ 35, 32, 6 ]
               - [ 29, 11, 6 ]
               - [ 30, 49, 6 ]
               - [ 14, 42, 6 ]
               - [ 8, 5, 5 ]
               - [ 41, 46, 1 ]
               - [ 19, 3, 1 ]
               - [ 22, 45, 4 ]
               - [ 31, 24, 7 ]
   -
      template_id: 4
      templates:
         -
            width: 88
            height: 99
            tl_x: 90
            tl_y: 108
            pyramid_level: 0
            features:
               - [ 0, 27, 0 ]
               - [ 8, 50, 7 ]
               - [ 16, 63, 7 ]
               - [ 32, 82, 6 ]
               - [ 62, 40, 0 ]
               - [ 50, 15, 5 ]
               - [ 56, 89, 5 ]
               - [ 11, 10, 4 ]
               - [ 81, 67, 6 ]
               - [ 24, 7, 0 ]
               - [ 62, 22, 6 ]
               - [ 66, 94, 5 ]
               - [ 37, 1, 0 ]
               - [ 69, 55, 6 ]
               - [ 1, 15, 1 ]
               - [ 88, 78, 0 ]
               - [ 86, 93, 1 ]
               - [ 22, 71, 6 ]
               - [ 40, 13, 4 ]
               - [ 75, 99, 5 ]
         -
            width: 44
            height: 49
            tl_x: 45
            tl_y: 54
            pyramid_level: 1
            features:
               - [ 28, 9, 5 ]
               - [ 33, 47, 5 ]
               - [ 9, 33, 6 ]
               - [ 15, 40, 6 ]
               - [ 33, 25, 7 ]
               - [ 40, 33, 6 ]
               - [ 43, 46, 1 ]
               - [ 6, 5, 4 ]
               - [ 18, 2, 0 ]
               - [ 26, 44, 4 ]
               - [ 31, 18, 0 ]
   -
      template_id: 5
      templates:
         -
            width: 92
            height: 96
            tl_x: 88
            tl_y: 108
            pyramid_level: 0
            features:
               - [ 0, 30, 0 ]
               - [ 14, 59, 6 ]
               - [ 79, 60, 6 ]
               - [ 38, 84, 6 ]
               - [ 16, 14, 5 ]
               - [ 30, 77, 6 ]
               - [ 64, 41, 7 ]
               - [ 34, 0, 7 ]
               - [ 67, 90, 5 ]
               - [ 60, 20, 5 ]
               - [ 47, 14, 5 ]
               - [ 88, 66, 5 ]
               - [ 80, 96, 5 ]
               - [ 0, 19, 1 ]
               - [ 22, 3, 0 ]
               - [ 37, 14, 4 ]
               - [ 69, 50, 6 ]
               - [ 92, 87, 0 ]
               - [ 58, 87, 4 ]
               - [ 63, 29, 1 ]
         -
            width: 46
            height: 48
            tl_x: 44
            tl_y: 54
            pyramid_level: 1
            features:
               - [ 41, 31, 6 ]
               - [ 9, 32, 6 ]
               - [ 18, 41, 6 ]
               - [ 36, 46, 5 ]
               - [ 32, 20, 7 ]
               - [ 22, 7, 4 ]
               - [ 7, 7, 4 ]
               - [ 46, 43, 0 ]
               - [ 25, 44, 4 ]
               - [ 17, 1, 0 ]
   -
      template_id: 6
      templates:
         -
            width: 97
            height: 91
            tl_x: 86
            tl_y: 110
            pyramid_level: 0
