%YAML:1.0
---
class_id: "back0warp82.png"
pyramid_levels: 2
template_pyramids:
   -
      template_id: 0
      templates:
         -
            width: 83
            height: 112
            tl_x: 100
            tl_y: 106
            pyramid_level: 0
            features:
               - [ 77, 24, 5 ]
               - [ 49, 10, 1 ]
               - [ 67, 3, 1 ]
               - [ 77, 102, 1 ]
               - [ 78, 45, 1 ]
               - [ 83, 90, 1 ]
               - [ 78, 69, 7 ]
               - [ 62, 21, 4 ]
               - [ 37, 19, 5 ]
               - [ 1, 44, 1 ]
               - [ 21, 108, 6 ]
               - [ 56, 109, 4 ]
               - [ 38, 112, 3 ]
               - [ 22, 17, 3 ]
               - [ 1, 68, 0 ]
               - [ 7, 28, 1 ]
               - [ 5, 84, 7 ]
               - [ 13, 99, 7 ]
               - [ 50, 24, 4 ]
               - [ 55, 0, 2 ]
               - [ 67, 111, 4 ]
         -
            width: 41
            height: 56
            tl_x: 50
            tl_y: 53
            pyramid_level: 1
            features:
               - [ 2, 17, 1 ]
               - [ 39, 50, 1 ]
               - [ 19, 56, 3 ]
               - [ 38, 31, 0 ]
               - [ 16, 9, 5 ]
               - [ 33, 3, 1 ]
               - [ 1, 37, 7 ]
               - [ 30, 55, 5 ]
               - [ 5, 47, 7 ]
               - [ 39, 23, 1 ]
               - [ 25, 4, 1 ]
               - [ 36, 11, 5 ]
   -
      template_id: 1
      templates:
         -
            width: 86
            height: 113
            tl_x: 100
            tl_y: 104
            pyramid_level: 0
            features:
               - [ 45, 12, 1 ]
               - [ 77, 44, 1 ]
               - [ 74, 23, 5 ]
               - [ 81, 101, 1 ]
               - [ 86, 88, 1 ]
               - [ 78, 66, 7 ]
               - [ 63, 0, 0 ]
               - [ 19, 21, 3 ]
               - [ 69, 111, 4 ]
               - [ 31, 21, 4 ]
               - [ 0, 52, 0 ]
               - [ 51, 0, 2 ]
               - [ 2, 73, 0 ]
               - [ 3, 37, 1 ]
               - [ 45, 113, 3 ]
               - [ 26, 112, 6 ]
               - [ 9, 92, 7 ]
               - [ 58, 15, 2 ]
               - [ 16, 102, 6 ]
               - [ 56, 109, 4 ]
         -
            width: 43
            height: 56
            tl_x: 50
            tl_y: 52
            pyramid_level: 1
            features:
               - [ 39, 21, 1 ]
               - [ 43, 44, 1 ]
               - [ 13, 56, 6 ]
               - [ 32, 55, 4 ]
               - [ 23, 5, 1 ]
               - [ 1, 21, 1 ]
               - [ 4, 45, 7 ]
               - [ 39, 33, 7 ]
               - [ 12, 10, 4 ]
               - [ 36, 11, 5 ]
   -
      template_id: 2
      templates:
         -
            width: 88
            height: 116
            tl_x: 100
            tl_y: 102
            pyramid_level: 0
            features:
               - [ 70, 22, 5 ]
               - [ 41, 20, 0 ]
               - [ 0, 58, 0 ]
               - [ 76, 43, 1 ]
               - [ 48, 116, 2 ]
               - [ 87, 93, 1 ]
               - [ 1, 45, 0 ]
               - [ 58, 1, 0 ]
               - [ 4, 80, 7 ]
               - [ 82, 105, 2 ]
               - [ 84, 71, 6 ]
               - [ 32, 116, 6 ]
               - [ 57, 22, 3 ]
               - [ 20, 24, 4 ]
               - [ 65, 110, 4 ]
               - [ 45, 3, 1 ]
               - [ 6, 33, 2 ]
               - [ 12, 96, 7 ]
               - [ 76, 57, 7 ]
               - [ 20, 106, 6 ]
         -
            width: 44
            height: 58
            tl_x: 50
            tl_y: 51
            pyramid_level: 1
            features:
               - [ 1, 21, 1 ]
               - [ 44, 44, 1 ]
               - [ 12, 12, 4 ]
               - [ 16, 58, 6 ]
               - [ 33, 55, 4 ]
               - [ 38, 21, 1 ]
               - [ 39, 31, 7 ]
               - [ 21, 5, 1 ]
               - [ 3, 43, 7 ]
               - [ 37, 12, 5 ]
   -
      template_id: 3
      templates:
         -
            width: 90
            height: 116
            tl_x: 100
            tl_y: 102
            pyramid_level: 0
            features:
               - [ 70, 21, 5 ]
               - [ 0, 62, 0 ]
               - [ 90, 88, 0 ]
               - [ 60, 110, 3 ]
               - [ 5, 81, 7 ]
               - [ 82, 65, 6 ]
               - [ 53, 1, 0 ]
               - [ 56, 20, 3 ]
               - [ 37, 16, 0 ]
               - [ 76, 34, 1 ]
               - [ 25, 26, 4 ]
               - [ 0, 49, 0 ]
               - [ 36, 116, 5 ]
               - [ 14, 97, 6 ]
               - [ 81, 107, 3 ]
               - [ 75, 52, 7 ]
               - [ 5, 35, 2 ]
               - [ 23, 107, 6 ]
               - [ 40, 4, 1 ]
               - [ 43, 27, 3 ]
         -
            width: 45
            height: 58
            tl_x: 50
            tl_y: 51
            pyramid_level: 1
            features:
               - [ 44, 48, 1 ]
               - [ 14, 13, 4 ]
               - [ 34, 54, 4 ]
               - [ 18, 58, 5 ]
               - [ 0, 25, 0 ]
               - [ 38, 17, 1 ]
               - [ 43, 34, 6 ]
               - [ 6, 47, 6 ]
               - [ 20, 2, 1 ]
               - [ 30, 10, 4 ]
   -
      template_id: 4
      templates:
         -
            width: 93
            height: 118
            tl_x: 100
            tl_y: 100
            pyramid_level: 0
            features:
               - [ 47, 0, 7 ]
               - [ 64, 20, 4 ]
               - [ 34, 22, 7 ]
               - [ 65, 110, 3 ]
               - [ 0, 66, 7 ]
               - [ 8, 88, 7 ]
               - [ 85, 65, 5 ]
               - [ 13, 31, 3 ]
               - [ 74, 32, 1 ]
               - [ 53, 21, 3 ]
               - [ 90, 99, 1 ]
               - [ 93, 79, 0 ]
               - [ 40, 118, 5 ]
               - [ 0, 49, 1 ]
               - [ 25, 29, 4 ]
               - [ 36, 4, 1 ]
               - [ 74, 50, 7 ]
               - [ 17, 101, 6 ]
               - [ 28, 111, 6 ]
               - [ 75, 107, 4 ]
               - [ 4, 39, 2 ]
         -
            width: 46
            height: 59
            tl_x: 50
            tl_y: 50
            pyramid_level: 1
            features:
               - [ 0, 25, 0 ]
               - [ 46, 45, 0 ]
               - [ 20, 59, 5 ]
               - [ 9, 51, 6 ]
               - [ 9, 15, 4 ]
               - [ 43, 33, 5 ]
               - [ 31, 10, 4 ]
               - [ 35, 54, 3 ]
               - [ 17, 5, 1 ]
               - [ 36, 20, 0 ]
   -
      template_id: 5
      templates:
         -
            width: 96
            height: 118
            tl_x: 98
            tl_y: 100
            pyramid_level: 0
            features:
               - [ 44, 0, 7 ]
               - [ 65, 19, 5 ]
               - [ 32, 20, 0 ]
               - [ 3, 71, 7 ]
               - [ 71, 108, 2 ]
               - [ 12, 34, 3 ]
               - [ 86, 61, 5 ]
               - [ 12, 90, 7 ]
               - [ 73, 31, 0 ]
               - [ 95, 95, 1 ]
               - [ 45, 16, 1 ]
               - [ 47, 118, 5 ]
               - [ 1, 57, 0 ]
               - [ 75, 48, 7 ]
               - [ 96, 74, 0 ]
               - [ 24, 104, 6 ]
               - [ 24, 31, 4 ]
               - [ 32, 8, 1 ]
               - [ 3, 45, 1 ]
               - [ 34, 112, 5 ]
         -
            width: 48
            height: 59
            tl_x: 49
            tl_y: 50
            pyramid_level: 1
            features:
               - [ 48, 45, 0 ]
               - [ 44, 31, 5 ]
               - [ 1, 33, 0 ]
               - [ 37, 22, 7 ]
               - [ 24, 59, 5 ]
               - [ 16, 9, 0 ]
               - [ 12, 52, 6 ]
               - [ 30, 9, 4 ]
               - [ 41, 52, 3 ]
               - [ 10, 16, 4 ]
               - [ 1, 24, 1 ]
   -
      template_id: 6
      templates:
         -
            width: 98
            height: 118
            tl_x: 98
            tl_y: 100
