%YAML:1.0
---
class_id: "back0warp71.png"
pyramid_levels: 2
template_pyramids:
   -
      template_id: 0
      templates:
         -
            width: 76
            height: 113
            tl_x: 100
            tl_y: 108
            pyramid_level: 0
            features:
               - [ 4, 39, 1 ]
               - [ 72, 91, 1 ]
               - [ 3, 83, 7 ]
               - [ 69, 57, 7 ]
               - [ 56, 11, 2 ]
               - [ 76, 79, 1 ]
               - [ 47, 3, 1 ]
               - [ 22, 18, 3 ]
               - [ 69, 43, 0 ]
               - [ 74, 30, 1 ]
               - [ 12, 103, 7 ]
               - [ 60, 0, 0 ]
               - [ 40, 20, 5 ]
               - [ 43, 107, 3 ]
               - [ 10, 27, 2 ]
               - [ 1, 52, 1 ]
               - [ 62, 106, 3 ]
               - [ 1, 72, 0 ]
               - [ 20, 112, 6 ]
               - [ 65, 17, 5 ]
               - [ 34, 113, 2 ]
         -
            width: 38
            height: 56
            tl_x: 50
            tl_y: 54
            pyramid_level: 1
            features:
               - [ 2, 20, 1 ]
               - [ 36, 17, 1 ]
               - [ 36, 45, 1 ]
               - [ 34, 25, 0 ]
               - [ 23, 3, 1 ]
               - [ 2, 43, 7 ]
               - [ 26, 53, 4 ]
               - [ 16, 9, 4 ]
               - [ 9, 55, 6 ]
               - [ 9, 10, 3 ]
               - [ 19, 55, 2 ]
               - [ 35, 10, 6 ]
   -
      template_id: 1
      templates:
         -
            width: 78
            height: 117
            tl_x: 100
            tl_y: 104
            pyramid_level: 0
            features:
               - [ 75, 92, 1 ]
               - [ 68, 55, 7 ]
               - [ 78, 79, 0 ]
               - [ 3, 46, 1 ]
               - [ 41, 12, 0 ]
               - [ 6, 91, 7 ]
               - [ 74, 67, 6 ]
               - [ 53, 12, 1 ]
               - [ 71, 33, 1 ]
               - [ 16, 25, 3 ]
               - [ 37, 24, 5 ]
               - [ 1, 60, 0 ]
               - [ 55, 0, 0 ]
               - [ 25, 117, 6 ]
               - [ 41, 115, 2 ]
               - [ 52, 109, 4 ]
               - [ 64, 109, 4 ]
               - [ 14, 106, 6 ]
               - [ 2, 76, 7 ]
               - [ 62, 19, 4 ]
         -
            width: 39
            height: 58
            tl_x: 50
            tl_y: 52
            pyramid_level: 1
            features:
               - [ 1, 25, 0 ]
               - [ 38, 44, 1 ]
               - [ 34, 22, 0 ]
               - [ 3, 45, 7 ]
               - [ 20, 58, 2 ]
               - [ 22, 2, 1 ]
               - [ 9, 12, 3 ]
               - [ 34, 11, 6 ]
               - [ 29, 54, 4 ]
               - [ 12, 58, 6 ]
               - [ 35, 30, 7 ]
   -
      template_id: 2
      templates:
         -
            width: 80
            height: 120
            tl_x: 100
            tl_y: 102
            pyramid_level: 0
            features:
               - [ 68, 55, 7 ]
               - [ 2, 52, 0 ]
               - [ 80, 75, 0 ]
               - [ 37, 15, 0 ]
               - [ 59, 19, 4 ]
               - [ 78, 90, 1 ]
               - [ 9, 96, 7 ]
               - [ 50, 0, 0 ]
               - [ 67, 39, 0 ]
               - [ 21, 113, 6 ]
               - [ 15, 28, 3 ]
               - [ 55, 110, 3 ]
               - [ 5, 40, 1 ]
               - [ 72, 106, 2 ]
               - [ 45, 118, 2 ]
               - [ 32, 26, 4 ]
               - [ 1, 68, 0 ]
               - [ 4, 82, 7 ]
               - [ 49, 13, 1 ]
               - [ 30, 120, 5 ]
         -
            width: 40
            height: 60
            tl_x: 50
            tl_y: 51
            pyramid_level: 1
            features:
               - [ 1, 26, 0 ]
               - [ 39, 45, 1 ]
               - [ 4, 47, 7 ]
               - [ 12, 13, 4 ]
               - [ 34, 17, 1 ]
               - [ 19, 5, 1 ]
               - [ 34, 27, 7 ]
               - [ 11, 57, 6 ]
               - [ 28, 55, 3 ]
               - [ 3, 19, 1 ]
               - [ 31, 10, 5 ]
   -
      template_id: 3
      templates:
         -
            width: 81
            height: 121
            tl_x: 100
            tl_y: 102
            pyramid_level: 0
            features:
               - [ 45, 0, 0 ]
               - [ 68, 54, 7 ]
               - [ 65, 43, 0 ]
               - [ 1, 60, 0 ]
               - [ 33, 17, 0 ]
               - [ 45, 12, 1 ]
               - [ 12, 98, 7 ]
               - [ 81, 80, 0 ]
               - [ 2, 49, 0 ]
               - [ 79, 96, 1 ]
               - [ 64, 21, 6 ]
               - [ 14, 29, 3 ]
               - [ 2, 71, 0 ]
               - [ 57, 110, 3 ]
               - [ 24, 113, 6 ]
               - [ 36, 121, 5 ]
               - [ 69, 106, 4 ]
               - [ 7, 88, 7 ]
               - [ 35, 4, 1 ]
               - [ 74, 62, 6 ]
               - [ 30, 27, 4 ]
         -
            width: 40
            height: 60
            tl_x: 50
            tl_y: 51
            pyramid_level: 1
            features:
               - [ 34, 27, 7 ]
               - [ 40, 44, 0 ]
               - [ 6, 49, 7 ]
               - [ 1, 25, 0 ]
               - [ 17, 4, 1 ]
               - [ 14, 58, 6 ]
               - [ 33, 15, 0 ]
               - [ 9, 14, 3 ]
               - [ 31, 54, 3 ]
               - [ 25, 59, 2 ]
               - [ 29, 9, 5 ]
   -
      template_id: 4
      templates:
         -
            width: 83
            height: 121
            tl_x: 100
            tl_y: 102
            pyramid_level: 0
            features:
               - [ 40, 0, 7 ]
               - [ 64, 42, 7 ]
               - [ 2, 68, 7 ]
               - [ 82, 68, 0 ]
               - [ 1, 56, 0 ]
               - [ 48, 17, 3 ]
               - [ 29, 10, 0 ]
               - [ 82, 92, 0 ]
               - [ 12, 31, 3 ]
               - [ 14, 98, 6 ]
               - [ 63, 29, 0 ]
               - [ 30, 115, 6 ]
               - [ 74, 59, 5 ]
               - [ 42, 121, 5 ]
               - [ 57, 113, 2 ]
               - [ 67, 105, 3 ]
               - [ 3, 43, 1 ]
               - [ 27, 28, 4 ]
               - [ 59, 18, 5 ]
               - [ 83, 79, 0 ]
               - [ 21, 107, 6 ]
         -
            width: 41
            height: 60
            tl_x: 50
            tl_y: 51
            pyramid_level: 1
            features:
               - [ 7, 49, 6 ]
               - [ 32, 21, 7 ]
               - [ 41, 45, 0 ]
               - [ 1, 24, 0 ]
               - [ 15, 3, 1 ]
               - [ 16, 58, 5 ]
               - [ 29, 56, 2 ]
               - [ 11, 14, 4 ]
               - [ 29, 9, 5 ]
               - [ 38, 30, 5 ]
   -
      template_id: 5
      templates:
         -
            width: 84
            height: 120
            tl_x: 100
            tl_y: 102
            pyramid_level: 0
            features:
               - [ 66, 48, 7 ]
               - [ 2, 68, 0 ]
               - [ 35, 1, 7 ]
               - [ 84, 75, 0 ]
               - [ 20, 103, 6 ]
               - [ 45, 16, 3 ]
               - [ 25, 8, 0 ]
               - [ 76, 57, 5 ]
               - [ 7, 36, 2 ]
               - [ 34, 115, 5 ]
               - [ 26, 20, 7 ]
               - [ 61, 35, 0 ]
               - [ 1, 50, 0 ]
               - [ 46, 120, 5 ]
               - [ 84, 92, 1 ]
               - [ 63, 109, 1 ]
               - [ 74, 101, 3 ]
               - [ 12, 92, 7 ]
               - [ 19, 30, 3 ]
               - [ 56, 17, 5 ]
         -
            width: 42
            height: 60
            tl_x: 50
            tl_y: 51
            pyramid_level: 1
            features:
               - [ 42, 38, 0 ]
               - [ 1, 33, 0 ]
               - [ 33, 24, 7 ]
               - [ 20, 59, 5 ]
               - [ 8, 49, 6 ]
               - [ 30, 13, 0 ]
               - [ 32, 54, 2 ]
               - [ 18, 3, 0 ]
               - [ 9, 15, 3 ]
               - [ 1, 23, 1 ]
   -
      template_id: 6
      templates:
         -
