%YAML:1.0
---
class_id: "back0warp122.png"
pyramid_levels: 2
template_pyramids:
   -
      template_id: 0
      templates:
         -
            width: 62
            height: 102
            tl_x: 100
            tl_y: 108
            pyramid_level: 0
            features:
               - [ 48, 1, 1 ]
               - [ 1, 70, 1 ]
               - [ 53, 81, 1 ]
               - [ 55, 39, 1 ]
               - [ 34, 15, 1 ]
               - [ 31, 25, 1 ]
               - [ 4, 61, 1 ]
               - [ 59, 69, 1 ]
               - [ 31, 98, 3 ]
               - [ 21, 42, 3 ]
               - [ 62, 22, 1 ]
               - [ 2, 96, 7 ]
               - [ 40, 94, 3 ]
               - [ 45, 12, 1 ]
               - [ 10, 51, 2 ]
               - [ 56, 14, 3 ]
               - [ 54, 52, 7 ]
               - [ 40, 3, 1 ]
               - [ 58, 31, 1 ]
               - [ 47, 90, 2 ]
         -
            width: 31
            height: 51
            tl_x: 50
            tl_y: 54
            pyramid_level: 1
            features:
               - [ 1, 33, 1 ]
               - [ 9, 22, 3 ]
               - [ 28, 18, 1 ]
               - [ 25, 43, 2 ]
               - [ 13, 51, 2 ]
               - [ 1, 48, 7 ]
               - [ 29, 36, 1 ]
               - [ 18, 5, 1 ]
               - [ 28, 7, 3 ]
               - [ 4, 27, 1 ]
   -
      template_id: 1
      templates:
         -
            width: 60
            height: 104
            tl_x: 102
            tl_y: 112
            pyramid_level: 0
            features:
               - [ 41, 1, 1 ]
               - [ 52, 33, 1 ]
               - [ 33, 94, 2 ]
               - [ 29, 11, 1 ]
               - [ 56, 69, 1 ]
               - [ 52, 79, 1 ]
               - [ 8, 49, 1 ]
               - [ 18, 39, 2 ]
               - [ 1, 69, 0 ]
               - [ 55, 22, 1 ]
               - [ 3, 92, 7 ]
               - [ 46, 87, 2 ]
               - [ 27, 21, 0 ]
               - [ 51, 8, 3 ]
               - [ 52, 45, 7 ]
               - [ 60, 57, 1 ]
               - [ 14, 104, 5 ]
               - [ 38, 12, 1 ]
               - [ 3, 60, 1 ]
               - [ 26, 101, 2 ]
         -
            width: 30
            height: 52
            tl_x: 51
            tl_y: 56
            pyramid_level: 1
            features:
               - [ 26, 17, 0 ]
               - [ 29, 32, 1 ]
               - [ 1, 32, 1 ]
               - [ 20, 45, 3 ]
               - [ 2, 47, 7 ]
               - [ 10, 19, 3 ]
               - [ 15, 4, 1 ]
               - [ 24, 5, 3 ]
               - [ 26, 39, 1 ]
               - [ 4, 25, 1 ]
               - [ 14, 49, 2 ]
   -
      template_id: 2
      templates:
         -
            width: 58
            height: 113
            tl_x: 104
            tl_y: 104
            pyramid_level: 0
            features:
               - [ 25, 15, 1 ]
               - [ 35, 8, 0 ]
               - [ 49, 39, 0 ]
               - [ 1, 79, 0 ]
               - [ 58, 68, 1 ]
               - [ 54, 81, 1 ]
               - [ 37, 100, 2 ]
               - [ 53, 21, 1 ]
               - [ 6, 60, 1 ]
               - [ 50, 90, 1 ]
               - [ 29, 109, 2 ]
               - [ 40, 19, 2 ]
               - [ 16, 48, 2 ]
               - [ 5, 102, 7 ]
               - [ 23, 25, 0 ]
               - [ 49, 48, 7 ]
               - [ 16, 113, 5 ]
               - [ 54, 56, 5 ]
               - [ 2, 71, 1 ]
               - [ 30, 1, 1 ]
               - [ 44, 96, 3 ]
               - [ 47, 14, 3 ]
         -
            width: 29
            height: 56
            tl_x: 52
            tl_y: 52
            pyramid_level: 1
            features:
               - [ 26, 12, 1 ]
               - [ 27, 41, 1 ]
               - [ 29, 34, 1 ]
               - [ 3, 30, 1 ]
               - [ 20, 49, 3 ]
               - [ 8, 24, 2 ]
               - [ 15, 54, 2 ]
               - [ 12, 9, 1 ]
               - [ 25, 25, 7 ]
               - [ 1, 36, 0 ]
   -
      template_id: 3
      templates:
         -
            width: 58
            height: 106
            tl_x: 106
            tl_y: 110
            pyramid_level: 0
            features:
               - [ 29, 0, 0 ]
               - [ 20, 7, 0 ]
               - [ 8, 49, 2 ]
               - [ 48, 13, 1 ]
               - [ 37, 95, 2 ]
               - [ 2, 65, 0 ]
               - [ 32, 102, 1 ]
               - [ 4, 57, 1 ]
               - [ 53, 78, 1 ]
               - [ 56, 64, 0 ]
               - [ 35, 12, 2 ]
               - [ 46, 36, 0 ]
               - [ 46, 24, 0 ]
               - [ 6, 96, 7 ]
               - [ 18, 39, 2 ]
               - [ 58, 52, 0 ]
               - [ 15, 106, 5 ]
               - [ 19, 26, 0 ]
               - [ 48, 45, 7 ]
               - [ 19, 14, 0 ]
               - [ 43, 90, 2 ]
               - [ 28, 13, 0 ]
               - [ 22, 0, 1 ]
               - [ 1, 72, 0 ]
               - [ 40, 7, 3 ]
               - [ 26, 29, 1 ]
         -
            width: 29
            height: 53
            tl_x: 53
            tl_y: 55
            pyramid_level: 1
            features:
               - [ 27, 37, 1 ]
               - [ 1, 33, 0 ]
               - [ 23, 18, 0 ]
               - [ 16, 51, 1 ]
               - [ 6, 22, 2 ]
               - [ 24, 7, 0 ]
               - [ 5, 51, 6 ]
               - [ 10, 3, 1 ]
               - [ 29, 28, 0 ]
               - [ 23, 44, 2 ]
   -
      template_id: 4
      templates:
         -
            width: 54
            height: 114
            tl_x: 110
            tl_y: 104
            pyramid_level: 0
            features:
               - [ 51, 83, 1 ]
               - [ 33, 107, 1 ]
               - [ 41, 16, 0 ]
               - [ 0, 85, 0 ]
               - [ 40, 35, 0 ]
               - [ 21, 8, 0 ]
               - [ 28, 17, 1 ]
               - [ 12, 22, 0 ]
               - [ 4, 57, 1 ]
               - [ 0, 70, 0 ]
               - [ 53, 72, 0 ]
               - [ 54, 62, 0 ]
               - [ 42, 95, 2 ]
               - [ 8, 106, 6 ]
               - [ 13, 34, 0 ]
               - [ 14, 45, 2 ]
               - [ 20, 114, 4 ]
               - [ 44, 49, 6 ]
               - [ 40, 25, 0 ]
               - [ 15, 1, 1 ]
         -
            width: 27
            height: 57
            tl_x: 55
            tl_y: 52
            pyramid_level: 1
            features:
               - [ 20, 14, 0 ]
               - [ 27, 31, 0 ]
               - [ 26, 39, 0 ]
               - [ 1, 31, 1 ]
               - [ 18, 51, 1 ]
               - [ 6, 9, 0 ]
               - [ 22, 47, 2 ]
               - [ 21, 22, 7 ]
               - [ 15, 7, 2 ]
               - [ 0, 35, 0 ]
               - [ 25, 43, 1 ]
               - [ 3, 27, 2 ]
               - [ 11, 5, 0 ]
   -
      template_id: 5
      templates:
         -
            width: 54
            height: 110
            tl_x: 110
            tl_y: 108
            pyramid_level: 0
            features:
               - [ 16, 0, 7 ]
               - [ 11, 30, 7 ]
               - [ 3, 84, 7 ]
               - [ 9, 47, 2 ]
               - [ 39, 33, 7 ]
               - [ 37, 103, 1 ]
               - [ 53, 78, 1 ]
               - [ 9, 10, 0 ]
               - [ 4, 55, 1 ]
               - [ 43, 92, 2 ]
               - [ 2, 63, 0 ]
               - [ 16, 106, 6 ]
               - [ 24, 14, 1 ]
               - [ 38, 10, 0 ]
               - [ 54, 49, 0 ]
               - [ 1, 73, 0 ]
               - [ 43, 43, 6 ]
               - [ 24, 110, 5 ]
               - [ 54, 60, 0 ]
               - [ 11, 101, 6 ]
               - [ 48, 87, 2 ]
               - [ 28, 8, 2 ]
         -
            width: 27
            height: 55
            tl_x: 55
            tl_y: 54
            pyramid_level: 1
            features:
               - [ 1, 32, 0 ]
               - [ 27, 36, 0 ]
               - [ 19, 13, 0 ]
               - [ 5, 23, 2 ]
               - [ 19, 50, 1 ]
               - [ 8, 53, 6 ]
