%YAML:1.0
---
class_id: "back0warp4.png"
pyramid_levels: 2
template_pyramids:
   -
      template_id: 0
      templates:
         -
            width: 88
            height: 78
            tl_x: 100
            tl_y: 100
            pyramid_level: 0
            features:
               - [ 70, 24, 5 ]
               - [ 45, 62, 5 ]
               - [ 26, 3, 5 ]
               - [ 60, 72, 6 ]
               - [ 69, 78, 5 ]
               - [ 25, 55, 5 ]
               - [ 79, 53, 7 ]
               - [ 8, 36, 7 ]
               - [ 37, 9, 5 ]
               - [ 56, 7, 5 ]
               - [ 17, 48, 6 ]
               - [ 2, 24, 7 ]
               - [ 88, 63, 6 ]
               - [ 34, 58, 5 ]
               - [ 7, 1, 3 ]
               - [ 80, 37, 3 ]
               - [ 86, 76, 2 ]
               - [ 49, 13, 5 ]
               - [ 62, 20, 5 ]
               - [ 77, 29, 6 ]
               - [ 53, 67, 5 ]
               - [ 1, 7, 1 ]
         -
            width: 44
            height: 39
            tl_x: 50
            tl_y: 50
            pyramid_level: 1
            features:
               - [ 27, 34, 6 ]
               - [ 17, 29, 5 ]
               - [ 33, 11, 5 ]
               - [ 4, 18, 7 ]
               - [ 14, 2, 5 ]
               - [ 40, 27, 6 ]
               - [ 9, 25, 6 ]
               - [ 44, 37, 2 ]
               - [ 26, 3, 4 ]
               - [ 33, 38, 5 ]
   -
      template_id: 1
      templates:
         -
            width: 95
            height: 73
            tl_x: 98
            tl_y: 102
            pyramid_level: 0
            features:
               - [ 72, 73, 5 ]
               - [ 81, 47, 6 ]
               - [ 49, 60, 5 ]
               - [ 25, 3, 5 ]
               - [ 93, 58, 6 ]
               - [ 12, 40, 6 ]
               - [ 72, 21, 5 ]
               - [ 60, 16, 5 ]
               - [ 58, 5, 5 ]
               - [ 36, 8, 5 ]
               - [ 27, 54, 5 ]
               - [ 38, 57, 4 ]
               - [ 4, 28, 7 ]
               - [ 60, 66, 5 ]
               - [ 15, 1, 4 ]
               - [ 2, 6, 1 ]
               - [ 80, 33, 3 ]
               - [ 89, 72, 2 ]
               - [ 49, 11, 4 ]
               - [ 80, 26, 6 ]
               - [ 50, 4, 4 ]
               - [ 21, 50, 6 ]
               - [ 1, 21, 7 ]
               - [ 95, 65, 1 ]
         -
            width: 47
            height: 36
            tl_x: 49
            tl_y: 51
            pyramid_level: 1
            features:
               - [ 6, 20, 6 ]
               - [ 16, 3, 5 ]
               - [ 30, 33, 5 ]
               - [ 21, 29, 5 ]
               - [ 35, 10, 5 ]
               - [ 41, 24, 6 ]
               - [ 12, 26, 6 ]
               - [ 26, 2, 4 ]
               - [ 3, 16, 7 ]
               - [ 11, 1, 5 ]
               - [ 35, 36, 5 ]
   -
      template_id: 2
      templates:
         -
            width: 98
            height: 67
            tl_x: 98
            tl_y: 106
            pyramid_level: 0
            features:
               - [ 48, 0, 4 ]
               - [ 68, 14, 5 ]
               - [ 16, 0, 4 ]
               - [ 32, 53, 5 ]
               - [ 63, 61, 5 ]
               - [ 51, 56, 5 ]
               - [ 80, 20, 5 ]
               - [ 75, 67, 5 ]
               - [ 10, 37, 6 ]
               - [ 36, 6, 5 ]
               - [ 2, 26, 7 ]
               - [ 22, 48, 6 ]
               - [ 90, 47, 6 ]
               - [ 58, 11, 5 ]
               - [ 80, 38, 6 ]
               - [ 1, 4, 2 ]
               - [ 91, 65, 2 ]
               - [ 98, 55, 1 ]
               - [ 25, 2, 5 ]
               - [ 42, 54, 4 ]
         -
            width: 49
            height: 33
            tl_x: 49
            tl_y: 53
            pyramid_level: 1
            features:
               - [ 34, 7, 5 ]
               - [ 20, 27, 4 ]
               - [ 15, 2, 5 ]
               - [ 44, 23, 6 ]
               - [ 10, 23, 6 ]
               - [ 3, 16, 6 ]
               - [ 37, 33, 5 ]
               - [ 25, 0, 4 ]
               - [ 28, 29, 5 ]
               - [ 47, 31, 2 ]
   -
      template_id: 3
      templates:
         -
            width: 100
            height: 65
            tl_x: 94
            tl_y: 106
            pyramid_level: 0
            features:
               - [ 47, 1, 3 ]
               - [ 29, 5, 5 ]
               - [ 69, 12, 5 ]
               - [ 16, 3, 4 ]
               - [ 78, 15, 5 ]
               - [ 84, 65, 5 ]
               - [ 36, 54, 5 ]
               - [ 87, 38, 6 ]
               - [ 75, 62, 5 ]
               - [ 100, 46, 5 ]
               - [ 58, 56, 5 ]
               - [ 24, 48, 6 ]
               - [ 13, 39, 6 ]
               - [ 4, 28, 7 ]
               - [ 3, 8, 2 ]
               - [ 83, 23, 2 ]
               - [ 99, 60, 2 ]
               - [ 59, 5, 2 ]
               - [ 67, 59, 5 ]
               - [ 0, 16, 0 ]
         -
            width: 50
            height: 32
            tl_x: 47
            tl_y: 53
            pyramid_level: 1
            features:
               - [ 29, 28, 5 ]
               - [ 12, 2, 4 ]
               - [ 48, 22, 5 ]
               - [ 38, 31, 5 ]
               - [ 6, 19, 6 ]
               - [ 12, 24, 6 ]
               - [ 38, 7, 5 ]
               - [ 50, 29, 2 ]
               - [ 25, 0, 4 ]
               - [ 18, 27, 5 ]
   -
      template_id: 4
      templates:
         -
            width: 102
            height: 62
            tl_x: 96
            tl_y: 106
            pyramid_level: 0
            features:
               - [ 43, 1, 3 ]
               - [ 67, 11, 5 ]
               - [ 24, 7, 4 ]
               - [ 84, 62, 4 ]
               - [ 58, 10, 4 ]
               - [ 55, 55, 4 ]
               - [ 14, 6, 4 ]
               - [ 84, 34, 6 ]
               - [ 73, 59, 5 ]
               - [ 33, 55, 4 ]
               - [ 21, 49, 5 ]
               - [ 99, 42, 5 ]
               - [ 11, 42, 6 ]
               - [ 0, 30, 7 ]
               - [ 34, 9, 4 ]
               - [ 1, 10, 2 ]
               - [ 80, 15, 5 ]
               - [ 78, 26, 0 ]
               - [ 65, 57, 5 ]
               - [ 47, 55, 4 ]
               - [ 102, 50, 1 ]
         -
            width: 51
            height: 31
            tl_x: 48
            tl_y: 53
            pyramid_level: 1
            features:
               - [ 30, 28, 5 ]
               - [ 47, 20, 5 ]
               - [ 38, 30, 5 ]
               - [ 13, 26, 5 ]
               - [ 35, 6, 5 ]
               - [ 9, 3, 4 ]
               - [ 1, 16, 6 ]
               - [ 50, 27, 1 ]
               - [ 23, 0, 3 ]
               - [ 19, 28, 4 ]
   -
      template_id: 5
      templates:
         -
            width: 108
            height: 59
            tl_x: 92
            tl_y: 106
            pyramid_level: 0
            features:
               - [ 44, 2, 3 ]
               - [ 71, 10, 4 ]
               - [ 13, 10, 3 ]
               - [ 90, 59, 4 ]
               - [ 89, 32, 5 ]
               - [ 33, 10, 4 ]
               - [ 101, 37, 5 ]
               - [ 67, 55, 4 ]
               - [ 79, 57, 5 ]
               - [ 17, 46, 6 ]
               - [ 37, 56, 5 ]
               - [ 6, 37, 6 ]
               - [ 54, 55, 4 ]
               - [ 1, 17, 1 ]
               - [ 83, 18, 2 ]
               - [ 105, 51, 1 ]
               - [ 56, 4, 1 ]
               - [ 46, 12, 4 ]
               - [ 22, 9, 4 ]
               - [ 108, 42, 0 ]
         -
            width: 54
            height: 29
            tl_x: 46
            tl_y: 53
            pyramid_level: 1
            features:
               - [ 35, 5, 4 ]
               - [ 42, 29, 4 ]
               - [ 24, 28, 4 ]
               - [ 14, 26, 5 ]
               - [ 15, 5, 4 ]
               - [ 7, 22, 6 ]
               - [ 45, 16, 5 ]
               - [ 30, 27, 4 ]
               - [ 24, 0, 3 ]
               - [ 37, 28, 4 ]
               - [ 19, 28, 4 ]
   -
      template_id: 6
      templates:
         -
