%YAML:1.0
---
class_id: "back0warp134.png"
pyramid_levels: 2
template_pyramids:
   -
      template_id: 0
      templates:
         -
            width: 60
            height: 90
            tl_x: 100
            tl_y: 112
            pyramid_level: 0
            features:
               - [ 1, 85, 7 ]
               - [ 53, 63, 1 ]
               - [ 60, 49, 1 ]
               - [ 5, 58, 1 ]
               - [ 38, 6, 1 ]
               - [ 60, 17, 1 ]
               - [ 11, 48, 2 ]
               - [ 25, 36, 3 ]
               - [ 32, 21, 1 ]
               - [ 54, 8, 2 ]
               - [ 1, 70, 1 ]
               - [ 38, 78, 3 ]
               - [ 18, 41, 2 ]
               - [ 48, 1, 1 ]
               - [ 24, 90, 2 ]
               - [ 56, 27, 1 ]
               - [ 46, 73, 2 ]
               - [ 55, 38, 7 ]
               - [ 32, 82, 2 ]
               - [ 45, 9, 1 ]
               - [ 38, 26, 2 ]
         -
            width: 30
            height: 45
            tl_x: 50
            tl_y: 56
            pyramid_level: 1
            features:
               - [ 11, 19, 2 ]
               - [ 16, 41, 2 ]
               - [ 1, 33, 1 ]
               - [ 28, 14, 1 ]
               - [ 29, 27, 1 ]
               - [ 24, 35, 2 ]
               - [ 1, 43, 7 ]
               - [ 27, 4, 3 ]
               - [ 18, 4, 1 ]
               - [ 5, 25, 2 ]
   -
      template_id: 1
      templates:
         -
            width: 57
            height: 100
            tl_x: 104
            tl_y: 106
            pyramid_level: 0
            features:
               - [ 5, 61, 1 ]
               - [ 43, 79, 2 ]
               - [ 55, 57, 1 ]
               - [ 1, 94, 7 ]
               - [ 26, 94, 2 ]
               - [ 50, 69, 1 ]
               - [ 19, 44, 2 ]
               - [ 39, 12, 1 ]
               - [ 31, 11, 1 ]
               - [ 57, 13, 1 ]
               - [ 53, 23, 1 ]
               - [ 50, 34, 0 ]
               - [ 27, 23, 1 ]
               - [ 1, 71, 1 ]
               - [ 36, 1, 1 ]
               - [ 9, 54, 2 ]
               - [ 35, 85, 2 ]
               - [ 54, 45, 4 ]
               - [ 21, 100, 2 ]
               - [ 50, 10, 3 ]
         -
            width: 28
            height: 50
            tl_x: 52
            tl_y: 53
            pyramid_level: 1
            features:
               - [ 13, 47, 2 ]
               - [ 0, 38, 0 ]
               - [ 27, 30, 1 ]
               - [ 7, 24, 2 ]
               - [ 25, 17, 0 ]
               - [ 24, 36, 1 ]
               - [ 27, 10, 1 ]
               - [ 2, 49, 6 ]
               - [ 15, 6, 1 ]
               - [ 17, 43, 2 ]
               - [ 4, 28, 1 ]
               - [ 11, 21, 2 ]
               - [ 24, 6, 3 ]
   -
      template_id: 2
      templates:
         -
            width: 55
            height: 98
            tl_x: 106
            tl_y: 108
            pyramid_level: 0
            features:
               - [ 31, 88, 2 ]
               - [ 21, 39, 2 ]
               - [ 5, 59, 1 ]
               - [ 55, 48, 1 ]
               - [ 41, 10, 2 ]
               - [ 47, 71, 1 ]
               - [ 3, 94, 7 ]
               - [ 50, 15, 1 ]
               - [ 24, 16, 1 ]
               - [ 10, 50, 2 ]
               - [ 51, 61, 1 ]
               - [ 24, 98, 2 ]
               - [ 40, 79, 2 ]
               - [ 47, 27, 0 ]
               - [ 1, 72, 0 ]
               - [ 29, 1, 1 ]
               - [ 47, 36, 7 ]
               - [ 0, 81, 0 ]
               - [ 22, 28, 0 ]
               - [ 33, 12, 1 ]
         -
            width: 27
            height: 49
            tl_x: 53
            tl_y: 54
            pyramid_level: 1
            features:
               - [ 27, 26, 1 ]
               - [ 24, 11, 1 ]
               - [ 25, 32, 1 ]
               - [ 14, 46, 2 ]
               - [ 2, 31, 1 ]
               - [ 7, 23, 2 ]
               - [ 12, 7, 1 ]
               - [ 21, 4, 2 ]
               - [ 17, 42, 2 ]
               - [ 23, 16, 0 ]
   -
      template_id: 3
      templates:
         -
            width: 52
            height: 101
            tl_x: 108
            tl_y: 106
            pyramid_level: 0
            features:
               - [ 31, 92, 1 ]
               - [ 7, 56, 1 ]
               - [ 46, 11, 1 ]
               - [ 3, 67, 1 ]
               - [ 45, 75, 1 ]
               - [ 52, 53, 1 ]
               - [ 50, 62, 1 ]
               - [ 19, 21, 0 ]
               - [ 21, 10, 1 ]
               - [ 17, 43, 2 ]
               - [ 2, 87, 0 ]
               - [ 35, 12, 1 ]
               - [ 7, 100, 6 ]
               - [ 44, 21, 0 ]
               - [ 24, 0, 1 ]
               - [ 38, 83, 2 ]
               - [ 26, 101, 2 ]
               - [ 45, 38, 7 ]
               - [ 19, 29, 0 ]
               - [ 1, 79, 0 ]
               - [ 43, 29, 0 ]
         -
            width: 26
            height: 50
            tl_x: 54
            tl_y: 53
            pyramid_level: 1
            features:
               - [ 26, 27, 1 ]
               - [ 15, 47, 1 ]
               - [ 22, 11, 0 ]
               - [ 3, 29, 1 ]
               - [ 1, 36, 0 ]
               - [ 7, 23, 2 ]
               - [ 22, 38, 2 ]
               - [ 10, 6, 1 ]
               - [ 19, 4, 2 ]
               - [ 9, 11, 0 ]
   -
      template_id: 4
      templates:
         -
            width: 49
            height: 104
            tl_x: 112
            tl_y: 106
            pyramid_level: 0
            features:
               - [ 32, 89, 1 ]
               - [ 43, 74, 1 ]
               - [ 5, 98, 7 ]
               - [ 47, 61, 0 ]
               - [ 4, 57, 1 ]
               - [ 49, 46, 0 ]
               - [ 1, 87, 0 ]
               - [ 39, 8, 0 ]
               - [ 29, 9, 2 ]
               - [ 10, 47, 2 ]
               - [ 27, 100, 1 ]
               - [ 1, 68, 1 ]
               - [ 13, 28, 0 ]
               - [ 14, 9, 0 ]
               - [ 21, 1, 0 ]
               - [ 38, 30, 0 ]
               - [ 21, 14, 0 ]
               - [ 45, 39, 3 ]
               - [ 48, 54, 0 ]
               - [ 38, 15, 0 ]
               - [ 0, 75, 0 ]
         -
            width: 24
            height: 52
            tl_x: 56
            tl_y: 53
            pyramid_level: 1
            features:
               - [ 24, 27, 0 ]
               - [ 2, 29, 1 ]
               - [ 0, 39, 0 ]
               - [ 17, 43, 1 ]
               - [ 19, 8, 0 ]
               - [ 22, 36, 1 ]
               - [ 6, 52, 5 ]
               - [ 6, 10, 0 ]
               - [ 11, 3, 0 ]
               - [ 19, 14, 0 ]
   -
      template_id: 5
      templates:
         -
            width: 47
            height: 99
            tl_x: 114
            tl_y: 112
            pyramid_level: 0
            features:
               - [ 34, 81, 1 ]
               - [ 44, 64, 1 ]
               - [ 3, 84, 7 ]
               - [ 1, 62, 0 ]
               - [ 23, 4, 1 ]
               - [ 46, 55, 0 ]
               - [ 47, 38, 0 ]
               - [ 9, 95, 6 ]
               - [ 10, 39, 2 ]
               - [ 3, 53, 1 ]
               - [ 39, 72, 1 ]
               - [ 9, 0, 0 ]
               - [ 31, 90, 1 ]
               - [ 9, 21, 0 ]
               - [ 34, 21, 0 ]
               - [ 33, 3, 0 ]
               - [ 1, 76, 0 ]
               - [ 37, 29, 6 ]
               - [ 8, 8, 0 ]
               - [ 16, 8, 0 ]
               - [ 16, 99, 4 ]
               - [ 17, 25, 1 ]
         -
            width: 23
            height: 49
            tl_x: 57
            tl_y: 56
            pyramid_level: 1
            features:
               - [ 23, 27, 0 ]
               - [ 16, 43, 1 ]
               - [ 3, 23, 1 ]
               - [ 17, 10, 0 ]
               - [ 19, 37, 1 ]
               - [ 0, 34, 0 ]
               - [ 17, 3, 0 ]
               - [ 4, 4, 0 ]
               - [ 1, 28, 1 ]
               - [ 22, 32, 1 ]
               - [ 12, 1, 2 ]
   -
      template_id: 6
      templates:
         -
