%YAML:1.0
---
class_id: "back0warp16.png"
pyramid_levels: 2
template_pyramids:
   -
      template_id: 0
      templates:
         -
            width: 87
            height: 88
            tl_x: 102
            tl_y: 100
            pyramid_level: 0
            features:
               - [ 64, 18, 5 ]
               - [ 42, 72, 5 ]
               - [ 25, 2, 5 ]
               - [ 66, 88, 5 ]
               - [ 74, 24, 6 ]
               - [ 76, 54, 7 ]
               - [ 36, 8, 5 ]
               - [ 1, 33, 7 ]
               - [ 0, 11, 1 ]
               - [ 24, 67, 5 ]
               - [ 48, 1, 3 ]
               - [ 11, 53, 6 ]
               - [ 8, 1, 3 ]
               - [ 82, 62, 6 ]
               - [ 53, 79, 5 ]
               - [ 57, 10, 3 ]
               - [ 73, 43, 0 ]
               - [ 78, 88, 3 ]
               - [ 87, 79, 2 ]
               - [ 57, 1, 5 ]
               - [ 78, 35, 3 ]
         -
            width: 43
            height: 44
            tl_x: 51
            tl_y: 50
            pyramid_level: 1
            features:
               - [ 26, 39, 6 ]
               - [ 0, 15, 7 ]
               - [ 37, 12, 6 ]
               - [ 5, 26, 6 ]
               - [ 41, 31, 6 ]
               - [ 12, 1, 5 ]
               - [ 13, 34, 5 ]
               - [ 0, 5, 1 ]
               - [ 43, 40, 2 ]
               - [ 37, 24, 7 ]
   -
      template_id: 1
      templates:
         -
            width: 96
            height: 86
            tl_x: 98
            tl_y: 100
            pyramid_level: 0
            features:
               - [ 82, 26, 6 ]
               - [ 1, 15, 1 ]
               - [ 35, 8, 5 ]
               - [ 74, 86, 5 ]
               - [ 48, 72, 5 ]
               - [ 48, 1, 3 ]
               - [ 60, 78, 5 ]
               - [ 22, 3, 5 ]
               - [ 61, 15, 5 ]
               - [ 4, 37, 7 ]
               - [ 28, 68, 5 ]
               - [ 16, 56, 6 ]
               - [ 1, 26, 0 ]
               - [ 84, 56, 6 ]
               - [ 9, 4, 3 ]
               - [ 77, 41, 0 ]
               - [ 61, 4, 0 ]
               - [ 96, 69, 1 ]
               - [ 38, 70, 4 ]
               - [ 10, 48, 7 ]
         -
            width: 48
            height: 43
            tl_x: 49
            tl_y: 50
            pyramid_level: 1
            features:
               - [ 8, 28, 6 ]
               - [ 24, 36, 5 ]
               - [ 2, 18, 7 ]
               - [ 35, 9, 5 ]
               - [ 13, 2, 5 ]
               - [ 40, 25, 7 ]
               - [ 35, 42, 5 ]
               - [ 1, 6, 1 ]
               - [ 45, 40, 2 ]
               - [ 14, 34, 5 ]
               - [ 40, 17, 2 ]
   -
      template_id: 2
      templates:
         -
            width: 99
            height: 83
            tl_x: 96
            tl_y: 100
            pyramid_level: 0
            features:
               - [ 50, 0, 4 ]
               - [ 65, 15, 5 ]
               - [ 82, 23, 6 ]
               - [ 23, 6, 4 ]
               - [ 77, 83, 5 ]
               - [ 83, 48, 6 ]
               - [ 94, 58, 6 ]
               - [ 53, 72, 5 ]
               - [ 19, 59, 6 ]
               - [ 33, 70, 5 ]
               - [ 4, 38, 7 ]
               - [ 1, 18, 1 ]
               - [ 36, 10, 5 ]
               - [ 7, 8, 3 ]
               - [ 65, 77, 5 ]
               - [ 10, 48, 7 ]
               - [ 99, 69, 1 ]
               - [ 78, 38, 0 ]
               - [ 1, 28, 0 ]
               - [ 58, 7, 1 ]
         -
            width: 49
            height: 41
            tl_x: 48
            tl_y: 50
            pyramid_level: 1
            features:
               - [ 15, 4, 5 ]
               - [ 26, 36, 5 ]
               - [ 9, 29, 6 ]
               - [ 3, 21, 7 ]
               - [ 34, 8, 5 ]
               - [ 47, 29, 6 ]
               - [ 38, 41, 5 ]
               - [ 1, 8, 1 ]
               - [ 40, 16, 1 ]
               - [ 17, 35, 5 ]
               - [ 47, 39, 2 ]
   -
      template_id: 3
      templates:
         -
            width: 103
            height: 81
            tl_x: 94
            tl_y: 100
            pyramid_level: 0
            features:
               - [ 78, 18, 5 ]
               - [ 49, 0, 3 ]
               - [ 58, 72, 4 ]
               - [ 29, 10, 5 ]
               - [ 96, 54, 5 ]
               - [ 65, 14, 4 ]
               - [ 1, 30, 7 ]
               - [ 85, 45, 6 ]
               - [ 84, 81, 4 ]
               - [ 71, 76, 5 ]
               - [ 24, 63, 6 ]
               - [ 40, 72, 4 ]
               - [ 6, 12, 2 ]
               - [ 7, 44, 7 ]
               - [ 19, 8, 4 ]
               - [ 56, 8, 2 ]
               - [ 80, 36, 0 ]
               - [ 103, 65, 1 ]
               - [ 98, 75, 2 ]
               - [ 17, 57, 6 ]
               - [ 1, 21, 0 ]
               - [ 83, 26, 2 ]
         -
            width: 51
            height: 40
            tl_x: 47
            tl_y: 50
            pyramid_level: 1
            features:
               - [ 32, 7, 4 ]
               - [ 29, 36, 4 ]
               - [ 4, 23, 7 ]
               - [ 44, 24, 6 ]
               - [ 15, 5, 5 ]
               - [ 38, 39, 5 ]
               - [ 15, 34, 6 ]
               - [ 1, 9, 1 ]
               - [ 51, 34, 1 ]
               - [ 39, 9, 5 ]
               - [ 22, 36, 4 ]
   -
      template_id: 4
      templates:
         -
            width: 104
            height: 78
            tl_x: 94
            tl_y: 100
            pyramid_level: 0
            features:
               - [ 78, 17, 5 ]
               - [ 46, 0, 3 ]
               - [ 95, 49, 5 ]
               - [ 61, 13, 4 ]
               - [ 87, 78, 4 ]
               - [ 25, 12, 4 ]
               - [ 42, 73, 4 ]
               - [ 0, 35, 7 ]
               - [ 58, 71, 4 ]
               - [ 25, 65, 6 ]
               - [ 7, 48, 6 ]
               - [ 72, 74, 5 ]
               - [ 15, 57, 6 ]
               - [ 38, 6, 1 ]
               - [ 5, 15, 3 ]
               - [ 82, 39, 6 ]
               - [ 104, 62, 1 ]
               - [ 99, 73, 1 ]
               - [ 53, 7, 1 ]
               - [ 69, 14, 5 ]
         -
            width: 52
            height: 39
            tl_x: 47
            tl_y: 50
            pyramid_level: 1
            features:
               - [ 13, 6, 4 ]
               - [ 6, 27, 6 ]
               - [ 34, 7, 5 ]
               - [ 32, 36, 4 ]
               - [ 45, 23, 5 ]
               - [ 16, 35, 5 ]
               - [ 0, 11, 1 ]
               - [ 52, 31, 1 ]
               - [ 40, 38, 5 ]
               - [ 24, 36, 4 ]
               - [ 40, 13, 1 ]
               - [ 27, 2, 0 ]
   -
      template_id: 5
      templates:
         -
            width: 107
            height: 75
            tl_x: 92
            tl_y: 100
            pyramid_level: 0
            features:
               - [ 77, 15, 5 ]
               - [ 99, 46, 5 ]
               - [ 44, 1, 3 ]
               - [ 1, 39, 7 ]
               - [ 86, 39, 6 ]
               - [ 30, 68, 5 ]
               - [ 31, 15, 4 ]
               - [ 92, 75, 4 ]
               - [ 70, 71, 4 ]
               - [ 62, 12, 4 ]
               - [ 7, 49, 6 ]
               - [ 19, 14, 4 ]
               - [ 59, 71, 4 ]
               - [ 18, 60, 6 ]
               - [ 45, 74, 4 ]
               - [ 2, 22, 1 ]
               - [ 79, 29, 0 ]
               - [ 107, 59, 1 ]
               - [ 82, 73, 5 ]
               - [ 102, 71, 2 ]
         -
            width: 53
            height: 37
            tl_x: 46
            tl_y: 50
            pyramid_level: 1
            features:
               - [ 47, 22, 5 ]
               - [ 38, 36, 4 ]
               - [ 15, 34, 5 ]
               - [ 31, 6, 4 ]
               - [ 27, 36, 3 ]
               - [ 0, 17, 0 ]
               - [ 11, 7, 4 ]
               - [ 53, 31, 1 ]
               - [ 40, 12, 1 ]
               - [ 4, 25, 6 ]
   -
      template_id: 6
      templates:
         -
            width: 110
            height: 72
