%YAML:1.0
---
class_id: "back0warp44.png"
pyramid_levels: 2
template_pyramids:
   -
      template_id: 0
      templates:
         -
            width: 98
            height: 106
            tl_x: 100
            tl_y: 100
            pyramid_level: 0
            features:
               - [ 53, 18, 1 ]
               - [ 26, 24, 3 ]
               - [ 70, 1, 3 ]
               - [ 9, 36, 2 ]
               - [ 89, 38, 1 ]
               - [ 68, 16, 2 ]
               - [ 84, 21, 5 ]
               - [ 3, 48, 1 ]
               - [ 86, 101, 2 ]
               - [ 98, 82, 1 ]
               - [ 96, 67, 6 ]
               - [ 86, 51, 7 ]
               - [ 44, 106, 3 ]
               - [ 15, 100, 6 ]
               - [ 1, 71, 0 ]
               - [ 55, 103, 4 ]
               - [ 71, 105, 5 ]
               - [ 5, 84, 7 ]
               - [ 45, 24, 4 ]
               - [ 92, 93, 2 ]
         -
            width: 49
            height: 53
            tl_x: 50
            tl_y: 50
            pyramid_level: 1
            features:
               - [ 13, 12, 3 ]
               - [ 10, 52, 6 ]
               - [ 22, 53, 3 ]
               - [ 49, 41, 1 ]
               - [ 2, 23, 1 ]
               - [ 3, 43, 7 ]
               - [ 44, 20, 1 ]
               - [ 32, 2, 3 ]
               - [ 42, 51, 2 ]
               - [ 32, 52, 4 ]
               - [ 40, 10, 4 ]
   -
      template_id: 1
      templates:
         -
            width: 100
            height: 111
            tl_x: 100
            tl_y: 100
            pyramid_level: 0
            features:
               - [ 70, 19, 4 ]
               - [ 84, 19, 5 ]
               - [ 100, 78, 1 ]
               - [ 50, 17, 1 ]
               - [ 97, 63, 5 ]
               - [ 21, 104, 6 ]
               - [ 24, 26, 3 ]
               - [ 5, 45, 1 ]
               - [ 64, 0, 3 ]
               - [ 1, 63, 0 ]
               - [ 75, 103, 4 ]
               - [ 85, 44, 0 ]
               - [ 57, 103, 3 ]
               - [ 40, 111, 3 ]
               - [ 89, 99, 2 ]
               - [ 10, 92, 6 ]
               - [ 91, 28, 2 ]
               - [ 3, 77, 7 ]
               - [ 35, 25, 4 ]
               - [ 15, 31, 2 ]
               - [ 96, 88, 1 ]
               - [ 29, 110, 6 ]
         -
            width: 50
            height: 55
            tl_x: 50
            tl_y: 50
            pyramid_level: 1
            features:
               - [ 10, 14, 3 ]
               - [ 50, 39, 1 ]
               - [ 38, 9, 4 ]
               - [ 1, 27, 0 ]
               - [ 27, 52, 3 ]
               - [ 9, 51, 6 ]
               - [ 2, 40, 7 ]
               - [ 43, 25, 7 ]
               - [ 39, 52, 4 ]
               - [ 29, 2, 2 ]
   -
      template_id: 2
      templates:
         -
            width: 100
            height: 112
            tl_x: 102
            tl_y: 100
            pyramid_level: 0
            features:
               - [ 66, 17, 3 ]
               - [ 45, 15, 0 ]
               - [ 17, 30, 3 ]
               - [ 0, 67, 0 ]
               - [ 56, 0, 2 ]
               - [ 60, 102, 3 ]
               - [ 83, 46, 7 ]
               - [ 31, 26, 4 ]
               - [ 3, 47, 1 ]
               - [ 84, 18, 5 ]
               - [ 100, 73, 1 ]
               - [ 24, 107, 5 ]
               - [ 83, 33, 1 ]
               - [ 84, 100, 3 ]
               - [ 95, 59, 5 ]
               - [ 93, 92, 1 ]
               - [ 10, 94, 6 ]
               - [ 3, 81, 7 ]
               - [ 46, 110, 2 ]
               - [ 62, 8, 1 ]
               - [ 0, 58, 0 ]
               - [ 75, 16, 4 ]
               - [ 32, 112, 5 ]
               - [ 40, 26, 4 ]
         -
            width: 50
            height: 56
            tl_x: 51
            tl_y: 50
            pyramid_level: 1
            features:
               - [ 15, 13, 4 ]
               - [ 0, 29, 0 ]
               - [ 38, 8, 4 ]
               - [ 26, 53, 3 ]
               - [ 42, 24, 7 ]
               - [ 13, 54, 5 ]
               - [ 47, 45, 1 ]
               - [ 24, 4, 1 ]
               - [ 2, 42, 7 ]
               - [ 4, 19, 2 ]
               - [ 38, 50, 4 ]
   -
      template_id: 3
      templates:
         -
            width: 101
            height: 112
            tl_x: 102
            tl_y: 98
            pyramid_level: 0
            features:
               - [ 61, 18, 3 ]
               - [ 16, 34, 3 ]
               - [ 1, 73, 0 ]
               - [ 77, 16, 5 ]
               - [ 53, 0, 3 ]
               - [ 41, 21, 0 ]
               - [ 81, 31, 0 ]
               - [ 88, 99, 3 ]
               - [ 3, 51, 1 ]
               - [ 62, 104, 3 ]
               - [ 101, 71, 0 ]
               - [ 29, 111, 5 ]
               - [ 82, 45, 7 ]
               - [ 32, 29, 4 ]
               - [ 98, 84, 1 ]
               - [ 91, 55, 5 ]
               - [ 52, 111, 2 ]
               - [ 12, 97, 6 ]
               - [ 45, 8, 1 ]
               - [ 4, 84, 7 ]
         -
            width: 50
            height: 56
            tl_x: 51
            tl_y: 49
            pyramid_level: 1
            features:
               - [ 50, 38, 1 ]
               - [ 15, 56, 5 ]
               - [ 1, 27, 1 ]
               - [ 13, 15, 3 ]
               - [ 41, 50, 4 ]
               - [ 28, 54, 2 ]
               - [ 34, 8, 4 ]
               - [ 3, 44, 7 ]
               - [ 41, 22, 7 ]
               - [ 22, 5, 1 ]
   -
      template_id: 4
      templates:
         -
            width: 102
            height: 116
            tl_x: 102
            tl_y: 98
            pyramid_level: 0
            features:
               - [ 58, 17, 3 ]
               - [ 38, 19, 0 ]
               - [ 3, 79, 7 ]
               - [ 67, 102, 3 ]
               - [ 14, 37, 2 ]
               - [ 47, 1, 2 ]
               - [ 2, 57, 0 ]
               - [ 25, 32, 3 ]
               - [ 97, 89, 1 ]
               - [ 32, 112, 5 ]
               - [ 75, 14, 5 ]
               - [ 96, 53, 5 ]
               - [ 79, 26, 1 ]
               - [ 102, 66, 0 ]
               - [ 82, 44, 7 ]
               - [ 85, 97, 4 ]
               - [ 56, 111, 2 ]
               - [ 16, 101, 6 ]
               - [ 9, 92, 7 ]
               - [ 1, 67, 0 ]
               - [ 101, 76, 0 ]
               - [ 42, 116, 5 ]
               - [ 37, 29, 3 ]
         -
            width: 51
            height: 58
            tl_x: 51
            tl_y: 49
            pyramid_level: 1
            features:
               - [ 50, 40, 1 ]
               - [ 12, 16, 3 ]
               - [ 1, 29, 0 ]
               - [ 40, 49, 4 ]
               - [ 16, 56, 5 ]
               - [ 20, 5, 1 ]
               - [ 33, 7, 3 ]
               - [ 6, 48, 6 ]
               - [ 47, 26, 5 ]
               - [ 39, 16, 0 ]
   -
      template_id: 5
      templates:
         -
            width: 101
            height: 114
            tl_x: 104
            tl_y: 98
            pyramid_level: 0
            features:
               - [ 53, 16, 3 ]
               - [ 33, 23, 0 ]
               - [ 35, 8, 1 ]
               - [ 13, 38, 3 ]
               - [ 74, 25, 0 ]
               - [ 69, 100, 3 ]
               - [ 37, 114, 5 ]
               - [ 3, 83, 7 ]
               - [ 67, 12, 4 ]
               - [ 94, 49, 4 ]
               - [ 1, 56, 1 ]
               - [ 93, 91, 2 ]
               - [ 78, 40, 6 ]
               - [ 0, 70, 0 ]
               - [ 21, 106, 6 ]
               - [ 100, 75, 0 ]
               - [ 59, 110, 2 ]
               - [ 101, 61, 0 ]
               - [ 46, 1, 7 ]
               - [ 9, 94, 6 ]
         -
            width: 50
            height: 57
            tl_x: 52
            tl_y: 49
            pyramid_level: 1
            features:
               - [ 0, 31, 0 ]
               - [ 37, 12, 0 ]
               - [ 19, 57, 5 ]
               - [ 13, 16, 3 ]
               - [ 39, 48, 3 ]
               - [ 50, 37, 0 ]
               - [ 8, 51, 6 ]
               - [ 45, 24, 5 ]
