%YAML:1.0
---
class_id: "back0warp66.png"
pyramid_levels: 2
template_pyramids:
   -
      template_id: 0
      templates:
         -
            width: 93
            height: 114
            tl_x: 100
            tl_y: 104
            pyramid_level: 0
            features:
               - [ 1, 50, 1 ]
               - [ 51, 13, 1 ]
               - [ 8, 31, 2 ]
               - [ 92, 39, 2 ]
               - [ 5, 82, 7 ]
               - [ 67, 22, 3 ]
               - [ 21, 107, 6 ]
               - [ 33, 21, 5 ]
               - [ 93, 78, 6 ]
               - [ 64, 114, 5 ]
               - [ 85, 52, 1 ]
               - [ 83, 23, 5 ]
               - [ 61, 0, 3 ]
               - [ 82, 114, 3 ]
               - [ 50, 110, 4 ]
               - [ 1, 67, 0 ]
               - [ 12, 96, 7 ]
               - [ 93, 100, 1 ]
               - [ 32, 114, 4 ]
               - [ 53, 26, 4 ]
         -
            width: 46
            height: 57
            tl_x: 50
            tl_y: 52
            pyramid_level: 1
            features:
               - [ 1, 23, 1 ]
               - [ 45, 21, 2 ]
               - [ 19, 11, 5 ]
               - [ 10, 53, 6 ]
               - [ 32, 57, 5 ]
               - [ 2, 39, 7 ]
               - [ 43, 34, 7 ]
               - [ 28, 2, 2 ]
               - [ 46, 51, 1 ]
               - [ 39, 11, 4 ]
               - [ 8, 12, 3 ]
   -
      template_id: 1
      templates:
         -
            width: 100
            height: 117
            tl_x: 100
            tl_y: 102
            pyramid_level: 0
            features:
               - [ 6, 37, 1 ]
               - [ 48, 12, 1 ]
               - [ 20, 106, 6 ]
               - [ 6, 85, 7 ]
               - [ 1, 51, 0 ]
               - [ 92, 35, 2 ]
               - [ 69, 22, 4 ]
               - [ 74, 116, 5 ]
               - [ 54, 112, 4 ]
               - [ 37, 117, 4 ]
               - [ 97, 78, 6 ]
               - [ 35, 25, 4 ]
               - [ 58, 0, 3 ]
               - [ 84, 55, 0 ]
               - [ 16, 27, 3 ]
               - [ 99, 93, 1 ]
               - [ 49, 28, 4 ]
               - [ 87, 113, 2 ]
               - [ 2, 72, 0 ]
               - [ 82, 23, 5 ]
         -
            width: 50
            height: 58
            tl_x: 50
            tl_y: 51
            pyramid_level: 1
            features:
               - [ 3, 42, 7 ]
               - [ 11, 54, 6 ]
               - [ 43, 23, 1 ]
               - [ 1, 24, 1 ]
               - [ 33, 57, 5 ]
               - [ 24, 6, 1 ]
               - [ 39, 11, 4 ]
               - [ 50, 45, 1 ]
               - [ 14, 12, 4 ]
               - [ 44, 56, 2 ]
   -
      template_id: 2
      templates:
         -
            width: 102
            height: 118
            tl_x: 100
            tl_y: 102
            pyramid_level: 0
            features:
               - [ 1, 66, 0 ]
               - [ 43, 21, 0 ]
               - [ 3, 44, 1 ]
               - [ 68, 20, 4 ]
               - [ 42, 118, 4 ]
               - [ 10, 91, 7 ]
               - [ 29, 112, 6 ]
               - [ 89, 33, 1 ]
               - [ 21, 27, 4 ]
               - [ 47, 6, 1 ]
               - [ 76, 113, 5 ]
               - [ 84, 45, 0 ]
               - [ 58, 112, 4 ]
               - [ 97, 73, 6 ]
               - [ 81, 21, 5 ]
               - [ 90, 111, 2 ]
               - [ 63, 0, 0 ]
               - [ 86, 61, 7 ]
               - [ 99, 96, 1 ]
               - [ 17, 101, 6 ]
         -
            width: 51
            height: 59
            tl_x: 50
            tl_y: 51
            pyramid_level: 1
            features:
               - [ 13, 55, 6 ]
               - [ 4, 44, 7 ]
               - [ 2, 21, 1 ]
               - [ 29, 56, 4 ]
               - [ 42, 23, 0 ]
               - [ 23, 4, 1 ]
               - [ 51, 44, 1 ]
               - [ 34, 10, 4 ]
               - [ 9, 14, 3 ]
               - [ 48, 36, 6 ]
               - [ 21, 59, 4 ]
   -
      template_id: 3
      templates:
         -
            width: 104
            height: 116
            tl_x: 100
            tl_y: 104
            pyramid_level: 0
            features:
               - [ 1, 61, 0 ]
               - [ 63, 17, 3 ]
               - [ 31, 110, 5 ]
               - [ 66, 108, 4 ]
               - [ 86, 29, 1 ]
               - [ 3, 43, 1 ]
               - [ 43, 3, 1 ]
               - [ 40, 20, 7 ]
               - [ 20, 27, 3 ]
               - [ 12, 91, 6 ]
               - [ 48, 116, 3 ]
               - [ 97, 66, 5 ]
               - [ 83, 46, 0 ]
               - [ 97, 102, 1 ]
               - [ 5, 78, 7 ]
               - [ 58, 1, 0 ]
               - [ 104, 83, 1 ]
               - [ 75, 16, 4 ]
               - [ 78, 108, 4 ]
               - [ 21, 102, 6 ]
         -
            width: 52
            height: 58
            tl_x: 50
            tl_y: 52
            pyramid_level: 1
            features:
               - [ 17, 56, 5 ]
               - [ 1, 23, 1 ]
               - [ 21, 3, 1 ]
               - [ 42, 17, 1 ]
               - [ 7, 47, 6 ]
               - [ 51, 45, 1 ]
               - [ 38, 54, 4 ]
               - [ 9, 14, 3 ]
               - [ 33, 8, 4 ]
               - [ 48, 33, 5 ]
   -
      template_id: 4
      templates:
         -
            width: 106
            height: 119
            tl_x: 100
            tl_y: 102
            pyramid_level: 0
            features:
               - [ 3, 74, 7 ]
               - [ 2, 49, 1 ]
               - [ 69, 109, 3 ]
               - [ 37, 114, 5 ]
               - [ 50, 119, 4 ]
               - [ 17, 32, 3 ]
               - [ 59, 18, 3 ]
               - [ 36, 19, 0 ]
               - [ 83, 29, 1 ]
               - [ 15, 96, 6 ]
               - [ 38, 7, 1 ]
               - [ 100, 65, 5 ]
               - [ 77, 17, 5 ]
               - [ 82, 46, 0 ]
               - [ 102, 97, 1 ]
               - [ 53, 1, 0 ]
               - [ 26, 107, 6 ]
               - [ 106, 81, 0 ]
               - [ 45, 27, 2 ]
               - [ 87, 56, 6 ]
         -
            width: 53
            height: 59
            tl_x: 50
            tl_y: 51
            pyramid_level: 1
            features:
               - [ 20, 58, 5 ]
               - [ 9, 16, 3 ]
               - [ 38, 54, 4 ]
               - [ 34, 8, 4 ]
               - [ 6, 46, 6 ]
               - [ 49, 32, 5 ]
               - [ 19, 4, 1 ]
               - [ 52, 45, 1 ]
               - [ 0, 29, 0 ]
               - [ 41, 23, 7 ]
   -
      template_id: 5
      templates:
         -
            width: 108
            height: 120
            tl_x: 100
            tl_y: 100
            pyramid_level: 0
            features:
               - [ 4, 79, 7 ]
               - [ 54, 20, 3 ]
               - [ 33, 24, 0 ]
               - [ 81, 25, 1 ]
               - [ 42, 117, 5 ]
               - [ 15, 37, 3 ]
               - [ 74, 109, 3 ]
               - [ 2, 52, 1 ]
               - [ 57, 120, 3 ]
               - [ 34, 9, 1 ]
               - [ 18, 101, 6 ]
               - [ 80, 42, 7 ]
               - [ 98, 62, 5 ]
               - [ 68, 16, 4 ]
               - [ 104, 98, 1 ]
               - [ 47, 0, 7 ]
               - [ 29, 110, 6 ]
               - [ 108, 74, 0 ]
               - [ 1, 67, 0 ]
               - [ 85, 53, 7 ]
               - [ 107, 86, 0 ]
         -
            width: 54
            height: 60
            tl_x: 50
            tl_y: 50
            pyramid_level: 1
            features:
               - [ 40, 15, 0 ]
               - [ 9, 18, 3 ]
               - [ 49, 31, 5 ]
               - [ 20, 58, 5 ]
               - [ 39, 54, 4 ]
               - [ 17, 5, 1 ]
               - [ 53, 45, 0 ]
               - [ 0, 31, 0 ]
               - [ 10, 51, 6 ]
               - [ 29, 9, 3 ]
   -
      template_id: 6
      templates:
         -
            width: 109
            height: 116
            tl_x: 100
            tl_y: 104
            pyramid_level: 0
