%YAML:1.0
---
class_id: "back0warp143.png"
pyramid_levels: 2
template_pyramids:
   -
      template_id: 0
      templates:
         -
            width: 74
            height: 85
            tl_x: 100
            tl_y: 100
            pyramid_level: 0
            features:
               - [ 68, 71, 7 ]
               - [ 38, 72, 5 ]
               - [ 56, 85, 5 ]
               - [ 2, 24, 7 ]
               - [ 8, 39, 7 ]
               - [ 61, 34, 6 ]
               - [ 23, 6, 6 ]
               - [ 24, 63, 6 ]
               - [ 74, 48, 7 ]
               - [ 17, 54, 6 ]
               - [ 68, 40, 6 ]
               - [ 30, 12, 6 ]
               - [ 69, 85, 3 ]
               - [ 13, 1, 5 ]
               - [ 43, 14, 1 ]
               - [ 58, 11, 5 ]
               - [ 1, 8, 1 ]
               - [ 56, 25, 3 ]
               - [ 45, 76, 6 ]
               - [ 62, 18, 1 ]
         -
            width: 37
            height: 42
            tl_x: 50
            tl_y: 50
            pyramid_level: 1
            features:
               - [ 14, 5, 6 ]
               - [ 10, 29, 6 ]
               - [ 19, 36, 5 ]
               - [ 2, 15, 7 ]
               - [ 32, 18, 6 ]
               - [ 34, 35, 7 ]
               - [ 27, 5, 4 ]
               - [ 1, 3, 1 ]
               - [ 25, 40, 6 ]
               - [ 6, 23, 7 ]
   -
      template_id: 1
      templates:
         -
            width: 76
            height: 80
            tl_x: 98
            tl_y: 104
            pyramid_level: 0
            features:
               - [ 62, 28, 5 ]
               - [ 71, 61, 7 ]
               - [ 54, 74, 5 ]
               - [ 31, 63, 6 ]
               - [ 43, 68, 5 ]
               - [ 74, 38, 6 ]
               - [ 28, 8, 5 ]
               - [ 21, 53, 6 ]
               - [ 6, 31, 7 ]
               - [ 1, 19, 7 ]
               - [ 12, 41, 7 ]
               - [ 17, 1, 5 ]
               - [ 64, 80, 5 ]
               - [ 76, 77, 2 ]
               - [ 48, 5, 3 ]
               - [ 1, 4, 1 ]
               - [ 61, 15, 1 ]
               - [ 36, 14, 6 ]
               - [ 75, 48, 3 ]
               - [ 58, 6, 5 ]
         -
            width: 38
            height: 40
            tl_x: 49
            tl_y: 52
            pyramid_level: 1
            features:
               - [ 14, 4, 6 ]
               - [ 5, 19, 7 ]
               - [ 11, 27, 6 ]
               - [ 27, 37, 6 ]
               - [ 31, 14, 5 ]
               - [ 18, 33, 5 ]
               - [ 36, 32, 7 ]
               - [ 28, 3, 5 ]
               - [ 1, 11, 7 ]
               - [ 7, 0, 5 ]
   -
      template_id: 2
      templates:
         -
            width: 80
            height: 74
            tl_x: 96
            tl_y: 106
            pyramid_level: 0
            features:
               - [ 27, 55, 6 ]
               - [ 24, 5, 5 ]
               - [ 13, 40, 6 ]
               - [ 44, 65, 4 ]
               - [ 3, 24, 7 ]
               - [ 63, 73, 5 ]
               - [ 80, 64, 6 ]
               - [ 74, 54, 7 ]
               - [ 71, 29, 6 ]
               - [ 58, 22, 5 ]
               - [ 35, 12, 6 ]
               - [ 8, 0, 4 ]
               - [ 55, 2, 4 ]
               - [ 78, 43, 3 ]
               - [ 0, 6, 1 ]
               - [ 48, 20, 5 ]
               - [ 34, 61, 6 ]
               - [ 80, 73, 2 ]
               - [ 60, 13, 1 ]
               - [ 16, 1, 5 ]
               - [ 42, 8, 1 ]
         -
            width: 40
            height: 37
            tl_x: 48
            tl_y: 53
            pyramid_level: 1
            features:
               - [ 9, 1, 5 ]
               - [ 24, 33, 5 ]
               - [ 15, 29, 6 ]
               - [ 2, 13, 7 ]
               - [ 36, 15, 6 ]
               - [ 38, 29, 7 ]
               - [ 26, 1, 4 ]
               - [ 9, 23, 6 ]
               - [ 16, 5, 5 ]
               - [ 32, 37, 5 ]
   -
      template_id: 3
      templates:
         -
            width: 85
            height: 72
            tl_x: 94
            tl_y: 106
            pyramid_level: 0
            features:
               - [ 56, 66, 5 ]
               - [ 29, 55, 6 ]
               - [ 70, 72, 5 ]
               - [ 77, 51, 7 ]
               - [ 65, 23, 5 ]
               - [ 14, 41, 6 ]
               - [ 38, 62, 5 ]
               - [ 19, 5, 5 ]
               - [ 1, 22, 7 ]
               - [ 41, 9, 0 ]
               - [ 77, 30, 6 ]
               - [ 28, 9, 5 ]
               - [ 8, 3, 4 ]
               - [ 85, 61, 6 ]
               - [ 54, 1, 4 ]
               - [ 80, 40, 2 ]
               - [ 57, 15, 3 ]
               - [ 0, 8, 1 ]
               - [ 46, 19, 5 ]
               - [ 5, 29, 7 ]
               - [ 46, 2, 3 ]
               - [ 61, 7, 0 ]
         -
            width: 42
            height: 36
            tl_x: 47
            tl_y: 53
            pyramid_level: 1
            features:
               - [ 8, 2, 5 ]
               - [ 28, 33, 5 ]
               - [ 14, 27, 6 ]
               - [ 5, 18, 6 ]
               - [ 40, 28, 6 ]
               - [ 37, 14, 6 ]
               - [ 24, 1, 3 ]
               - [ 35, 36, 5 ]
               - [ 30, 5, 1 ]
               - [ 39, 21, 1 ]
   -
      template_id: 4
      templates:
         -
            width: 89
            height: 69
            tl_x: 90
            tl_y: 106
            pyramid_level: 0
            features:
               - [ 62, 65, 5 ]
               - [ 75, 69, 5 ]
               - [ 63, 20, 5 ]
               - [ 46, 63, 5 ]
               - [ 82, 48, 7 ]
               - [ 25, 9, 5 ]
               - [ 4, 26, 7 ]
               - [ 89, 56, 6 ]
               - [ 35, 13, 5 ]
               - [ 34, 56, 5 ]
               - [ 20, 45, 6 ]
               - [ 84, 30, 6 ]
               - [ 14, 6, 4 ]
               - [ 73, 23, 5 ]
               - [ 10, 35, 6 ]
               - [ 50, 1, 4 ]
               - [ 62, 6, 0 ]
               - [ 49, 19, 4 ]
               - [ 43, 8, 0 ]
               - [ 1, 17, 0 ]
         -
            width: 44
            height: 34
            tl_x: 45
            tl_y: 53
            pyramid_level: 1
            features:
               - [ 4, 16, 6 ]
               - [ 33, 33, 5 ]
               - [ 14, 5, 5 ]
               - [ 17, 28, 5 ]
               - [ 39, 13, 5 ]
               - [ 42, 25, 7 ]
               - [ 24, 1, 3 ]
               - [ 26, 32, 4 ]
               - [ 7, 3, 4 ]
               - [ 31, 4, 0 ]
   -
      template_id: 5
      templates:
         -
            width: 91
            height: 67
            tl_x: 90
            tl_y: 106
            pyramid_level: 0
            features:
               - [ 79, 67, 5 ]
               - [ 41, 60, 5 ]
               - [ 63, 19, 4 ]
               - [ 83, 45, 7 ]
               - [ 18, 10, 4 ]
               - [ 8, 36, 6 ]
               - [ 91, 53, 5 ]
               - [ 67, 64, 4 ]
               - [ 20, 47, 6 ]
               - [ 53, 64, 4 ]
               - [ 26, 12, 5 ]
               - [ 80, 25, 5 ]
               - [ 35, 15, 5 ]
               - [ 32, 55, 5 ]
               - [ 6, 10, 3 ]
               - [ 54, 0, 4 ]
               - [ 0, 23, 7 ]
               - [ 83, 35, 2 ]
               - [ 56, 14, 2 ]
               - [ 40, 10, 0 ]
               - [ 47, 1, 3 ]
               - [ 59, 5, 0 ]
         -
            width: 45
            height: 33
            tl_x: 45
            tl_y: 53
            pyramid_level: 1
            features:
               - [ 34, 10, 5 ]
               - [ 13, 6, 5 ]
               - [ 38, 33, 5 ]
               - [ 12, 25, 6 ]
               - [ 5, 19, 6 ]
               - [ 29, 32, 4 ]
               - [ 45, 26, 6 ]
               - [ 25, 0, 4 ]
               - [ 23, 31, 5 ]
               - [ 29, 5, 1 ]
   -
      template_id: 6
      templates:
         -
            width: 95
            height: 64
            tl_x: 92
            tl_y: 106
            pyramid_level: 0
            features:
