%YAML:1.0
---
class_id: "back0warp121.png"
pyramid_levels: 2
template_pyramids:
   -
      template_id: 0
      templates:
         -
            width: 48
            height: 104
            tl_x: 100
            tl_y: 112
            pyramid_level: 0
            features:
               - [ 48, 59, 1 ]
               - [ 45, 68, 1 ]
               - [ 48, 19, 1 ]
               - [ 1, 96, 7 ]
               - [ 45, 28, 1 ]
               - [ 25, 18, 1 ]
               - [ 4, 60, 1 ]
               - [ 30, 3, 1 ]
               - [ 40, 81, 1 ]
               - [ 34, 12, 1 ]
               - [ 25, 96, 2 ]
               - [ 18, 104, 2 ]
               - [ 8, 51, 1 ]
               - [ 36, 88, 2 ]
               - [ 1, 70, 1 ]
               - [ 43, 36, 1 ]
               - [ 16, 42, 2 ]
               - [ 43, 51, 7 ]
               - [ 27, 11, 1 ]
               - [ 37, 0, 0 ]
         -
            width: 24
            height: 52
            tl_x: 50
            tl_y: 56
            pyramid_level: 1
            features:
               - [ 14, 47, 3 ]
               - [ 2, 30, 1 ]
               - [ 23, 12, 1 ]
               - [ 23, 33, 1 ]
               - [ 6, 23, 2 ]
               - [ 1, 49, 7 ]
               - [ 9, 52, 2 ]
               - [ 21, 21, 0 ]
               - [ 13, 6, 1 ]
               - [ 21, 6, 3 ]
   -
      template_id: 1
      templates:
         -
            width: 46
            height: 104
            tl_x: 102
            tl_y: 114
            pyramid_level: 0
            features:
               - [ 3, 60, 1 ]
               - [ 1, 70, 0 ]
               - [ 41, 24, 1 ]
               - [ 24, 1, 1 ]
               - [ 25, 96, 2 ]
               - [ 44, 13, 1 ]
               - [ 34, 11, 2 ]
               - [ 43, 70, 1 ]
               - [ 39, 82, 1 ]
               - [ 21, 12, 1 ]
               - [ 20, 104, 1 ]
               - [ 46, 58, 0 ]
               - [ 9, 46, 2 ]
               - [ 5, 100, 7 ]
               - [ 40, 31, 0 ]
               - [ 31, 91, 2 ]
               - [ 40, 45, 7 ]
               - [ 39, 38, 0 ]
               - [ 18, 37, 2 ]
               - [ 30, 2, 0 ]
               - [ 28, 12, 1 ]
               - [ 20, 18, 0 ]
               - [ 13, 41, 2 ]
         -
            width: 23
            height: 52
            tl_x: 51
            tl_y: 57
            pyramid_level: 1
            features:
               - [ 21, 10, 1 ]
               - [ 20, 16, 0 ]
               - [ 22, 33, 1 ]
               - [ 1, 32, 1 ]
               - [ 20, 40, 1 ]
               - [ 4, 24, 1 ]
               - [ 15, 46, 2 ]
               - [ 2, 49, 7 ]
               - [ 11, 3, 1 ]
               - [ 7, 20, 2 ]
               - [ 11, 50, 1 ]
   -
      template_id: 2
      templates:
         -
            width: 45
            height: 108
            tl_x: 104
            tl_y: 110
            pyramid_level: 0
            features:
               - [ 17, 10, 0 ]
               - [ 37, 27, 0 ]
               - [ 27, 100, 1 ]
               - [ 45, 60, 0 ]
               - [ 42, 77, 1 ]
               - [ 1, 79, 0 ]
               - [ 4, 58, 1 ]
               - [ 38, 89, 1 ]
               - [ 39, 15, 1 ]
               - [ 23, 108, 1 ]
               - [ 8, 106, 6 ]
               - [ 10, 47, 2 ]
               - [ 2, 67, 0 ]
               - [ 29, 14, 1 ]
               - [ 19, 1, 1 ]
               - [ 38, 48, 7 ]
               - [ 36, 37, 0 ]
               - [ 16, 28, 0 ]
               - [ 24, 9, 0 ]
               - [ 44, 67, 0 ]
               - [ 32, 95, 2 ]
               - [ 16, 17, 0 ]
               - [ 15, 41, 2 ]
         -
            width: 22
            height: 54
            tl_x: 52
            tl_y: 55
            pyramid_level: 1
            features:
               - [ 1, 34, 0 ]
               - [ 22, 33, 0 ]
               - [ 20, 42, 1 ]
               - [ 4, 25, 1 ]
               - [ 13, 51, 1 ]
               - [ 19, 11, 0 ]
               - [ 18, 18, 0 ]
               - [ 8, 6, 0 ]
               - [ 16, 5, 3 ]
               - [ 19, 23, 7 ]
   -
      template_id: 3
      templates:
         -
            width: 44
            height: 105
            tl_x: 106
            tl_y: 112
            pyramid_level: 0
            features:
               - [ 2, 80, 0 ]
               - [ 30, 96, 1 ]
               - [ 33, 33, 0 ]
               - [ 39, 86, 1 ]
               - [ 43, 68, 0 ]
               - [ 11, 105, 6 ]
               - [ 33, 23, 0 ]
               - [ 44, 53, 0 ]
               - [ 2, 62, 0 ]
               - [ 42, 76, 0 ]
               - [ 5, 51, 1 ]
               - [ 34, 11, 0 ]
               - [ 23, 13, 1 ]
               - [ 12, 4, 0 ]
               - [ 11, 20, 0 ]
               - [ 1, 71, 0 ]
               - [ 12, 40, 2 ]
               - [ 36, 45, 7 ]
               - [ 27, 103, 1 ]
               - [ 18, 0, 0 ]
               - [ 12, 27, 0 ]
         -
            width: 22
            height: 52
            tl_x: 53
            tl_y: 56
            pyramid_level: 1
            features:
               - [ 1, 31, 0 ]
               - [ 22, 29, 0 ]
               - [ 16, 47, 2 ]
               - [ 21, 38, 0 ]
               - [ 4, 23, 1 ]
               - [ 17, 19, 0 ]
               - [ 17, 7, 0 ]
               - [ 5, 7, 0 ]
               - [ 16, 13, 0 ]
               - [ 9, 2, 0 ]
   -
      template_id: 4
      templates:
         -
            width: 43
            height: 109
            tl_x: 108
            tl_y: 112
            pyramid_level: 0
            features:
               - [ 30, 33, 7 ]
               - [ 32, 95, 1 ]
               - [ 2, 79, 7 ]
               - [ 2, 57, 0 ]
               - [ 28, 107, 1 ]
               - [ 6, 9, 0 ]
               - [ 41, 82, 1 ]
               - [ 11, 102, 6 ]
               - [ 1, 66, 0 ]
               - [ 7, 23, 0 ]
               - [ 18, 13, 1 ]
               - [ 42, 51, 0 ]
               - [ 8, 43, 1 ]
               - [ 12, 1, 0 ]
               - [ 34, 44, 6 ]
               - [ 29, 15, 0 ]
               - [ 20, 109, 5 ]
               - [ 29, 26, 0 ]
               - [ 4, 50, 1 ]
               - [ 43, 58, 0 ]
         -
            width: 21
            height: 54
            tl_x: 54
            tl_y: 56
            pyramid_level: 1
            features:
               - [ 1, 29, 0 ]
               - [ 21, 38, 0 ]
               - [ 18, 45, 2 ]
               - [ 15, 17, 0 ]
               - [ 21, 28, 0 ]
               - [ 14, 9, 0 ]
               - [ 9, 54, 5 ]
               - [ 3, 8, 0 ]
               - [ 15, 51, 1 ]
               - [ 10, 4, 2 ]
   -
      template_id: 5
      templates:
         -
            width: 42
            height: 102
            tl_x: 110
            tl_y: 114
            pyramid_level: 0
            features:
               - [ 34, 92, 1 ]
               - [ 3, 79, 7 ]
               - [ 27, 31, 7 ]
               - [ 42, 63, 0 ]
               - [ 24, 17, 0 ]
               - [ 15, 102, 6 ]
               - [ 1, 11, 0 ]
               - [ 32, 101, 1 ]
               - [ 41, 80, 1 ]
               - [ 1, 55, 0 ]
               - [ 41, 52, 0 ]
               - [ 1, 68, 0 ]
               - [ 3, 22, 7 ]
               - [ 13, 10, 1 ]
               - [ 6, 0, 7 ]
               - [ 23, 7, 0 ]
               - [ 7, 39, 1 ]
               - [ 31, 40, 6 ]
               - [ 11, 28, 0 ]
               - [ 3, 47, 1 ]
         -
            width: 21
            height: 51
            tl_x: 55
            tl_y: 57
            pyramid_level: 1
            features:
               - [ 21, 33, 0 ]
               - [ 12, 8, 0 ]
               - [ 1, 25, 1 ]
               - [ 14, 17, 7 ]
               - [ 18, 44, 1 ]
               - [ 0, 4, 0 ]
               - [ 8, 2, 2 ]
               - [ 16, 50, 1 ]
               - [ 0, 31, 0 ]
               - [ 1, 10, 7 ]
   -
      template_id: 6
      templates:
         -
            width: 49
