%YAML:1.0
---
class_id: "back0warp85.png"
pyramid_levels: 2
template_pyramids:
   -
      template_id: 0
      templates:
         -
            width: 49
            height: 119
            tl_x: 100
            tl_y: 106
            pyramid_level: 0
            features:
               - [ 6, 108, 7 ]
               - [ 1, 61, 1 ]
               - [ 1, 87, 7 ]
               - [ 32, 21, 1 ]
               - [ 4, 48, 1 ]
               - [ 49, 98, 1 ]
               - [ 48, 39, 1 ]
               - [ 35, 12, 1 ]
               - [ 3, 98, 7 ]
               - [ 44, 51, 1 ]
               - [ 43, 71, 7 ]
               - [ 19, 119, 3 ]
               - [ 32, 0, 1 ]
               - [ 45, 109, 1 ]
               - [ 46, 80, 7 ]
               - [ 23, 26, 0 ]
               - [ 48, 27, 6 ]
               - [ 18, 35, 4 ]
               - [ 25, 16, 1 ]
               - [ 8, 40, 1 ]
               - [ 10, 116, 7 ]
               - [ 28, 7, 1 ]
               - [ 42, 63, 0 ]
         -
            width: 24
            height: 59
            tl_x: 50
            tl_y: 53
            pyramid_level: 1
            features:
               - [ 2, 51, 7 ]
               - [ 1, 28, 0 ]
               - [ 22, 26, 1 ]
               - [ 23, 53, 1 ]
               - [ 22, 37, 7 ]
               - [ 7, 18, 3 ]
               - [ 13, 6, 1 ]
               - [ 24, 14, 6 ]
               - [ 1, 46, 0 ]
               - [ 21, 31, 0 ]
               - [ 18, 5, 0 ]
   -
      template_id: 1
      templates:
         -
            width: 51
            height: 118
            tl_x: 100
            tl_y: 106
            pyramid_level: 0
            features:
               - [ 14, 116, 7 ]
               - [ 8, 104, 7 ]
               - [ 22, 13, 1 ]
               - [ 47, 35, 1 ]
               - [ 44, 69, 7 ]
               - [ 1, 68, 0 ]
               - [ 3, 85, 0 ]
               - [ 4, 47, 1 ]
               - [ 27, 118, 3 ]
               - [ 44, 46, 0 ]
               - [ 51, 101, 1 ]
               - [ 34, 24, 3 ]
               - [ 47, 114, 1 ]
               - [ 26, 1, 1 ]
               - [ 49, 80, 6 ]
               - [ 21, 23, 0 ]
               - [ 43, 58, 0 ]
               - [ 45, 25, 6 ]
               - [ 11, 37, 3 ]
               - [ 31, 11, 0 ]
               - [ 5, 94, 7 ]
               - [ 2, 56, 0 ]
         -
            width: 25
            height: 59
            tl_x: 50
            tl_y: 53
            pyramid_level: 1
            features:
               - [ 23, 19, 1 ]
               - [ 1, 28, 0 ]
               - [ 5, 54, 7 ]
               - [ 22, 34, 7 ]
               - [ 25, 52, 1 ]
               - [ 2, 45, 7 ]
               - [ 16, 59, 4 ]
               - [ 11, 6, 1 ]
               - [ 22, 12, 6 ]
               - [ 24, 39, 6 ]
               - [ 21, 29, 0 ]
   -
      template_id: 2
      templates:
         -
            width: 53
            height: 118
            tl_x: 102
            tl_y: 108
            pyramid_level: 0
            features:
               - [ 0, 67, 0 ]
               - [ 3, 84, 0 ]
               - [ 10, 103, 7 ]
               - [ 16, 11, 0 ]
               - [ 0, 54, 0 ]
               - [ 43, 66, 7 ]
               - [ 51, 105, 1 ]
               - [ 27, 118, 2 ]
               - [ 16, 113, 6 ]
               - [ 19, 0, 1 ]
               - [ 43, 31, 1 ]
               - [ 23, 20, 1 ]
               - [ 2, 44, 1 ]
               - [ 53, 94, 0 ]
               - [ 48, 75, 6 ]
               - [ 39, 116, 5 ]
               - [ 40, 49, 0 ]
               - [ 11, 35, 3 ]
               - [ 38, 20, 5 ]
               - [ 25, 7, 0 ]
               - [ 41, 40, 0 ]
         -
            width: 26
            height: 59
            tl_x: 51
            tl_y: 54
            pyramid_level: 1
            features:
               - [ 0, 29, 0 ]
               - [ 21, 18, 0 ]
               - [ 22, 34, 7 ]
               - [ 7, 55, 7 ]
               - [ 25, 54, 1 ]
               - [ 8, 5, 0 ]
               - [ 5, 18, 3 ]
               - [ 16, 10, 3 ]
               - [ 3, 47, 7 ]
               - [ 15, 58, 3 ]
   -
      template_id: 3
      templates:
         -
            width: 56
            height: 118
            tl_x: 102
            tl_y: 108
            pyramid_level: 0
            features:
               - [ 6, 87, 7 ]
               - [ 2, 72, 7 ]
               - [ 13, 102, 7 ]
               - [ 12, 13, 0 ]
               - [ 0, 51, 0 ]
               - [ 43, 62, 7 ]
               - [ 18, 110, 6 ]
               - [ 0, 61, 0 ]
               - [ 20, 1, 0 ]
               - [ 56, 95, 0 ]
               - [ 32, 118, 2 ]
               - [ 40, 34, 0 ]
               - [ 13, 25, 0 ]
               - [ 20, 19, 0 ]
               - [ 54, 109, 1 ]
               - [ 41, 114, 4 ]
               - [ 40, 48, 0 ]
               - [ 48, 71, 6 ]
               - [ 8, 37, 3 ]
               - [ 2, 43, 1 ]
               - [ 13, 5, 0 ]
               - [ 24, 117, 6 ]
               - [ 21, 11, 0 ]
         -
            width: 28
            height: 59
            tl_x: 51
            tl_y: 54
            pyramid_level: 1
            features:
               - [ 0, 29, 0 ]
               - [ 20, 17, 0 ]
               - [ 20, 25, 0 ]
               - [ 9, 55, 6 ]
               - [ 28, 48, 0 ]
               - [ 21, 57, 4 ]
               - [ 6, 6, 0 ]
               - [ 3, 19, 2 ]
               - [ 14, 10, 3 ]
               - [ 22, 32, 7 ]
   -
      template_id: 4
      templates:
         -
            width: 59
            height: 116
            tl_x: 102
            tl_y: 108
            pyramid_level: 0
            features:
               - [ 7, 84, 7 ]
               - [ 3, 73, 7 ]
               - [ 12, 95, 7 ]
               - [ 15, 0, 7 ]
               - [ 18, 104, 6 ]
               - [ 43, 60, 7 ]
               - [ 38, 116, 2 ]
               - [ 10, 25, 7 ]
               - [ 39, 46, 0 ]
               - [ 0, 58, 0 ]
               - [ 17, 13, 0 ]
               - [ 1, 45, 1 ]
               - [ 59, 99, 0 ]
               - [ 59, 83, 0 ]
               - [ 24, 112, 6 ]
               - [ 52, 71, 6 ]
               - [ 22, 22, 2 ]
               - [ 35, 20, 5 ]
               - [ 38, 37, 0 ]
               - [ 58, 108, 1 ]
               - [ 8, 11, 0 ]
         -
            width: 29
            height: 58
            tl_x: 51
            tl_y: 54
            pyramid_level: 1
            features:
               - [ 19, 16, 0 ]
               - [ 0, 27, 0 ]
               - [ 9, 52, 6 ]
               - [ 20, 25, 7 ]
               - [ 24, 56, 4 ]
               - [ 4, 7, 0 ]
               - [ 17, 10, 5 ]
               - [ 12, 56, 6 ]
               - [ 29, 53, 1 ]
               - [ 19, 58, 2 ]
               - [ 9, 6, 0 ]
   -
      template_id: 5
      templates:
         -
            width: 63
            height: 115
            tl_x: 102
            tl_y: 108
            pyramid_level: 0
            features:
               - [ 9, 84, 7 ]
               - [ 3, 71, 7 ]
               - [ 10, 1, 7 ]
               - [ 21, 103, 6 ]
               - [ 5, 17, 0 ]
               - [ 0, 58, 0 ]
               - [ 32, 114, 6 ]
               - [ 38, 45, 7 ]
               - [ 36, 31, 0 ]
               - [ 46, 62, 6 ]
               - [ 43, 115, 2 ]
               - [ 0, 47, 0 ]
               - [ 62, 84, 0 ]
               - [ 19, 22, 2 ]
               - [ 63, 95, 0 ]
               - [ 62, 106, 1 ]
               - [ 30, 18, 5 ]
               - [ 8, 38, 3 ]
               - [ 15, 95, 7 ]
               - [ 54, 69, 5 ]
         -
            width: 31
            height: 57
            tl_x: 51
            tl_y: 54
            pyramid_level: 1
            features:
               - [ 15, 56, 6 ]
               - [ 19, 22, 7 ]
               - [ 0, 29, 0 ]
               - [ 31, 43, 0 ]
               - [ 8, 48, 6 ]
               - [ 26, 55, 4 ]
               - [ 2, 6, 0 ]
