%YAML:1.0
---
class_id: "back0warp60.png"
pyramid_levels: 2
template_pyramids:
   -
      template_id: 0
      templates:
         -
            width: 62
            height: 118
            tl_x: 100
            tl_y: 106
            pyramid_level: 0
            features:
               - [ 61, 83, 1 ]
               - [ 60, 29, 1 ]
               - [ 42, 1, 1 ]
               - [ 50, 16, 3 ]
               - [ 59, 56, 7 ]
               - [ 57, 43, 0 ]
               - [ 5, 43, 1 ]
               - [ 1, 88, 7 ]
               - [ 57, 95, 1 ]
               - [ 11, 32, 2 ]
               - [ 25, 118, 3 ]
               - [ 37, 15, 0 ]
               - [ 36, 107, 2 ]
               - [ 22, 23, 3 ]
               - [ 4, 99, 7 ]
               - [ 1, 59, 0 ]
               - [ 13, 114, 6 ]
               - [ 49, 103, 4 ]
               - [ 60, 18, 6 ]
               - [ 49, 6, 1 ]
               - [ 34, 23, 4 ]
         -
            width: 31
            height: 59
            tl_x: 50
            tl_y: 53
            pyramid_level: 1
            features:
               - [ 29, 18, 0 ]
               - [ 30, 43, 1 ]
               - [ 2, 23, 1 ]
               - [ 1, 46, 7 ]
               - [ 14, 11, 4 ]
               - [ 21, 52, 3 ]
               - [ 31, 30, 7 ]
               - [ 20, 2, 1 ]
               - [ 28, 8, 5 ]
               - [ 14, 58, 2 ]
   -
      template_id: 1
      templates:
         -
            width: 64
            height: 119
            tl_x: 100
            tl_y: 104
            pyramid_level: 0
            features:
               - [ 56, 36, 0 ]
               - [ 56, 47, 7 ]
               - [ 63, 83, 1 ]
               - [ 19, 26, 3 ]
               - [ 8, 37, 1 ]
               - [ 34, 116, 2 ]
               - [ 43, 12, 1 ]
               - [ 4, 94, 7 ]
               - [ 45, 1, 0 ]
               - [ 59, 24, 1 ]
               - [ 60, 95, 1 ]
               - [ 4, 47, 1 ]
               - [ 46, 105, 3 ]
               - [ 10, 108, 7 ]
               - [ 2, 58, 0 ]
               - [ 20, 119, 6 ]
               - [ 30, 25, 4 ]
               - [ 34, 13, 0 ]
               - [ 54, 16, 5 ]
               - [ 59, 56, 7 ]
               - [ 1, 67, 0 ]
         -
            width: 32
            height: 59
            tl_x: 50
            tl_y: 52
            pyramid_level: 1
            features:
               - [ 32, 39, 0 ]
               - [ 28, 20, 0 ]
               - [ 17, 58, 2 ]
               - [ 3, 21, 1 ]
               - [ 10, 13, 3 ]
               - [ 4, 52, 7 ]
               - [ 25, 52, 3 ]
               - [ 17, 5, 1 ]
               - [ 31, 30, 6 ]
               - [ 26, 8, 4 ]
   -
      template_id: 2
      templates:
         -
            width: 63
            height: 121
            tl_x: 102
            tl_y: 104
            pyramid_level: 0
            features:
               - [ 52, 38, 0 ]
               - [ 63, 80, 0 ]
               - [ 61, 92, 1 ]
               - [ 31, 0, 1 ]
               - [ 54, 48, 7 ]
               - [ 6, 36, 1 ]
               - [ 53, 25, 0 ]
               - [ 37, 10, 1 ]
               - [ 1, 50, 0 ]
               - [ 5, 96, 7 ]
               - [ 60, 57, 6 ]
               - [ 40, 111, 2 ]
               - [ 15, 27, 3 ]
               - [ 50, 15, 5 ]
               - [ 0, 68, 0 ]
               - [ 50, 103, 3 ]
               - [ 15, 113, 6 ]
               - [ 25, 121, 5 ]
               - [ 28, 9, 0 ]
               - [ 35, 119, 2 ]
         -
            width: 31
            height: 60
            tl_x: 51
            tl_y: 52
            pyramid_level: 1
            features:
               - [ 27, 24, 7 ]
               - [ 31, 43, 0 ]
               - [ 3, 49, 7 ]
               - [ 1, 23, 1 ]
               - [ 19, 57, 1 ]
               - [ 9, 13, 3 ]
               - [ 14, 4, 0 ]
               - [ 8, 57, 6 ]
               - [ 26, 51, 3 ]
               - [ 23, 7, 4 ]
   -
      template_id: 3
      templates:
         -
            width: 65
            height: 122
            tl_x: 102
            tl_y: 102
            pyramid_level: 0
            features:
               - [ 50, 38, 7 ]
               - [ 53, 48, 7 ]
               - [ 50, 24, 0 ]
               - [ 64, 90, 0 ]
               - [ 27, 0, 1 ]
               - [ 4, 40, 1 ]
               - [ 1, 50, 0 ]
               - [ 33, 10, 0 ]
               - [ 11, 31, 3 ]
               - [ 9, 101, 7 ]
               - [ 24, 17, 0 ]
               - [ 48, 107, 2 ]
               - [ 39, 122, 2 ]
               - [ 65, 78, 0 ]
               - [ 0, 62, 0 ]
               - [ 44, 15, 4 ]
               - [ 59, 56, 5 ]
               - [ 17, 113, 6 ]
               - [ 26, 121, 5 ]
               - [ 20, 28, 4 ]
         -
            width: 32
            height: 61
            tl_x: 51
            tl_y: 51
            pyramid_level: 1
            features:
               - [ 25, 19, 0 ]
               - [ 1, 23, 1 ]
               - [ 32, 44, 0 ]
               - [ 14, 61, 5 ]
               - [ 6, 53, 7 ]
               - [ 12, 4, 0 ]
               - [ 23, 8, 5 ]
               - [ 23, 55, 2 ]
               - [ 7, 15, 3 ]
               - [ 30, 28, 6 ]
   -
      template_id: 4
      templates:
         -
            width: 66
            height: 123
            tl_x: 102
            tl_y: 102
            pyramid_level: 0
            features:
               - [ 51, 45, 7 ]
               - [ 66, 76, 0 ]
               - [ 20, 18, 0 ]
               - [ 47, 33, 0 ]
               - [ 66, 90, 0 ]
               - [ 27, 0, 7 ]
               - [ 0, 53, 0 ]
               - [ 2, 43, 1 ]
               - [ 12, 102, 7 ]
               - [ 33, 16, 2 ]
               - [ 47, 21, 0 ]
               - [ 48, 112, 1 ]
               - [ 8, 33, 2 ]
               - [ 0, 64, 0 ]
               - [ 59, 54, 5 ]
               - [ 2, 77, 0 ]
               - [ 57, 101, 3 ]
               - [ 36, 123, 5 ]
               - [ 22, 115, 6 ]
               - [ 20, 6, 0 ]
               - [ 17, 29, 3 ]
         -
            width: 33
            height: 61
            tl_x: 51
            tl_y: 51
            pyramid_level: 1
            features:
               - [ 0, 27, 0 ]
               - [ 24, 18, 7 ]
               - [ 33, 44, 0 ]
               - [ 24, 56, 1 ]
               - [ 7, 15, 3 ]
               - [ 9, 55, 6 ]
               - [ 10, 4, 0 ]
               - [ 19, 7, 4 ]
               - [ 17, 61, 5 ]
               - [ 28, 26, 6 ]
   -
      template_id: 5
      templates:
         -
            width: 68
            height: 122
            tl_x: 102
            tl_y: 102
            pyramid_level: 0
            features:
               - [ 50, 44, 7 ]
               - [ 45, 33, 7 ]
               - [ 67, 72, 0 ]
               - [ 22, 1, 7 ]
               - [ 16, 18, 7 ]
               - [ 29, 16, 2 ]
               - [ 1, 44, 1 ]
               - [ 43, 21, 0 ]
               - [ 51, 115, 1 ]
               - [ 15, 7, 0 ]
               - [ 55, 104, 1 ]
               - [ 68, 88, 0 ]
               - [ 16, 104, 6 ]
               - [ 7, 34, 2 ]
               - [ 57, 51, 5 ]
               - [ 0, 64, 0 ]
               - [ 3, 77, 7 ]
               - [ 32, 119, 5 ]
               - [ 39, 14, 5 ]
               - [ 15, 30, 3 ]
               - [ 61, 98, 2 ]
               - [ 40, 122, 5 ]
         -
            width: 34
            height: 61
            tl_x: 51
            tl_y: 51
            pyramid_level: 1
            features:
               - [ 34, 39, 0 ]
               - [ 23, 18, 7 ]
               - [ 26, 56, 1 ]
               - [ 0, 24, 0 ]
               - [ 14, 58, 6 ]
               - [ 5, 16, 3 ]
               - [ 12, 4, 0 ]
               - [ 0, 32, 0 ]
               - [ 28, 25, 5 ]
               - [ 31, 49, 2 ]
   -
      template_id: 6
      templates:
         -
            width: 72
            height: 116
            tl_x: 100
            tl_y: 106
